204 100 18.8842 18.9469 19.1568 19.2706 21.9199 27.6357 0.032871 0.000349753
296 100 22.7689 24.0473 24.0922 24.4033 26.2947 24.3213 0.0280765 0.000228049
524 100 30.0748 30.436 30.4437 30.8352 31.6794 30.6938 0.0263698 0.000194449
192 0 0 0 0 0 0 -1 0.00478721 0.000279108
648 100 23.2404 24.4369 24.9018 25.3643 25.6855 24.7258 0.060464 0.000251973
794 100 22.2841 22.9773 23.5036 24.0398 24.3136 23.4237 0.0297725 0.000120762
845 100 22 22.9005 22.9223 23.1974 23.4162 22.8873 0.0548037 0.000191279
456 100 25.0738 25.349 27.7337 28.0151 28.1582 26.866 0.0328436 0.000211692
194 100 20.5346 24.6898 25.1317 26.4275 27.5829 24.8733 0.047073 0.000323984
247 0 0 0 0 0 0 -1 0.00511816 0.000260405
311 100 18.8877 19.4411 20.9359 22.0567 22.3845 20.7412 0.0334663 0.000314059
201 60 21.9623 22.1077 22.1791 22.2225 22.5035 22.195 0.0194922 0.00035016
208 0 0 0 0 0 0 -1 0.00466528 0.000265749
300 100 18.8897 19.4464 20.0547 20.1637 20.1873 19.7483 0.0296714 0.000327905
225 100 27.8777 30.7711 34.4602 34.9963 35.4066 32.7024 0.0242918 0.000220453
215 100 26.2138 26.836 27.6824 27.9104 28.6581 27.4602 0.0318169 0.000315662
240 100 20.3491 21.2794 21.4818 21.6001 21.7597 21.294 0.0267076 0.000304538
235 100 21.0185 21.9532 22.4702 25.6619 26.9234 23.6055 0.0328926 0.000306229
232 100 20.9338 21.8821 24.021 25.1251 25.307 23.4538 0.0286606 0.000222203
183 0 0 0 0 0 0 -1 0.00484639 0.000301025
484 100 20.5066 20.6873 21.848 22.0287 22.4688 21.5079 0.029181 0.000305279
230 34 24.1489 25.4128 28.6266 30.1445 32.0453 28.0756 0.0115135 0.000311164
165 60 21.5262 22.2473 22.5038 22.8627 23.235 22.475 0.0215947 0.000327411
207 100 25.546 27.181 27.2751 27.3947 27.6747 27.0143 0.0232855 0.000300108
220 100 18.9413 20.5723 21.4553 22.1313 22.5243 21.1249 0.0341741 0.000306898
200 100 18.6834 18.9753 20.37 21.2417 21.4088 20.1359 0.0267604 0.000320556
236 100 21.8826 22.3768 25.5119 25.5869 26.006 24.2729 0.0156393 0.00024888
210 100 23.227 23.816 24.7422 25.1643 25.2011 24.4301 0.0267847 0.000280499
220 100 19.7784 20.2007 21.1729 21.3006 21.3029 20.7511 0.0307396 0.000230322
231 100 25.473 26.0979 27.6016 27.7109 28.3412 27.0449 0.0338754 0.000298985
201 78 25.2188 27.3764 27.9636 28.5463 28.821 27.5852 0.0234296 0.000251762
228 100 27.6212 28.2392 29.125 30.9502 31.0027 29.3877 0.0410107 0.000286924
233 100 21.0666 21.7416 21.9847 22.2612 22.6558 21.942 0.0314419 0.000239511
214 100 21.0384 21.1209 21.4544 22.0084 22.2449 21.5734 0.0283653 0.000229755
212 100 21.9661 21.9729 22.0483 22.0552 22.5922 22.1269 0.030873 0.000269917
250 100 21.2803 21.604 22.1696 24.0499 24.5578 22.7323 0.0325033 0.000352852
358 100 23.6282 24.4435 24.4799 25.9135 26.5747 25.008 0.0314792 0.000249984
227 100 19.6294 21.9848 23.805 23.8102 24.0497 22.6558 0.0294313 0.000333793
224 90 25.1149 25.3713 25.4044 26.0501 26.5894 25.706 0.0263621 0.000242261
235 100 19.4385 19.8438 21.9108 22.2729 22.2937 21.1519 0.0192662 0.000345225
217 100 22.4111 22.4833 23.6197 24.2998 24.3747 23.4377 0.0168271 0.000249402
209 100 21.5049 22.4614 24.9056 25.0536 25.1259 23.8103 0.0275725 0.000277222
222 100 21.1736 21.5121 23.1867 23.2588 23.4454 22.5153 0.0270113 0.000298836
207 0 0 0 0 0 0 -1 0.00489096 0.000247854
285 100 18.8902 20.6621 21.7226 23.1391 23.2525 21.5333 0.0367844 0.000304553
257 100 20.4967 20.8062 21.3269 21.7932 22.2009 21.3248 0.0303249 0.000229343
231 100 20.4941 23.6313 23.9537 24.0948 25.3986 23.5145 0.0409316 0.000233011
209 100 18.6397 18.9151 19.1568 19.445 19.7446 19.1802 0.0244714 0.000310873
242 100 21.1222 21.4114 21.4493 22.0772 22.2274 21.6575 0.0373237 0.000333189
219 100 24.9419 25.2518 25.4102 25.6297 25.6415 25.375 0.0331309 0.000237598
211 100 33.3248 33.6332 34.3493 34.5476 35.5811 34.2872 0.0428982 0.000260574
225 70 22.2159 22.3812 24.6904 25.524 27.8231 24.5269 0.0184025 0.000203827
219 39 24.2143 25.2789 26.7111 26.7456 29.1421 26.4184 0.0162428 0.00033886
659 100 22.8837 23.3591 23.4909 24.8021 25.5135 24.0099 0.0244326 0.00033435
219 100 22.0642 23.0114 23.9593 24.0297 24.8115 23.5752 0.0227659 0.000334633
207 100 22.2803 22.3793 22.7896 23.1781 23.5709 22.8396 0.0315088 0.000407466
246 100 22.8928 23.6305 25.7095 25.8425 26.2699 24.869 0.0392463 0.00036293
207 100 23.0505 23.9495 25.0711 25.4113 26.048 24.7061 0.0382218 0.000332189
277 100 21.4465 22.4605 22.5437 23.0481 23.0728 22.5143 0.0347385 0.000234928
229 100 23.7888 23.8164 25.106 25.1314 26.7971 24.9279 0.0391503 0.000275181
257 100 19.2615 20.2663 21.4953 21.898 22.598 21.1038 0.0294349 0.000238268
206 12 22.9033 23.4019 28.045 34.3561 39.4079 29.6229 0.0075431 0.000322589
233 100 20.0235 20.4139 20.8418 21.1682 23.8217 21.2538 0.041737 0.000302168
219 100 22.6565 23.2188 24.4063 24.941 24.9905 24.0426 0.0305524 0.000246183
245 96 21.9997 22.6691 23.5756 24.3818 25.8026 23.6857 0.0296068 0.000244258
223 0 0 0 0 0 0 -1 0.00477981 0.000332183
309 100 20.9627 21.1001 21.5221 22.0824 22.389 21.6113 0.0289664 0.000283285
209 35 22.6389 23.8565 25.561 27.1844 28.9124 25.6306 0.0186525 0.000320452
283 100 29.1089 29.5554 30.9106 31.7293 32.0708 30.675 0.035459 0.000200119
264 100 19.7629 20.3054 20.4423 20.985 21.2078 20.5407 0.0262675 0.000312837
205 0 0 0 0 0 0 -1 0.00557065 0.000362256
289 100 20.2009 20.5465 22.2258 22.3705 22.5693 21.5826 0.0283222 0.000299508
195 92 26.7466 28.7531 30.9755 32.7942 32.987 30.4513 0.0263519 0.000275666
204 31 26.8531 28.9687 29.0009 30.3382 31.1278 29.2577 0.0120939 0.000239408
198 62 18.8902 19.1596 19.4438 19.7735 19.9745 19.4483 0.016952 0.000251507
300 100 22.3344 22.833 24.0715 24.2652 26.4319 23.9872 0.028998 0.000153764
246 100 24.4944 25.4979 26.0893 26.3635 26.6459 25.8182 0.0341188 0.000261928
202 0 0 0 0 0 0 -1 0.00853246 0.000294216
316 100 20.586 21.1261 22.6726 24.383 26.0647 22.9665 0.0341729 0.000331093
238 100 22.7861 23.0551 23.5956 24.5744 24.6848 23.7392 0.0308556 0.000378037
270 100 19.2466 22.5799 23.069 23.8988 24.1196 22.5828 0.0249315 0.000315054
203 70 18.8902 19.4529 19.8517 19.9176 19.9235 19.6072 0.0319142 0.000319873
199 0 0 0 0 0 0 -1 0.00499263 0.000573202
283 100 25.833 26.071 26.3843 26.9051 27.1221 26.4631 0.019163 0.000230065
167 29 22.2163 25.998 26.6414 28.382 28.7446 26.3964 0.0139139 0.000374073
224 56 20.0611 20.0686 21.0584 21.0659 21.7602 20.8029 0.0230671 0.000345932
219 100 23.4758 23.5004 24.4309 24.4554 25.2136 24.2152 0.0261361 0.000239279
222 0 0 0 0 0 0 -1 0.00469354 0.000340267
305 100 25.5947 27.3661 30.0312 31.2079 31.5558 29.1512 0.0422752 0.00026868
493 100 19.1661 19.6052 19.7543 20.0182 20.5685 19.8224 0.0341195 0.000250033
259 100 25.2037 26.4026 27.8746 29.3429 29.4691 27.6586 0.0292166 0.00030529
230 66 24.142 24.7936 25.552 25.9148 26.1476 25.31 0.0254915 0.000305927
207 0 0 0 0 0 0 -1 0.00499319 0.000286867
306 100 20.8859 24.3852 24.8046 25.5131 26.2029 24.3583 0.0298954 0.000271052
190 100 26.2418 26.318 26.334 26.8504 26.9067 26.5302 0.0227626 0.000240077
217 100 22.1362 25.1235 25.2573 25.4036 27.1845 25.021 0.0213888 0.00031495
231 20 25.2576 25.5402 26.1047 27.3744 28.7232 26.6 0.0103384 0.000245364
239 100 22.3224 22.3294 23.1453 23.1523 24.5734 23.1046 0.0251549 0.000222194
212 100 18.8894 19.4233 19.6987 19.7707 20.9492 19.7463 0.019818 0.000224631
198 100 26.8268 27.5493 28.6734 28.9663 29.4984 28.3028 0.0388648 0.000310278
406 100 22.0538 22.109 22.1612 22.3396 24.8263 22.698 0.0192732 0.000284686
214 0 0 0 0 0 0 -1 0.00492642 0.000366479
262 100 19.6299 19.7983 19.9334 20.6293 21.0886 20.2159 0.0372334 0.000307652
435 100 22.8906 24.1231 24.4547 24.9655 26.1038 24.5075 0.0334476 0.00019972
181 96 26.6649 27.1724 27.4784 28.0608 28.4397 27.5632 0.0359294 0.000261827
498 100 22.4234 22.5858 26.2596 27.0771 27.4177 25.1527 0.0571972 0.00018762
441 100 19.2631 19.2695 22.2963 22.3037 22.437 21.1139 0.0352378 0.00024174
215 100 24.7365 25.023 25.3635 25.6237 27.0603 25.5614 0.0222828 0.000296536
201 100 25.2904 26.278 26.604 26.8863 27.0056 26.4129 0.025549 0.000342569
267 100 22.5118 23.5305 23.5377 23.7699 24.7887 23.6277 0.0281326 0.000323131
211 100 22.1845 26.8316 27.0091 28.3847 34.812 27.8444 0.0265809 0.000346525
753 100 25.709 25.9439 26.1549 26.9093 27.8571 26.5148 0.0340445 0.00013965
218 26 33.7766 34.5424 35.0504 35.6284 36.1364 35.0268 0.0128341 0.000286634
193 100 24.3062 25.0007 25.0058 25.6463 26.2929 25.2504 0.018757 0.00033604
219 100 20.8159 21.4466 23.6332 23.8697 24.0389 22.7609 0.0279985 0.000345038
170 21 21.4581 25.8787 27.8774 29.2817 30.7517 27.0495 0.00836964 0.00023759
398 100 22.2532 22.4981 23.5347 24.3171 25.2439 23.5694 0.0241161 0.000217494
206 54 36.8475 37.5008 38.5717 39.225 42.4664 38.9223 0.0153908 0.000328629
201 0 0 0 0 0 0 -1 0.00523647 0.000301934
318 100 20.3826 21.1489 21.1639 21.4754 21.725 21.1792 0.0233758 0.000290785
201 31 27.1033 27.1819 27.6012 27.6791 30.9626 28.1056 0.0107706 0.000294557
225 81 23.6234 24.4797 25.2088 29.5212 29.7114 26.5089 0.0289089 0.00036614
221 100 22.273 22.566 22.5829 23.8082 24.2453 23.0951 0.0235887 0.000143308
219 100 19.2456 19.456 23.4191 24.2464 24.4491 22.1632 0.0333097 0.000326051
353 100 22.0451 24.9435 27.254 27.4455 28.4806 26.0337 0.0415564 0.000244133
227 100 23.0287 23.294 23.5674 24.0579 25.5748 23.9046 0.0227885 0.000320375
213 11 20.0571 26.4087 28.4529 31.3794 34.8171 28.223 0.00749018 0.000284182
228 0 0 0 0 0 0 -1 0.00452222 0.000227982
292 100 26.6728 27.6433 28.7731 28.9318 29.6736 28.3389 0.029291 0.000372591
229 100 22.3987 22.4965 23.7194 24.4464 24.5728 23.5268 0.0268206 0.00030054
781 100 27.3508 28.2329 28.5805 28.9769 29.4031 28.5088 0.0494059 0.000191785
219 100 22.4276 22.9072 24.4902 24.9697 27.2381 24.4065 0.0194817 0.000365549
200 42 29.8853 30.8406 32.4565 32.4659 33.4111 31.8119 0.0120333 0.000328446
204 71 26.9784 26.9846 27.2599 27.2822 27.4094 27.1829 0.0251282 0.000304735
225 100 21.1371 21.9161 22.0885 22.8655 23.3162 22.2647 0.0314728 0.000260375
300 100 18.938 19.5073 20.3081 21.4087 21.8985 20.4121 0.020204 0.000186639
213 100 22.3501 23.0127 23.2006 23.388 23.797 23.1497 0.0289967 0.000295994
222 100 25.5136 26.1175 26.5785 26.955 27.1824 26.4694 0.0312758 0.000236659
221 100 20.471 22.1383 22.5043 22.9183 23.8756 22.3815 0.0294241 0.000299462
237 100 20.8528 21.6343 25.0307 26.5828 26.8366 24.1874 0.0390081 0.000306961
202 0 0 0 0 0 0 -1 0.00489117 0.000449818
377 100 22.5159 23.1019 23.5001 24.304 24.6873 23.6218 0.0284451 0.000336186
204 100 24.3516 24.5981 24.7171 24.7477 25.1036 24.7036 0.0326071 0.000295203
217 100 22.5191 23.7482 24.5071 24.838 26.3017 24.3828 0.0338299 0.00024399
220 100 19.1897 19.1966 21.1207 21.4586 21.4653 20.4862 0.0314546 0.00026696
235 0 0 0 0 0 0 -1 0.00496409 0.000332617
342 100 19.438 19.6293 19.7602 19.941 22.5656 20.2668 0.0504256 0.000263496
219 100 24.1727 24.4472 24.9428 25.4369 25.585 24.9169 0.0307548 0.000242001
198 100 25.1051 25.3492 25.5625 25.8994 26.885 25.7602 0.0317258 0.000343301
277 100 21.9312 21.9417 22.8659 24.6963 25.6205 23.4111 0.0266425 0.000237201
236 0 0 0 0 0 0 -1 0.00511061 0.000338802
291 100 23.9569 24.1837 24.4836 24.5621 24.9565 24.4285 0.034463 0.00035592
210 52 22.8574 25.2095 25.4595 29.0093 29.0952 26.3262 0.016019 0.000311907
186 100 19.9456 24.1802 24.7606 24.7843 26.3783 24.0098 0.0379658 0.000313846
794 100 25.8893 27.1738 34.7051 35.0478 36.2462 31.8125 0.0376601 0.000110199
229 100 23.2909 23.9438 26.3057 26.3769 28.389 25.6613 0.0388767 0.000289681
357 100 19.9639 20.839 20.9145 21.1443 21.2873 20.8298 0.0216294 0.000253988
216 46 20.0455 22.6198 23.7956 23.8159 24.2406 22.9035 0.0170073 0.000307103
