220 100 21.1245 22.4318 22.7873 24.3274 26.2915 23.3925 0.0340318 0.000348868
222 100 19.7635 20.2724 21.126 21.725 22.2339 21.0242 0.0526592 0.0106094
309 100 19.7672 20.269 21.126 21.7252 22.2271 21.0229 0.0287703 0.00591702
302 100 19.7672 20.269 21.126 21.7279 22.2297 21.024 0.0444438 0.00913472
253 0 19.7672 20.269 21.126 21.7283 22.2301 21.0241 0.0131723 0.00876277
283 100 19.7672 20.269 21.126 21.7252 22.2271 21.0229 0.0659039 0.0160668
229 63 19.7672 20.269 21.126 21.7279 22.2297 21.024 0.0425386 0.0133714
713 100 19.7672 20.269 21.126 21.7283 22.2301 21.0241 0.042335 0.00870452
198 100 19.7672 20.269 20.7304 21.126 21.2426 20.6271 0.0576041 0.0177111
204 100 19.7672 19.9101 20.269 21.126 21.2308 20.4606 0.0392483 0.0124619
203 94 19.7672 19.9101 20.269 21.126 21.2309 20.4606 0.0461341 0.0189966
205 0 19.7672 19.9101 20.269 21.126 21.2375 20.462 0.0228474 0.0183919
778 100 19.7672 19.9101 20.269 21.126 21.2308 20.4606 0.0351834 0.00733272
220 31 19.7672 19.9101 20.269 20.2874 21.126 20.2719 0.0296019 0.014173
220 1 19.7672 19.9101 20.269 20.2741 21.126 20.2693 0.0217434 0.0166428
259 49 19.7672 19.9101 20.2461 20.269 20.2741 20.0933 0.0366274 0.0172274
244 100 19.7672 19.9101 20.0594 20.269 20.2741 20.056 0.0521641 0.00943978
177 0 19.7672 19.9101 20.0594 20.269 20.2741 20.056 0.014174 0.00968959
330 100 19.7672 19.9101 20.0594 20.269 20.2741 20.056 0.0827582 0.00782354
371 100 19.7672 19.9101 20.0594 20.269 20.2741 20.056 0.0365823 0.00880036
359 100 19.7672 19.9101 20.0594 20.269 20.2741 20.056 0.0465884 0.0179552
164 24 19.2584 19.7672 19.9101 20.0594 20.269 19.8528 0.0193715 0.008357
196 5 19.1614 19.7672 19.9101 20.0594 20.269 19.8334 0.0201209 0.0136136
278 100 19.1614 19.7672 19.9101 20.0594 20.269 19.8334 0.0485713 0.013368
218 100 19.1614 19.7672 19.9101 20.0594 20.269 19.8334 0.0445304 0.0165128
247 100 19.1614 19.4409 19.7672 19.9101 20.0594 19.6678 0.0400272 0.00845726
239 100 19.1614 19.4558 19.7672 19.9101 20.0594 19.6708 0.045135 0.0165356
283 100 19.1614 19.4558 19.7672 19.9101 20.0594 19.6708 0.0312325 0.00962361
518 100 19.1614 19.4558 19.7423 19.7672 19.9101 19.6074 0.0484079 0.0149823
214 100 19.1614 19.1629 19.4558 19.7672 19.9101 19.4915 0.0431911 0.0120976
218 90 19.1614 19.1629 19.4558 19.7672 19.9101 19.4915 0.0349651 0.0128133
333 100 19.1614 19.1629 19.4558 19.7672 19.9101 19.4915 0.0655187 0.0162029
232 0 19.1614 19.1629 19.4558 19.7672 19.9101 19.4915 0.0212291 0.0161575
311 56 19.1614 19.1629 19.4558 19.7672 19.9101 19.4915 0.0378881 0.0140511
214 40 18.6371 18.8185 19.1614 19.1629 19.4558 19.0471 0.0383188 0.0184708
279 100 18.6374 18.8186 19.1614 19.1629 19.4558 19.0472 0.0427297 0.0112233
184 24 18.6374 18.8186 19.1614 19.1629 19.4558 19.0472 0.0363311 0.0174447
360 100 18.6374 18.8186 19.1614 19.1629 19.4558 19.0472 0.0308269 0.00378518
239 100 18.6374 18.8186 19.1614 19.1629 19.4558 19.0472 0.0567024 0.0173991
250 4 18.6374 18.8186 19.1614 19.1629 19.4558 19.0472 0.0148555 0.00906817
214 0 18.6374 18.8186 19.1614 19.1629 19.4558 19.0472 0.0209524 0.0162585
293 0 18.6374 18.8186 19.1614 19.1629 19.4558 19.0472 0.0217559 0.0145118
321 100 18.6374 18.8186 19.1614 19.1629 19.4558 19.0472 0.0472099 0.0112872
242 36 18.6374 18.8186 19.1614 19.1629 19.4558 19.0472 0.0296869 0.0121786
216 66 18.6374 18.8186 19.1614 19.1629 19.4558 19.0472 0.0443158 0.00791983
333 100 18.6374 18.8186 19.1614 19.1629 19.4558 19.0472 0.0352476 0.00429995
210 0 18.6374 18.8186 19.1614 19.1629 19.4558 19.0472 0.011989 0.00763126
428 100 18.6374 18.8186 19.1614 19.1629 19.4558 19.0472 0.0457227 0.0137365
223 100 18.6374 18.8186 19.1614 19.1629 19.4558 19.0472 0.0453438 0.0149391
217 100 18.6374 18.8186 19.1614 19.1629 19.4558 19.0472 0.0508295 0.0148756
342 100 18.6374 18.8186 19.1614 19.1629 19.4558 19.0472 0.0549526 0.00545728
353 100 18.6374 18.8186 19.1614 19.1629 19.4558 19.0472 0.040638 0.0118182
216 100 18.6374 18.8186 19.1614 19.1629 19.4558 19.0472 0.0698585 0.0089809
655 100 18.6374 18.8186 19.1614 19.1629 19.4558 19.0472 0.0290914 0.00777199
199 100 18.6374 18.8186 19.1614 19.1629 19.4558 19.0472 0.0530387 0.0170029
227 60 18.6374 18.8186 19.1614 19.1629 19.4558 19.0472 0.0445026 0.0103619
195 10 18.6374 18.8186 19.1614 19.1629 19.4558 19.0472 0.0246256 0.0169918
229 100 18.6374 18.8186 19.1614 19.1629 19.4558 19.0472 0.0487525 0.0143295
376 100 18.6374 18.8186 19.1614 19.1629 19.4558 19.0472 0.0425175 0.0114881
601 100 18.6374 18.8186 19.1614 19.1629 19.4558 19.0472 0.0366058 0.00495129
257 100 18.6374 18.8186 19.1614 19.1629 19.4558 19.0472 0.0398547 0.0154711
845 100 18.6374 18.8186 19.1614 19.1629 19.4558 19.0472 0.0306862 0.00589337
214 100 18.6374 18.8186 19.1614 19.1629 19.4558 19.0472 0.0473945 0.0128478
374 100 18.6374 18.8186 19.1614 19.1629 19.4558 19.0472 0.0405261 0.0113969
232 100 18.6374 18.8186 19.1614 19.1629 19.4558 19.0472 0.0467227 0.00827178
289 100 18.6374 18.8186 19.1614 19.1629 19.4558 19.0472 0.0403086 0.00784055
208 100 18.6374 18.8186 19.1614 19.1629 19.4558 19.0472 0.0502411 0.0176519
305 100 18.6374 18.8186 19.1614 19.1629 19.4558 19.0472 0.0416481 0.0112676
242 24 18.6374 18.8186 19.1614 19.1629 19.4558 19.0472 0.0256673 0.0080322
216 36 18.6374 18.8186 19.1614 19.1629 19.4558 19.0472 0.0300296 0.015089
223 100 18.6374 18.8186 19.1614 19.1629 19.4558 19.0472 0.0530536 0.00826873
831 100 18.6374 18.8186 19.1614 19.1629 19.4558 19.0472 0.0331947 0.0121741
205 27 18.6374 18.8186 19.1614 19.1629 19.4558 19.0472 0.0256637 0.00828478
224 100 18.6374 18.8186 19.1614 19.1629 19.4558 19.0472 0.050185 0.0156088
213 64 18.6374 18.8186 19.1614 19.1629 19.4558 19.0472 0.0457489 0.0157771
356 100 18.6374 18.8186 19.1614 19.1629 19.4558 19.0472 0.0367685 0.00424664
255 100 18.6374 18.8186 19.1614 19.1629 19.4558 19.0472 0.0380862 0.0157349
232 11 18.6374 18.8186 19.1614 19.1629 19.4558 19.0472 0.0221855 0.0141742
439 100 18.6374 18.8186 19.1614 19.1629 19.4558 19.0472 0.0454729 0.00800477
756 100 18.6374 18.8186 19.1614 19.1629 19.4558 19.0472 0.0282507 0.00356141
203 0 18.6374 18.8186 19.1614 19.1629 19.4558 19.0472 0.0162873 0.0118782
436 100 18.6374 18.8186 19.1614 19.1629 19.4558 19.0472 0.0437393 0.00901293
189 18 18.6374 18.8186 19.1614 19.1629 19.4558 19.0472 0.0297736 0.0173654
444 100 18.6374 18.8186 19.1614 19.1629 19.4558 19.0472 0.047063 0.00543774
223 100 18.6374 18.8186 19.1614 19.1629 19.4558 19.0472 0.031364 0.00763631
207 100 18.6374 18.8186 19.1614 19.1629 19.4558 19.0472 0.0378782 0.0154035
216 100 18.6374 18.8186 19.1614 19.1629 19.4558 19.0472 0.0453202 0.0184215
224 0 18.6374 18.8186 19.1614 19.1629 19.4558 19.0472 0.0154219 0.0109773
371 100 18.6374 18.8186 19.1614 19.1629 19.4558 19.0472 0.0335272 0.00329123
235 100 18.6374 18.8186 19.1614 19.1629 19.4558 19.0472 0.0546743 0.0168726
208 88 18.6374 18.8186 19.1614 19.1629 19.4558 19.0472 0.0429131 0.0168447
287 100 18.6374 18.8186 19.1614 19.1629 19.4558 19.0472 0.0365976 0.00803462
288 100 18.6374 18.8186 19.1614 19.1629 19.4558 19.0472 0.0470528 0.0150989
590 100 18.6374 18.8186 19.1614 19.1629 19.4558 19.0472 0.0397211 0.0061871
226 100 18.6374 18.8186 19.1614 19.1629 19.4558 19.0472 0.0481529 0.00848594
368 100 18.6374 18.8186 19.1614 19.1629 19.4558 19.0472 0.0502497 0.00973587
217 100 18.6374 18.8186 19.1614 19.1629 19.4558 19.0472 0.0485636 0.00903355
214 58 18.6374 18.8186 19.1614 19.1629 19.4558 19.0472 0.0339895 0.0113065
226 72 18.6374 18.8186 19.1614 19.1629 19.4558 19.0472 0.0430245 0.0174795
252 100 18.6374 18.8186 19.1614 19.1629 19.4558 19.0472 0.0432119 0.0107579
218 0 18.6374 18.8186 19.1614 19.1629 19.4558 19.0472 0.0134587 0.00902881
287 0 18.6374 18.8186 19.1614 19.1629 19.4558 19.0472 0.0203586 0.0121841
305 100 18.6374 18.8186 19.1614 19.1629 19.4558 19.0472 0.051612 0.0167449
398 100 18.6374 18.8186 19.1614 19.1629 19.4558 19.0472 0.0578792 0.00955319
214 67 18.6374 18.8186 19.1614 19.1629 19.4558 19.0472 0.0434073 0.0180795
353 100 18.6374 18.8186 19.1614 19.1629 19.4558 19.0472 0.029658 0.00713589
223 100 18.6374 18.8186 19.1614 19.1629 19.4558 19.0472 0.0519321 0.0169769
219 0 18.6374 18.8186 19.1614 19.1629 19.4558 19.0472 0.016491 0.0116751
286 100 18.6374 18.8186 19.1614 19.1629 19.4558 19.0472 0.0501269 0.0153302
220 43 18.6374 18.8186 19.1614 19.1629 19.4558 19.0472 0.0298888 0.014555
221 100 18.6374 18.8186 19.1614 19.1629 19.4558 19.0472 0.0351891 0.00825696
409 100 18.6374 18.8186 19.1614 19.1629 19.4558 19.0472 0.0493346 0.0130034
221 0 18.6374 18.8186 19.1614 19.1629 19.4558 19.0472 0.0132485 0.00876108
298 100 18.6374 18.8186 19.1614 19.1629 19.4558 19.0472 0.0420951 0.00483486
217 100 18.6374 18.8186 19.1614 19.1629 19.4558 19.0472 0.0488945 0.00841154
286 100 18.6374 18.8186 19.1614 19.1629 19.4558 19.0472 0.0522569 0.00977605
366 0 18.6374 18.8186 19.1614 19.1629 19.4558 19.0472 0.0190001 0.014453
306 100 18.6374 18.8186 19.1614 19.1629 19.4558 19.0472 0.0435685 0.0134374
286 100 18.6374 18.8186 19.1614 19.1629 19.4558 19.0472 0.0574976 0.00894561
199 0 18.6374 18.8186 19.1614 19.1629 19.4558 19.0472 0.0183274 0.0139747
277 26 18.6374 18.8186 19.1614 19.1629 19.4558 19.0472 0.037376 0.0189894
523 100 18.6374 18.8186 19.1614 19.1629 19.4558 19.0472 0.0499039 0.00385171
216 0 18.6374 18.8186 19.1614 19.1629 19.4558 19.0472 0.0126654 0.00830204
384 100 18.6374 18.8186 19.1614 19.1629 19.4558 19.0472 0.0564092 0.0156758
219 88 18.6374 18.8186 19.1614 19.1629 19.4558 19.0472 0.046378 0.00919546
246 100 18.6374 18.8186 19.1614 19.1629 19.4558 19.0472 0.0476283 0.0132544
207 10 18.6374 18.8186 19.1614 19.1629 19.4558 19.0472 0.0152449 0.00700538
262 100 18.6374 18.8186 19.1614 19.1629 19.4558 19.0472 0.052889 0.0138673
459 100 18.6374 18.8186 19.1614 19.1629 19.4558 19.0472 0.0476213 0.0164811
433 100 18.6374 18.8186 19.1614 19.1629 19.4558 19.0472 0.0552094 0.0119488
219 52 18.6374 18.8186 19.1614 19.1629 19.4558 19.0472 0.0348935 0.00807115
331 100 18.6374 18.8186 19.1614 19.1629 19.4558 19.0472 0.0434764 0.0133325
307 100 18.6374 18.8186 19.1614 19.1629 19.4558 19.0472 0.048459 0.0150501
191 100 18.6374 18.8186 19.1614 19.1629 19.4558 19.0472 0.0582745 0.00956954
379 100 18.6374 18.8186 19.1614 19.1629 19.4558 19.0472 0.037873 0.00796635
253 84 18.6374 18.8186 19.1614 19.1629 19.4558 19.0472 0.0331823 0.00796336
210 100 18.6374 18.8186 19.1614 19.1629 19.4558 19.0472 0.04534 0.0086921
227 100 18.6374 18.8186 19.1614 19.1629 19.4558 19.0472 0.0614129 0.0123035
232 49 18.6374 18.8186 19.1614 19.1629 19.2494 19.0059 0.0395103 0.0172286
229 23 18.6374 18.8186 19.1614 19.1629 19.261 19.0082 0.0208847 0.0106598
216 16 18.6374 18.8186 19.1614 19.1629 19.261 19.0082 0.0195164 0.00891034
245 100 18.6374 18.8186 19.1614 19.1629 19.261 19.0082 0.035312 0.0152527
262 0 18.6374 18.8186 19.1614 19.1629 19.261 19.0082 0.0120644 0.00729101
319 100 18.6374 18.8186 19.1614 19.1629 19.261 19.0082 0.0386279 0.0136904
236 100 18.6374 18.8186 19.1614 19.1629 19.261 19.0082 0.0418673 0.00955432
221 100 18.6374 18.8186 19.1614 19.1629 19.2563 19.0073 0.0509781 0.017003
193 84 18.6374 18.8186 19.1614 19.1629 19.254 19.0069 0.053031 0.0083411
317 100 18.6374 18.8186 19.1614 19.1629 19.254 19.0069 0.0382772 0.0110102
246 100 18.6374 18.8186 19.1614 19.1629 19.254 19.0069 0.0406617 0.0160042
221 100 18.6374 18.8186 19.1614 19.1629 19.254 19.0069 0.045106 0.0121629
196 0 18.6374 18.8186 19.1614 19.1629 19.254 19.0069 0.0122404 0.00785883
352 100 18.6374 18.8186 19.1614 19.1629 19.2515 19.0063 0.0457667 0.0122847
215 72 18.6374 18.8186 19.1614 19.1629 19.2601 19.0081 0.0356783 0.0089168
206 100 18.6374 18.8186 19.1614 19.1629 19.2601 19.0081 0.0642308 0.0164523
213 100 18.6374 18.8186 19.1614 19.1629 19.2601 19.0081 0.0641272 0.0161855
210 100 18.6374 18.8186 19.1614 19.1629 19.2601 19.0081 0.0570474 0.0146684
801 100 18.6374 18.8186 19.1614 19.1629 19.2601 19.0081 0.0533457 0.0187294
246 100 18.6374 18.8186 19.1614 19.1629 19.2601 19.0081 0.0426363 0.00796685
