112 0 0 0 0 0 0 -1 0.00562446 0.0003822
173 0 0 0 0 0 0 -1 0.00439894 0.000156032
174 46 23.0485 23.5457 25.0493 25.2141 25.5428 24.4801 0.0371846 0.00025902
281 43 19.7672 20.2688 21.6796 21.7965 22.1738 21.1371 0.0304609 0.0115866
375 44 19.7672 20.2688 21.2292 21.6798 21.7965 20.9483 0.031723 0.0116982
245 0 19.7672 20.2688 21.2375 21.6776 21.7965 20.9495 0.0200056 0.0157776
549 300 19.7672 20.2688 21.2308 21.6796 21.7965 20.9486 0.0414354 0.0130623
288 300 19.7672 20.2688 21.2309 21.6798 21.7965 20.9486 0.0483145 0.00502584
173 177 19.2099 19.7672 19.7718 20.1223 20.2688 19.828 0.055608 0.00840253
302 15 19.1614 19.7224 19.7552 19.7672 20.2688 19.735 0.0166397 0.00552577
152 0 19.1614 19.7187 19.7558 19.7672 20.2688 19.7344 0.0138469 0.0095341
149 4 19.1614 19.7187 19.7544 19.7672 20.2688 19.7341 0.014285 0.00615881
391 222 19.1614 19.7187 19.7552 19.7672 20.2688 19.7342 0.0765437 0.00722785
433 300 19.1614 19.7187 19.7558 19.7672 20.2688 19.7344 0.0537188 0.00508189
211 7 19.1614 19.7187 19.7544 19.7672 20.2688 19.7341 0.0157214 0.00789669
496 300 19.1614 19.7187 19.7552 19.7672 20.2688 19.7342 0.0616591 0.0144588
272 0 19.1614 19.7187 19.7558 19.7672 20.2688 19.7344 0.0170332 0.010937
390 0 19.1614 19.7187 19.7544 19.7672 20.2688 19.7341 0.0277692 0.0167842
184 66 19.1614 19.2523 19.7187 19.7552 19.7672 19.531 0.0744678 0.0199657
334 300 19.1614 19.2601 19.7187 19.7558 19.7672 19.5326 0.0568858 0.00360074
580 300 19.1614 19.2601 19.7187 19.7544 19.7672 19.5324 0.058194 0.0164715
375 300 19.1614 19.2601 19.7187 19.7552 19.7672 19.5325 0.0553479 0.00362936
177 46 19.1614 19.2601 19.7187 19.7558 19.7672 19.5326 0.0428373 0.0117929
218 16 19.1614 19.2601 19.7187 19.7544 19.7672 19.5324 0.0347744 0.0120506
560 300 19.1614 19.2601 19.7187 19.7552 19.7672 19.5325 0.0517382 0.0124444
299 300 19.1614 19.2601 19.7187 19.7558 19.7672 19.5326 0.0662221 0.0100946
212 0 19.1614 19.2601 19.7187 19.7544 19.7672 19.5324 0.0128102 0.00851126
372 300 19.1614 19.2601 19.7187 19.7552 19.7672 19.5325 0.106055 0.00896805
395 300 19.1614 19.2601 19.7187 19.7558 19.7672 19.5326 0.0501023 0.00785289
189 15 19.1614 19.2601 19.7187 19.7544 19.7672 19.5324 0.0219004 0.0124215
571 300 19.1614 19.2601 19.7187 19.7552 19.7672 19.5325 0.0581947 0.00662606
327 36 19.1614 19.2601 19.7187 19.7558 19.7672 19.5326 0.0292569 0.0071729
232 112 19.1614 19.2601 19.7187 19.7544 19.7672 19.5324 0.109003 0.0152399
400 300 19.1614 19.2601 19.4389 19.7187 19.7552 19.4669 0.0552638 0.0038004
438 300 19.1614 19.2601 19.4558 19.7187 19.7558 19.4704 0.0527533 0.00858428
409 300 19.1614 19.2601 19.4558 19.7187 19.7544 19.4701 0.0831804 0.0109175
211 0 19.1614 19.2601 19.4558 19.7187 19.7552 19.4703 0.012546 0.00821531
171 4 19.1614 19.2601 19.4558 19.7187 19.7459 19.4684 0.0156637 0.0083998
457 300 19.1614 19.2601 19.4558 19.7187 19.7605 19.4713 0.0758416 0.00796079
208 0 19.1614 19.2601 19.4558 19.7187 19.7603 19.4713 0.0124779 0.0081181
270 293 19.1614 19.2601 19.4558 19.7187 19.7603 19.4713 0.0761292 0.00864838
495 300 19.1614 19.2601 19.4558 19.7187 19.7603 19.4713 0.0721881 0.00565662
330 200 19.1614 19.2601 19.4558 19.7187 19.7603 19.4713 0.0954556 0.0225033
462 300 19.1614 19.2601 19.4558 19.7187 19.7603 19.4713 0.0626861 0.00668773
240 0 19.1614 19.2601 19.4558 19.7187 19.7603 19.4713 0.0166861 0.0119794
203 5 19.1614 19.2601 19.4558 19.7187 19.7603 19.4713 0.01636 0.00931857
380 300 19.1614 19.2601 19.4558 19.7187 19.7603 19.4713 0.0902409 0.00964152
308 300 19.1614 19.2601 19.4558 19.7187 19.7603 19.4713 0.0652598 0.0080897
333 300 19.1614 19.2601 19.4558 19.7187 19.7603 19.4713 0.0907106 0.0196563
410 300 19.1614 19.2601 19.4558 19.7187 19.7462 19.4685 0.0407678 0.00763726
205 4 19.1614 19.2601 19.4558 19.7187 19.7538 19.47 0.0156797 0.00868868
493 300 19.1614 19.2601 19.4558 19.7187 19.7538 19.47 0.0881152 0.017367
278 0 19.1614 19.2601 19.4558 19.7187 19.7538 19.47 0.013553 0.00921649
483 300 19.1614 19.2601 19.4558 19.7187 19.7538 19.47 0.0430904 0.00446585
579 300 19.1614 19.2601 19.4558 19.7187 19.7538 19.47 0.0619592 0.0044328
158 10 19.1614 19.2601 19.4558 19.7187 19.7538 19.47 0.0195943 0.00836526
247 162 19.1614 19.2601 19.4558 19.7187 19.7538 19.47 0.0880925 0.00751625
333 300 19.1614 19.2601 19.4558 19.7187 19.7538 19.47 0.0516478 0.00622427
411 300 19.1614 19.2601 19.4558 19.7187 19.7538 19.47 0.089646 0.0108104
455 300 19.1614 19.2601 19.4558 19.7187 19.7538 19.47 0.0891584 0.0100219
487 300 19.1614 19.2601 19.4558 19.7187 19.7538 19.47 0.0791056 0.0187136
275 300 19.1614 19.2601 19.4558 19.7187 19.7538 19.47 0.0802277 0.00688871
173 25 19.1614 19.2601 19.4558 19.7187 19.7538 19.47 0.0265409 0.00880971
305 201 19.1614 19.2601 19.4558 19.7187 19.7538 19.47 0.0951764 0.0145542
403 300 19.1614 19.2601 19.4558 19.7187 19.7538 19.47 0.0668982 0.0118751
237 126 19.1614 19.2601 19.4558 19.7187 19.7538 19.47 0.0598688 0.0194002
352 300 19.1614 19.2601 19.4558 19.7187 19.7538 19.47 0.0702401 0.00827245
269 68 19.1614 19.2601 19.4558 19.7187 19.7538 19.47 0.0421432 0.00903242
247 92 19.1614 19.2601 19.4558 19.7187 19.7538 19.47 0.0462435 0.00984081
307 0 19.1614 19.2601 19.4558 19.7187 19.7538 19.47 0.00887174 0.00446602
193 64 19.1614 19.2601 19.4558 19.4832 19.7187 19.4158 0.0348599 0.00872607
386 300 19.1614 19.2601 19.4558 19.4936 19.7187 19.4179 0.0752835 0.00912956
569 300 19.1614 19.2601 19.4558 19.4936 19.7187 19.4179 0.0634886 0.00728984
545 300 19.1614 19.2601 19.4558 19.4936 19.7187 19.4179 0.0903644 0.0139572
350 300 19.1614 19.2601 19.4558 19.4936 19.7187 19.4179 0.0505209 0.00508664
573 300 19.1614 19.2601 19.4558 19.4936 19.7187 19.4179 0.072484 0.00913295
442 300 19.1614 19.2601 19.4558 19.4936 19.7187 19.4179 0.0802631 0.00450193
257 252 19.1523 19.1594 19.1614 19.2601 19.4558 19.2378 0.0848821 0.0121087
320 51 19.154 19.1609 19.1614 19.2601 19.4558 19.2384 0.0624793 0.00799014
332 180 19.154 19.1609 19.1614 19.2601 19.4558 19.2384 0.114669 0.0057019
177 0 19.154 19.1609 19.1614 19.2601 19.4558 19.2384 0.0143781 0.00995587
334 0 19.154 19.1609 19.1614 19.2601 19.4558 19.2384 0.0130283 0.00887021
474 300 19.154 19.1609 19.1614 19.2601 19.4558 19.2384 0.0947823 0.00822263
529 300 19.154 19.1609 19.1614 19.2601 19.4558 19.2384 0.0943496 0.00615561
531 300 19.154 19.1609 19.1614 19.2601 19.4558 19.2384 0.0611774 0.00788761
474 300 19.154 19.1609 19.1614 19.2601 19.4558 19.2384 0.0985698 0.00871057
311 28 19.154 19.1609 19.1614 19.2601 19.4558 19.2384 0.0369871 0.0193439
312 300 19.154 19.1609 19.1614 19.2601 19.4558 19.2384 0.0668814 0.00791145
383 300 19.154 19.1609 19.1614 19.2601 19.4558 19.2384 0.0676234 0.0074975
207 0 19.154 19.1609 19.1614 19.2601 19.4558 19.2384 0.0221242 0.0176874
513 300 19.154 19.1609 19.1614 19.2601 19.4558 19.2384 0.0813763 0.012726
338 300 19.154 19.1609 19.1614 19.2601 19.4558 19.2384 0.105301 0.00694827
439 300 19.154 19.1609 19.1614 19.2601 19.4558 19.2384 0.0990353 0.0157545
320 0 19.154 19.1609 19.1614 19.2601 19.4558 19.2384 0.0124091 0.00800208
214 252 19.154 19.1609 19.1614 19.2601 19.4558 19.2384 0.0484917 0.0172522
441 300 19.154 19.1609 19.1614 19.2601 19.4558 19.2384 0.0666249 0.0139754
255 0 19.154 19.1609 19.1614 19.2601 19.4558 19.2384 0.0100251 0.00558772
304 230 18.8915 19.154 19.1609 19.1614 19.2601 19.1256 0.0926542 0.0178531
429 0 18.8902 19.154 19.1609 19.1614 19.2601 19.1253 0.0168652 0.0072815
521 300 18.8897 19.154 19.1609 19.1614 19.2601 19.1252 0.0418566 0.00579198
377 300 18.8913 19.154 19.1609 19.1614 19.2601 19.1255 0.0839399 0.00782517
602 300 18.8902 19.154 19.1609 19.1614 19.2601 19.1253 0.0700598 0.00469144
513 300 18.8897 19.154 19.1609 19.1614 19.2601 19.1252 0.0444467 0.00497482
366 300 18.8913 19.154 19.1609 19.1614 19.2601 19.1255 0.0395907 0.00527558
523 300 18.8902 19.154 19.1609 19.1614 19.2601 19.1253 0.0832908 0.0072813
555 300 18.8897 19.154 19.1609 19.1614 19.2601 19.1252 0.0403209 0.00418697
522 300 18.8913 19.154 19.1609 19.1614 19.2601 19.1255 0.0674427 0.004112
490 300 18.8902 19.154 19.1609 19.1614 19.2601 19.1253 0.0604588 0.00423758
540 300 18.8897 19.154 19.1609 19.1614 19.2601 19.1252 0.0689772 0.00416135
522 300 18.8913 19.154 19.1609 19.1614 19.2601 19.1255 0.0318321 0.00432556
400 279 18.8902 19.154 19.1609 19.1614 19.2601 19.1253 0.0804284 0.00708429
554 300 18.8897 19.154 19.1609 19.1614 19.2601 19.1252 0.06487 0.00423485
501 300 18.8913 19.154 19.1609 19.1614 19.2601 19.1255 0.0719974 0.00571713
491 300 18.8902 19.154 19.1609 19.1614 19.2601 19.1253 0.0898205 0.00421493
482 300 18.8897 19.154 19.1609 19.1614 19.2601 19.1252 0.0775842 0.00426028
332 23 18.8913 19.154 19.1609 19.1614 19.2601 19.1255 0.0218704 0.00583577
272 152 18.8902 19.154 19.1609 19.1614 19.2601 19.1253 0.0722594 0.0107764
244 26 18.8897 19.154 19.1609 19.1614 19.2601 19.1252 0.0184944 0.00822919
191 0 18.8913 19.154 19.1609 19.1614 19.2601 19.1255 0.0249793 0.0207447
211 300 18.8902 19.154 19.1609 19.1614 19.2601 19.1253 0.0878116 0.01487
305 300 18.8897 19.154 19.1609 19.1614 19.2601 19.1252 0.0558908 0.00854483
520 300 18.8913 19.154 19.1609 19.1614 19.2601 19.1255 0.0754606 0.00734811
450 300 18.8902 19.154 19.1609 19.1614 19.2601 19.1253 0.0725265 0.00651235
268 0 18.8897 19.154 19.1609 19.1614 19.2601 19.1252 0.0162358 0.0119583
348 300 18.8913 19.154 19.1609 19.1614 19.2601 19.1255 0.0756627 0.0187618
549 300 18.8902 19.154 19.1609 19.1614 19.2601 19.1253 0.0978769 0.00470725
213 48 18.8897 19.154 19.1609 19.1614 19.2601 19.1252 0.0538088 0.0089388
349 300 18.8913 19.154 19.1609 19.1614 19.2601 19.1255 0.135395 0.00962504
143 0 18.8902 19.154 19.1609 19.1614 19.2601 19.1253 0.018098 0.0137455
311 300 18.8897 19.154 19.1609 19.1614 19.2601 19.1252 0.0725544 0.0152919
474 300 18.8913 19.154 19.1609 19.1614 19.2601 19.1255 0.0723709 0.00992003
329 300 18.8902 19.154 19.1609 19.1614 19.2601 19.1253 0.117426 0.0150092
311 262 18.8897 19.154 19.1609 19.1614 19.2601 19.1252 0.0684585 0.00866913
498 300 18.8913 19.154 19.1609 19.1614 19.2601 19.1255 0.087473 0.0148538
440 300 18.8902 19.154 19.1609 19.1614 19.2601 19.1253 0.0589286 0.00787564
423 300 18.8897 19.154 19.1609 19.1614 19.2601 19.1252 0.0499827 0.0174808
502 300 18.8913 19.154 19.1609 19.1614 19.2601 19.1255 0.0453878 0.0109261
253 0 18.8902 19.154 19.1609 19.1614 19.2601 19.1253 0.0200146 0.0155237
271 106 18.8897 19.154 19.1609 19.1614 19.2601 19.1252 0.0864261 0.0102617
513 300 18.8913 19.154 19.1609 19.1614 19.2601 19.1255 0.0559561 0.00818674
272 94 18.8902 19.154 19.1609 19.1614 19.2601 19.1253 0.0682537 0.0172533
460 300 18.8897 19.154 19.1609 19.1614 19.2601 19.1252 0.0695967 0.00535479
182 0 18.8913 19.154 19.1609 19.1614 19.2601 19.1255 0.0129159 0.00853804
210 9 18.8902 19.154 19.1609 19.1614 19.2601 19.1253 0.0241013 0.0150783
302 292 18.8897 19.154 19.1609 19.1614 19.2601 19.1252 0.0604622 0.0182384
278 0 18.8913 19.154 19.1609 19.1614 19.2601 19.1255 0.0175365 0.0132904
294 300 18.8902 19.154 19.1609 19.1614 19.2601 19.1253 0.102881 0.0160441
507 300 18.8897 19.154 19.1609 19.1614 19.2601 19.1252 0.0717729 0.016541
305 300 18.8913 19.154 19.1609 19.1614 19.2601 19.1255 0.105726 0.0168463
428 300 18.8902 19.154 19.1609 19.1614 19.2601 19.1253 0.0691081 0.00916239
345 300 18.8897 19.154 19.1609 19.1614 19.2601 19.1252 0.0974721 0.0140278
279 96 18.8913 19.154 19.1609 19.1614 19.2601 19.1255 0.0827163 0.00796561
292 300 18.8902 19.154 19.1609 19.1614 19.2601 19.1253 0.0680723 0.017214
441 300 18.8897 19.154 19.1609 19.1614 19.2601 19.1252 0.0805879 0.0114644
308 300 18.8913 19.154 19.1609 19.1614 19.2601 19.1255 0.0622015 0.0154637
182 0 18.8902 19.154 19.1609 19.1614 19.2601 19.1253 0.01392 0.00952286
178 18 18.8897 19.154 19.1609 19.1614 19.2601 19.1252 0.0209702 0.00868707
155 80 18.8913 19.154 19.1609 19.1614 19.2601 19.1255 0.0428691 0.0096033
185 0 0 0 0 0 0 -1 0.00498223 0.000196554
159 0 0 0 0 0 0 -1 0.00453721 0.000232254
171 26 20.8212 20.8312 21.3264 23.5708 27.366 22.7831 0.0153814 0.000310336
176 0 20.0227 20.8321 21.3265 21.7948 25.8273 21.9607 0.0136679 0.00865334
246 39 20.0227 20.8321 20.9444 21.3265 21.7949 20.9841 0.0279374 0.00714838
120 0 20.0227 20.8321 20.8599 21.3265 21.7949 20.9672 0.0232255 0.0188104
311 300 20.0227 20.3328 20.8321 20.8599 20.9921 20.6079 0.0552292 0.00534869
391 295 20.0227 20.0594 20.8321 20.8599 20.9938 20.5536 0.0423606 0.00292245
392 300 20.0227 20.0594 20.3073 20.8321 20.8599 20.4163 0.052921 0.00399777
474 300 19.7758 20.0227 20.0594 20.3135 20.354 20.1051 0.0529177 0.00636919
153 0 19.7672 20.0227 20.0495 20.0594 20.3135 20.0425 0.0119584 0.00755065
147 0 19.7672 20.0227 20.0495 20.0594 20.3135 20.0425 0.0207137 0.0162753
362 300 19.7672 20.0227 20.0495 20.0594 20.3135 20.0425 0.0830257 0.0134754
409 126 19.7672 20.0227 20.0495 20.0594 20.3135 20.0425 0.109928 0.00346251
364 85 19.7672 20.0227 20.0495 20.0594 20.3135 20.0425 0.0502349 0.00482181
286 300 19.7672 20.0227 20.0495 20.0594 20.3135 20.0425 0.0477794 0.0158326
397 300 19.7672 20.0227 20.0495 20.0594 20.3135 20.0425 0.0842105 0.0112408
179 93 19.3435 19.7672 19.7696 20.0227 20.0495 19.7905 0.0540295 0.0168884
464 300 19.2731 19.7606 19.7672 20.0227 20.0495 19.7746 0.0698473 0.00549845
283 300 18.9395 19.0075 19.2494 19.2731 19.7606 19.246 0.0821294 0.0158394
273 300 18.9415 18.9421 19.2536 19.2731 19.7606 19.2342 0.0617 0.00713227
344 63 18.9415 18.9421 19.2536 19.2731 19.7606 19.2342 0.0425115 0.0139576
418 300 18.9415 18.9421 19.2536 19.2731 19.7606 19.2342 0.0647368 0.0129713
247 40 18.9415 18.9421 19.17 19.2536 19.2731 19.1161 0.0295673 0.00820916
380 130 18.8902 18.9415 18.9421 19.1625 19.2536 19.038 0.04679 0.0128425
353 0 18.8897 18.9415 18.9421 19.1625 19.2536 19.0379 0.0525252 0.00614392
508 300 18.8913 18.9415 18.9421 19.1625 19.2536 19.0382 0.0599878 0.00451828
572 300 18.8902 18.9415 18.9421 19.1625 19.2536 19.038 0.0366487 0.00390708
262 270 18.8897 18.9415 18.9421 19.1625 19.2536 19.0379 0.0487457 0.0158373
380 300 18.8913 18.9415 18.9421 19.1625 19.2536 19.0382 0.0568601 0.0107926
227 300 18.8902 18.9415 18.9421 19.1625 19.2536 19.038 0.0780053 0.0150288
226 0 18.8897 18.9415 18.9421 19.1625 19.2536 19.0379 0.0121309 0.0077364
274 66 18.8913 18.9415 18.9421 19.1625 19.2536 19.0382 0.0571137 0.0166929
294 122 18.8902 18.9415 18.9421 19.1625 19.2536 19.038 0.0379433 0.00613513
365 300 18.8897 18.9415 18.9421 19.1625 19.2536 19.0379 0.0842282 0.0140797
449 300 18.8913 18.9415 18.9421 19.1625 19.2536 19.0382 0.0547878 0.00795973
209 0 18.8902 18.9415 18.9421 19.1625 19.2536 19.038 0.0199912 0.0141484
383 300 18.8897 18.9415 18.9421 19.1625 19.2536 19.0379 0.0468064 0.0157417
444 300 18.8913 18.9415 18.9421 19.1625 19.2536 19.0382 0.0476745 0.00384456
288 300 18.8902 18.9415 18.9421 19.1625 19.2536 19.038 0.0514978 0.00859811
265 300 18.8897 18.9415 18.9421 19.1625 19.2536 19.0379 0.0557261 0.00998503
289 0 18.8913 18.9415 18.9421 19.1625 19.2536 19.0382 0.015539 0.0112103
590 300 18.8902 18.9415 18.9421 19.1625 19.2536 19.038 0.0585794 0.00344918
538 300 18.8897 18.9415 18.9421 19.1625 19.2536 19.0379 0.0444112 0.00575088
540 300 18.8913 18.9415 18.9421 19.1625 19.2536 19.0382 0.068155 0.00337397
288 167 18.8902 18.9415 18.9421 19.1625 19.2536 19.038 0.0716023 0.00870888
345 287 18.8897 18.9415 18.9421 19.1625 19.2536 19.0379 0.0444534 0.00394772
396 300 18.8913 18.9415 18.9421 19.1625 19.2536 19.0382 0.0694465 0.00723547
224 60 18.8902 18.9415 18.9421 19.1625 19.2536 19.038 0.0432654 0.00805488
187 0 18.8897 18.9415 18.9421 19.1625 19.2536 19.0379 0.013041 0.00875165
396 138 18.8913 18.9415 18.9421 19.1625 19.2536 19.0382 0.0800813 0.0108661
222 300 18.8902 18.9415 18.9421 19.1625 19.2536 19.038 0.0731638 0.0064868
209 237 18.8897 18.9415 18.9421 19.1625 19.2536 19.0379 0.0603849 0.0169691
185 0 18.8913 18.9415 18.9421 19.1625 19.2536 19.0382 0.013533 0.00910255
507 300 18.8902 18.9415 18.9421 19.1625 19.2536 19.038 0.057702 0.0069065
457 300 18.8897 18.9415 18.9421 19.1625 19.2536 19.0379 0.0475375 0.00526604
271 0 18.8913 18.9415 18.9421 19.1625 19.2536 19.0382 0.0107423 0.00639422
264 300 18.8902 18.9415 18.9421 19.1625 19.2536 19.038 0.0737243 0.0161809
297 0 18.8897 18.9415 18.9421 19.1625 19.2536 19.0379 0.0139641 0.00653826
204 16 18.8913 18.9415 18.9421 19.1625 19.2536 19.0382 0.0282255 0.0160055
289 172 18.8902 18.9415 18.9421 19.1625 19.2536 19.038 0.0546939 0.014338
546 300 18.8897 18.9415 18.9421 19.1625 19.2536 19.0379 0.0344622 0.00345802
191 0 18.8913 18.9415 18.9421 19.1625 19.2536 19.0382 0.0130341 0.00869135
202 0 18.8902 18.9415 18.9421 19.1625 19.2536 19.038 0.0121225 0.00777534
469 300 18.8897 18.9415 18.9421 19.1625 19.2536 19.0379 0.0631862 0.0074375
646 300 18.8913 18.9415 18.9421 19.1625 19.2536 19.0382 0.0634386 0.00329093
340 300 18.8902 18.9415 18.9421 19.1625 19.2536 19.038 0.0581819 0.00807026
275 115 18.8897 18.9415 18.9421 19.1625 19.2536 19.0379 0.0514758 0.00981719
231 131 18.8913 18.9415 18.9421 19.1625 19.2536 19.0382 0.0854388 0.00765018
393 300 18.8902 18.9415 18.9421 19.1625 19.2536 19.038 0.0621904 0.00877042
195 30 18.8897 18.9415 18.9421 19.1625 19.2536 19.0379 0.0259689 0.00800218
253 97 18.8913 18.9415 18.9421 19.1625 19.2536 19.0382 0.073696 0.0129354
224 28 18.8902 18.9415 18.9421 19.1625 19.2536 19.038 0.0260288 0.00773568
237 67 18.8897 18.9415 18.9421 19.1625 19.2536 19.0379 0.0419338 0.0078212
354 300 18.8913 18.9415 18.9421 19.1625 19.2536 19.0382 0.0523797 0.00945195
301 48 18.8902 18.9415 18.9421 19.1625 19.2536 19.038 0.0276176 0.00781699
224 293 18.8897 18.9415 18.9421 19.1625 19.2536 19.0379 0.0635239 0.0087862
386 300 18.8913 18.9415 18.9421 19.1625 19.2536 19.0382 0.0625504 0.00863147
205 300 18.8902 18.9415 18.9421 19.1625 19.2536 19.038 0.0509535 0.00835875
450 300 18.8897 18.9415 18.9421 19.1625 19.2536 19.0379 0.0792394 0.0101394
468 300 18.8913 18.9415 18.9421 19.1625 19.2536 19.0382 0.0537403 0.0173146
354 300 18.8902 18.9415 18.9421 19.1625 19.2536 19.038 0.0434112 0.00817763
161 20 18.8897 18.9415 18.9421 19.1625 19.2536 19.0379 0.0261748 0.00763025
164 0 18.8913 18.9415 18.9421 19.1625 19.2536 19.0382 0.0173119 0.0130505
212 31 18.8902 18.9415 18.9421 19.1625 19.2536 19.038 0.022056 0.00842226
201 0 18.8897 18.9415 18.9421 19.1625 19.2536 19.0379 0.0150009 0.0106596
351 300 18.8913 18.9415 18.9421 19.1625 19.2536 19.0382 0.0641665 0.014309
435 300 18.8902 18.9415 18.9421 19.1625 19.2536 19.038 0.0515548 0.00747386
295 0 18.8897 18.9415 18.9421 19.1625 19.2536 19.0379 0.0186739 0.0144191
257 46 18.8913 18.9415 18.9421 19.1625 19.2536 19.0382 0.0311397 0.0152825
223 227 18.8902 18.9415 18.9421 19.1625 19.2536 19.038 0.0699014 0.0149999
389 300 18.8897 18.9415 18.9421 19.1625 19.2536 19.0379 0.0522598 0.00800314
323 300 18.8913 18.9415 18.9421 19.1625 19.2536 19.0382 0.0424529 0.00819996
312 215 18.8902 18.9415 18.9421 19.1625 19.2536 19.038 0.0440348 0.0105444
280 300 18.8897 18.9415 18.9421 19.1625 19.2536 19.0379 0.0605292 0.0150074
265 300 18.8913 18.9415 18.9421 19.1625 19.2536 19.0382 0.0621599 0.00787708
324 229 18.8902 18.9415 18.9421 19.1625 19.2536 19.038 0.0633729 0.00465679
254 0 18.8897 18.9415 18.9421 19.1625 19.2536 19.0379 0.0117063 0.00740508
307 189 18.8913 18.9415 18.9421 19.1625 19.2536 19.0382 0.0667799 0.011206
443 300 18.8902 18.9415 18.9421 19.1625 19.2536 19.038 0.0614704 0.00824511
193 265 18.8897 18.9415 18.9421 19.1625 19.2536 19.0379 0.0464002 0.0084958
205 225 18.8913 18.9415 18.9421 19.1625 19.2536 19.0382 0.056474 0.0105758
313 127 18.8902 18.9415 18.9421 19.1625 19.2536 19.038 0.0732317 0.0159424
235 47 18.8897 18.9415 18.9421 19.1625 19.2536 19.0379 0.0400117 0.00757336
274 300 18.8913 18.9415 18.9421 19.1625 19.2536 19.0382 0.0677481 0.0104213
173 87 18.8902 18.9415 18.9421 19.1625 19.2536 19.038 0.0935346 0.0115388
243 0 18.8897 18.9415 18.9421 19.1625 19.2536 19.0379 0.0191833 0.0149513
355 300 18.8913 18.9415 18.9421 19.1625 19.1891 19.0253 0.0597766 0.0102581
329 300 18.8902 18.9415 18.9421 19.1625 19.1896 19.0252 0.0638562 0.00835728
198 0 18.8897 18.9415 18.9421 19.1625 19.1896 19.0251 0.0228322 0.0184797
258 300 18.8913 18.9415 18.9421 19.1625 19.1896 19.0254 0.0608369 0.010033
416 251 18.8902 18.9415 18.9421 19.1625 19.1896 19.0252 0.0616887 0.0117242
274 45 18.8897 18.9415 18.9421 19.1625 19.1896 19.0251 0.0268889 0.00810759
458 300 18.8913 18.9415 18.9421 19.1625 19.1896 19.0254 0.0709147 0.0190937
244 300 18.8902 18.9415 18.9421 19.1625 19.1896 19.0252 0.068339 0.00886562
416 300 18.8897 18.9415 18.9421 19.1625 19.1896 19.0251 0.0491737 0.00386501
318 84 18.8913 18.9415 18.9421 19.1625 19.1896 19.0254 0.0451286 0.0054971
154 3 18.8902 18.9415 18.9421 19.1625 19.1896 19.0252 0.0104858 0.00482511
221 2 18.8897 18.9415 18.9421 19.1625 19.1896 19.0251 0.0209894 0.0157446
253 300 18.8913 18.9415 18.9421 19.1625 19.1896 19.0254 0.055814 0.0156955
267 245 18.8902 18.9415 18.9421 19.1625 19.1896 19.0252 0.0489648 0.00689809
140 86 18.8897 18.9415 18.9421 19.1625 19.1896 19.0251 0.0345903 0.00750228
515 300 18.8913 18.9415 18.9421 19.1625 19.1896 19.0254 0.0696827 0.0124726
294 300 18.8902 18.9415 18.9421 19.1625 19.1896 19.0252 0.0494162 0.00881832
557 300 18.8897 18.9415 18.9421 19.1625 19.1896 19.0251 0.0530744 0.00844891
271 33 18.8913 18.9415 18.9421 19.1625 19.1896 19.0254 0.0354816 0.0168597
473 300 18.8902 18.9415 18.9421 19.1625 19.1896 19.0252 0.080012 0.0133528
177 120 18.8897 18.9415 18.9421 19.1625 19.1896 19.0251 0.065237 0.00848483
379 300 18.8913 18.9415 18.9421 19.1625 19.1896 19.0254 0.057532 0.00529804
236 290 18.8902 18.9415 18.9421 19.1625 19.1896 19.0252 0.0339852 0.0080843
173 300 18.8897 18.9415 18.9421 19.1625 19.1896 19.0251 0.0432271 0.00853821
266 0 18.8913 18.9415 18.9421 19.1625 19.1896 19.0254 0.013889 0.00942425
348 300 18.8902 18.9415 18.9421 19.1625 19.1896 19.0252 0.0528526 0.0149655
351 300 18.8897 18.9415 18.9421 19.1625 19.1896 19.0251 0.0626161 0.00589647
227 130 18.8913 18.9415 18.9421 19.1625 19.1896 19.0254 0.0563235 0.00842798
231 74 18.8902 18.9415 18.9421 19.1625 19.1896 19.0252 0.0527071 0.00767306
161 0 18.8897 18.9415 18.9421 19.1625 19.1896 19.0251 0.0122785 0.00802687
293 145 18.8913 18.9415 18.9421 19.1625 19.1896 19.0254 0.0520619 0.0165118
551 300 18.8902 18.9415 18.9421 19.1625 19.1896 19.0252 0.071453 0.00647974
361 300 18.8897 18.9415 18.9421 19.1625 19.1896 19.0251 0.0548585 0.0161575
257 136 18.8913 18.9415 18.9421 19.1625 19.1896 19.0254 0.0420886 0.00695054
139 0 18.8902 18.9415 18.9421 19.1625 19.1896 19.0252 0.0125864 0.0082437
172 21 18.8897 18.9415 18.9421 19.1625 19.1896 19.0251 0.0230363 0.00840491
343 300 18.8913 18.9415 18.9421 19.1625 19.1896 19.0254 0.0635145 0.0162599
381 300 18.8902 18.9415 18.9421 19.1625 19.1896 19.0252 0.0579981 0.00992619
206 12 18.8897 18.9415 18.9421 19.1625 19.1896 19.0251 0.0167304 0.00812384
327 138 18.8913 18.9415 18.9421 19.1625 19.1896 19.0254 0.084317 0.0179325
330 300 18.8902 18.9415 18.9421 19.1625 19.1896 19.0252 0.0618466 0.00806151
153 0 18.8897 18.9415 18.9421 19.1625 19.1896 19.0251 0.0206849 0.0160048
458 300 18.8913 18.9415 18.9421 19.1625 19.1896 19.0254 0.068125 0.0185239
464 300 18.8902 18.9415 18.9421 19.1625 19.1896 19.0252 0.0524728 0.0120238
163 0 18.8897 18.9415 18.9421 19.1625 19.1896 19.0251 0.0222687 0.0177474
316 159 18.8913 18.9415 18.9421 19.1625 19.1896 19.0254 0.057052 0.016913
259 32 18.8902 18.9415 18.9421 19.1625 19.1896 19.0252 0.0221567 0.00619144
180 6 18.8897 18.9415 18.9421 19.1625 19.1896 19.0251 0.0250707 0.0182966
330 300 18.8913 18.9415 18.9421 19.1625 19.1896 19.0254 0.0669577 0.00723839
126 1 18.8902 18.9415 18.9421 19.1625 19.1896 19.0252 0.0164557 0.0110307
129 0 18.8897 18.9415 18.9421 19.1625 19.1896 19.0251 0.0130535 0.00877544
