168 300 25.817 25.8902 26.3112 26.3842 26.4994 26.1804 0.0269311 0.000249143
249 300 25.7904 25.8165 25.937 26.2849 26.3109 26.0279 0.0285192 0.00730718
338 300 23.7257 25.1973 25.7912 25.8172 25.9378 25.2938 0.031654 0.0094899
187 66 20.3507 21.9857 22.739 23.6299 23.9557 22.5322 0.0283775 0.00908491
181 6 20.2142 21.9863 22.6053 23.6297 23.9561 22.4783 0.0203311 0.014482
226 115 20.2142 21.9863 22.6045 23.5727 23.6139 22.3983 0.0387639 0.00754084
807 300 20.2142 21.9863 22.6053 23.5715 23.6106 22.3976 0.0283528 0.00302472
235 300 20.2142 21.9863 22.6053 23.5715 23.6106 22.3976 0.0418695 0.00881403
435 300 20.2142 21.9863 22.6045 23.5715 23.6106 22.3974 0.0430137 0.0134941
371 300 20.2142 21.9863 22.6053 23.5715 23.6106 22.3976 0.0265002 0.00650404
318 300 20.2142 21.9863 22.6053 23.5715 23.6106 22.3976 0.0412162 0.00869291
312 300 20.2142 21.9863 22.6045 22.7279 23.5715 22.2209 0.0357219 0.00868622
521 300 20.2142 21.9863 22.6053 22.7324 23.5715 22.2219 0.0530764 0.0137935
340 300 20.2142 21.9863 22.2876 22.6053 22.7324 21.9652 0.0393681 0.0159975
655 300 20.2142 21.9863 22.2841 22.6045 22.7324 21.9643 0.0401195 0.0109741
567 300 20.2142 21.9863 22.2826 22.6053 22.7324 21.9641 0.0447934 0.0174382
656 300 20.2142 21.9863 22.2838 22.6053 22.7324 21.9644 0.0453285 0.0120621
258 300 20.2142 21.9122 21.9863 22.2841 22.6045 21.8003 0.0457792 0.00896484
532 300 20.2142 21.9093 21.9863 22.2826 22.6053 21.7995 0.0367953 0.0109119
370 300 20.0597 20.2142 20.7892 20.8362 21.4385 20.6676 0.0436392 0.00858149
757 300 20.0673 20.2142 20.5048 20.5639 21.4506 20.5602 0.0396952 0.0113148
333 300 20.0673 20.2142 20.5048 20.5639 21.367 20.5434 0.0336626 0.00929524
620 300 20.0673 20.2142 20.5048 20.5639 21.3768 20.5454 0.0538824 0.0180268
312 300 20.0673 20.2142 20.5048 20.5639 21.3768 20.5454 0.0345309 0.0082536
703 300 20.0673 20.2142 20.5048 20.5639 21.3768 20.5454 0.0473183 0.010897
329 300 20.0673 20.2142 20.5048 20.5639 21.3768 20.5454 0.0445225 0.0116004
792 300 20.0673 20.2142 20.5048 20.5639 21.3768 20.5454 0.0345336 0.0139617
791 300 20.0673 20.2142 20.5048 20.5639 21.3768 20.5454 0.0328652 0.0071275
835 300 20.0673 20.2142 20.5048 20.5639 21.3768 20.5454 0.0422696 0.0116161
319 168 20.0673 20.2142 20.5048 20.5639 21.3768 20.5454 0.0326185 0.00883328
585 300 20.0673 20.2142 20.5048 20.5639 21.3768 20.5454 0.0758685 0.0130831
653 300 20.0673 20.2142 20.5048 20.5639 21.3768 20.5454 0.0383943 0.00847236
572 300 20.0673 20.2142 20.5048 20.5639 21.3768 20.5454 0.0432983 0.0128446
442 300 20.0673 20.2142 20.5048 20.5639 21.3768 20.5454 0.0486744 0.019624
776 300 20.0673 20.2142 20.5048 20.5639 21.3768 20.5454 0.0321711 0.0128923
412 300 20.0673 20.2142 20.5048 20.5639 21.3768 20.5454 0.0319564 0.00931941
580 300 20.0673 20.2142 20.5048 20.5639 21.3768 20.5454 0.0453995 0.014326
521 300 20.0673 20.2142 20.5048 20.5639 21.3768 20.5454 0.0488092 0.0175352
578 300 20.0673 20.2142 20.5048 20.5639 21.3768 20.5454 0.0497718 0.0151011
462 300 20.0673 20.2142 20.5048 20.5639 21.3768 20.5454 0.0446852 0.0172281
558 300 18.886 20.0673 20.2142 20.5048 20.5639 20.0472 0.0378693 0.0104271
333 300 18.8327 20.0673 20.2142 20.5048 20.5639 20.0366 0.032405 0.00913567
661 300 18.8327 20.0673 20.2142 20.5048 20.5639 20.0366 0.0318269 0.0123012
247 100 18.8327 19.2519 19.2765 19.7444 20.0673 19.4346 0.0432498 0.00772067
766 300 18.8327 19.2533 19.2731 19.7603 20.0673 19.4373 0.0383141 0.0112071
271 52 18.8327 19.2533 19.2731 19.7603 20.0673 19.4373 0.0406019 0.016516
253 151 18.8327 19.2533 19.2731 19.7603 20.0673 19.4373 0.053342 0.0121115
459 300 18.8327 19.2533 19.2731 19.7603 20.0673 19.4373 0.0429811 0.0162632
772 300 18.8327 19.2533 19.2731 19.7603 20.0673 19.4373 0.0441968 0.0115154
661 300 18.8327 19.2533 19.2731 19.7603 20.0673 19.4373 0.0417726 0.0154648
434 300 18.8327 19.2533 19.2731 19.7603 20.0673 19.4373 0.0583899 0.0107611
300 300 18.8327 19.2533 19.2731 19.7603 20.0673 19.4373 0.0328991 0.00900098
728 300 18.8327 19.2533 19.2731 19.7603 20.0673 19.4373 0.0343428 0.00891284
586 300 18.8327 19.2533 19.2731 19.7603 20.0673 19.4373 0.0534894 0.0190318
437 300 18.8327 19.2533 19.2731 19.7603 20.0673 19.4373 0.0426291 0.00693977
191 4 18.8327 19.2533 19.2731 19.7603 20.0673 19.4373 0.0144806 0.00727658
575 300 18.8327 19.2533 19.2731 19.7603 20.0673 19.4373 0.0437836 0.0167421
325 114 18.8327 19.2533 19.2731 19.7603 20.0673 19.4373 0.0452743 0.00910309
645 300 18.8327 19.2533 19.2731 19.7603 20.0673 19.4373 0.0448141 0.0120801
518 300 18.8327 19.2533 19.2731 19.7603 20.0673 19.4373 0.0448836 0.00401116
703 300 18.8327 19.2533 19.2731 19.7603 20.0673 19.4373 0.0367865 0.0104068
166 28 18.8327 19.2533 19.2731 19.7603 20.0673 19.4373 0.0204689 0.00785317
793 300 18.8327 19.2533 19.2731 19.7603 20.0673 19.4373 0.0454605 0.0127291
277 300 18.8327 19.2533 19.2731 19.7603 20.0673 19.4373 0.046212 0.00848375
600 300 18.8327 19.2533 19.2731 19.7603 20.0673 19.4373 0.0361162 0.0103975
274 300 18.8327 19.2533 19.2731 19.7603 20.0673 19.4373 0.0398376 0.00836111
741 300 18.8327 19.2533 19.2731 19.7603 20.0673 19.4373 0.0408374 0.0128143
307 248 18.8327 19.2533 19.2731 19.7603 20.0432 19.4325 0.0309665 0.00876375
743 300 18.8327 19.2533 19.2731 19.7603 19.9636 19.4166 0.0366835 0.0121706
272 139 18.8327 19.2533 19.2731 19.4504 19.7603 19.3139 0.0229919 0.00804965
407 300 18.8327 19.2533 19.2731 19.4505 19.7603 19.314 0.0381647 0.00949277
228 102 18.8327 19.2533 19.2731 19.4505 19.7603 19.314 0.0281412 0.00865624
238 214 18.8327 19.2533 19.2731 19.4505 19.7603 19.314 0.0352392 0.00866598
454 300 18.8327 19.2533 19.2731 19.4505 19.7603 19.314 0.0484162 0.0176592
771 300 18.8327 19.2533 19.2731 19.4505 19.7603 19.314 0.0423664 0.0063898
486 300 18.8327 19.2533 19.2731 19.4505 19.7603 19.314 0.0657242 0.0194066
711 300 18.8327 19.2533 19.2731 19.4505 19.7603 19.314 0.031179 0.0133107
288 300 18.8327 19.2533 19.2731 19.4505 19.7603 19.314 0.0470638 0.0188631
606 300 18.8327 19.2533 19.2731 19.4505 19.7603 19.314 0.0404682 0.0102627
465 300 18.8327 19.2533 19.2731 19.4505 19.7603 19.314 0.039137 0.00859125
773 300 18.8327 19.2533 19.2731 19.4505 19.7603 19.314 0.0442721 0.0134446
299 300 18.8327 19.2533 19.2731 19.4505 19.7603 19.314 0.0314943 0.00852607
640 300 18.8327 19.2533 19.2731 19.4505 19.7603 19.314 0.0433479 0.0138289
315 300 18.8327 19.2533 19.2731 19.4505 19.7603 19.314 0.0337967 0.00885832
617 300 18.8327 19.2533 19.2731 19.4505 19.7603 19.314 0.0479454 0.015594
607 300 18.8327 19.2533 19.2731 19.4505 19.7603 19.314 0.0449731 0.0111022
685 300 18.8327 19.2533 19.2731 19.4505 19.7603 19.314 0.0485666 0.0126187
647 300 18.8327 19.2533 19.2731 19.4505 19.7603 19.314 0.0363274 0.00958702
637 300 18.8327 19.2533 19.2731 19.4505 19.7603 19.314 0.0426243 0.0133527
499 300 18.8327 19.2533 19.2731 19.4505 19.7603 19.314 0.0387871 0.0111601
492 300 18.8327 19.2533 19.2731 19.4505 19.7603 19.314 0.0380211 0.00758912
433 300 18.8327 19.2533 19.2731 19.4505 19.7603 19.314 0.0423437 0.0133894
610 300 18.8327 19.2533 19.2731 19.4505 19.7603 19.314 0.072196 0.0189261
312 38 18.8327 19.2533 19.2731 19.4505 19.7603 19.314 0.0328817 0.0183274
584 300 18.8327 19.2533 19.2731 19.4505 19.7603 19.314 0.064738 0.015525
486 300 18.8327 19.2533 19.2731 19.4505 19.7603 19.314 0.0468799 0.00906637
573 300 18.8327 19.2533 19.2731 19.4505 19.7603 19.314 0.0588107 0.0131525
224 0 18.8327 19.2533 19.2731 19.4505 19.7603 19.314 0.013582 0.00860553
497 300 18.8327 19.2533 19.2731 19.4505 19.7603 19.314 0.0471255 0.0219218
257 99 18.8327 19.2533 19.2731 19.4505 19.7603 19.314 0.0326126 0.00871218
469 300 18.8327 19.2533 19.2731 19.4505 19.7603 19.314 0.0488708 0.0134924
521 300 18.8327 19.2533 19.2731 19.4505 19.7603 19.314 0.0485959 0.0180632
599 300 18.8327 19.2533 19.2731 19.4505 19.7603 19.314 0.039611 0.0154049
445 300 18.8327 19.2533 19.2731 19.4505 19.7603 19.314 0.0376512 0.00929419
459 300 18.8327 19.2533 19.2731 19.4505 19.7603 19.314 0.0467082 0.0138146
350 300 18.8327 19.2533 19.2731 19.4505 19.7603 19.314 0.0358313 0.00856291
374 300 18.8327 19.2533 19.2731 19.4505 19.7603 19.314 0.0518172 0.0166847
272 300 18.8327 19.2533 19.2731 19.4359 19.4505 19.2491 0.0417628 0.00860395
419 300 18.8327 19.2533 19.2731 19.4505 19.4558 19.2531 0.0521308 0.0132264
291 300 18.8327 19.2533 19.2731 19.4505 19.4558 19.2531 0.0431868 0.00965327
556 300 18.8327 19.2533 19.2731 19.4505 19.4558 19.2531 0.0448536 0.0130381
445 300 18.8327 19.2533 19.2731 19.4505 19.4558 19.2531 0.0487158 0.0144801
591 300 18.8327 19.2533 19.2731 19.4505 19.4558 19.2531 0.0446377 0.014558
730 300 18.8327 19.2533 19.2731 19.4505 19.4558 19.2531 0.0424901 0.0161281
584 300 18.8327 19.2533 19.2731 19.4505 19.4558 19.2531 0.0352773 0.00647219
331 300 18.8327 19.2533 19.2731 19.4505 19.4558 19.2531 0.0415025 0.0182643
439 300 18.8327 19.2533 19.2731 19.4505 19.4558 19.2531 0.0433569 0.0155489
372 300 18.8327 19.2533 19.2731 19.4505 19.4558 19.2531 0.0451161 0.0125243
823 300 18.8327 19.2533 19.2731 19.4505 19.4558 19.2531 0.0475299 0.0135773
662 300 18.8327 19.2533 19.2731 19.4505 19.4558 19.2531 0.0491117 0.016591
348 300 18.8327 19.2533 19.2731 19.4505 19.4558 19.2531 0.0387885 0.00869514
319 300 18.8327 19.2533 19.2731 19.4505 19.4558 19.2531 0.0550169 0.0167486
585 300 18.8327 19.2533 19.2731 19.4505 19.4558 19.2531 0.0284949 0.00685359
348 300 18.8327 19.2533 19.2731 19.4505 19.4558 19.2531 0.0467694 0.00918981
729 300 18.8327 19.2533 19.2731 19.4505 19.4558 19.2531 0.0478365 0.0130756
341 300 18.8327 19.2533 19.2731 19.4505 19.4558 19.2531 0.0505888 0.0157631
840 300 18.8327 19.2533 19.2731 19.4505 19.4558 19.2531 0.0332721 0.0105684
373 300 18.8327 19.2533 19.2731 19.4505 19.4558 19.2531 0.0462009 0.0181245
776 300 18.8327 19.2533 19.2731 19.4505 19.4558 19.2531 0.0307873 0.0104919
391 300 18.8327 19.2533 19.2731 19.4505 19.4558 19.2531 0.03718 0.00762239
720 300 18.8327 19.2533 19.2731 19.4505 19.4558 19.2531 0.0413531 0.0144152
258 300 18.8327 19.0052 19.2533 19.2731 19.4505 19.1629 0.0426424 0.00940126
790 300 18.8327 18.8913 19.2533 19.2731 19.4505 19.1402 0.0510491 0.0110898
333 300 18.8327 18.8902 19.2533 19.2731 19.4505 19.14 0.0304511 0.00880871
467 300 18.8327 18.8897 19.2533 19.2731 19.4505 19.1399 0.0383813 0.00544135
379 300 18.8327 18.8913 19.2533 19.2731 19.4505 19.1402 0.0268682 0.00850242
260 300 18.8327 18.8902 19.2533 19.2731 19.4505 19.14 0.0489543 0.0174976
388 300 18.8327 18.8897 19.2533 19.2731 19.4505 19.1399 0.0487658 0.00874852
582 300 18.8327 18.8913 19.2533 19.2731 19.4505 19.1402 0.0621347 0.0168547
215 300 18.8327 18.8902 19.2533 19.2731 19.4505 19.14 0.0449875 0.0090491
823 300 18.8327 18.8897 19.2533 19.2731 19.4505 19.1399 0.0360187 0.0113912
283 300 18.8327 18.8913 19.2533 19.2731 19.4505 19.1402 0.0788415 0.00855699
844 300 18.8327 18.8902 19.2533 19.2731 19.4505 19.14 0.0264865 0.0044718
706 300 18.8327 18.8897 19.2533 19.2731 19.4505 19.1399 0.0404534 0.00967636
656 300 18.8327 18.8913 19.2533 19.2731 19.4505 19.1402 0.0419118 0.0087992
423 300 18.8327 18.8902 19.2533 19.2731 19.4505 19.14 0.0441553 0.0185072
777 300 18.8327 18.8897 19.2533 19.2731 19.4505 19.1399 0.0289787 0.0110719
441 300 18.8327 18.8913 19.2533 19.2731 19.4505 19.1402 0.0368254 0.00863275
561 300 18.8327 18.8902 19.2533 19.2731 19.4505 19.14 0.0445715 0.0171215
479 300 18.8327 18.8897 19.2533 19.2731 19.4505 19.1399 0.0424605 0.0188551
610 300 18.8327 18.8913 19.2533 19.2731 19.4505 19.1402 0.0458641 0.0132567
660 300 18.8327 18.8902 19.2533 19.2731 19.4505 19.14 0.0453757 0.0109824
565 300 18.8327 18.8897 19.2533 19.2731 19.4505 19.1399 0.0349891 0.00994028
609 300 18.8327 18.8913 19.2533 19.2731 19.4505 19.1402 0.0467432 0.0183652
572 300 18.8327 18.8902 19.2533 19.2731 19.4505 19.14 0.0520336 0.00553411
498 300 18.8327 18.8897 19.2533 19.2731 19.4505 19.1399 0.0372749 0.0097431
438 300 18.8327 18.8913 19.2533 19.2731 19.4505 19.1402 0.0380947 0.0108423
325 300 18.8327 18.8902 19.2533 19.2731 19.4505 19.14 0.0453245 0.0183138
168 300 25.817 25.8902 26.3112 26.3842 26.4994 26.1804 0.0269311 0.000249143
249 300 25.7904 25.8165 25.937 26.2849 26.3109 26.0279 0.0285192 0.00730718
266 184 20.9592 21.579 21.825 22.331 22.4939 21.8376 0.0430573 0.00951352
689 300 20.8599 21.1753 21.3352 21.8376 21.9095 21.4235 0.0331395 0.00531966
203 0 20.8599 21.1753 21.336 21.8373 21.9095 21.4236 0.0140764 0.00888941
459 300 20.8599 21.1753 21.3357 21.8371 21.9095 21.4235 0.0385992 0.0160466
343 300 20.8599 21.1753 21.3355 21.8376 21.9095 21.4236 0.0383168 0.00906983
228 108 20.8599 21.1753 21.336 21.8373 21.9095 21.4236 0.0617277 0.0152692
504 300 20.8599 21.1753 21.3357 21.8371 21.9095 21.4235 0.0309485 0.00895998
287 300 20.8599 21.1753 21.3355 21.8376 21.9095 21.4236 0.052624 0.01496
279 300 20.8599 21.1753 21.336 21.8373 21.9095 21.4236 0.0512614 0.0176428
725 300 20.8599 21.1753 21.3357 21.8371 21.9095 21.4235 0.0301295 0.0065526
383 300 20.8599 21.1753 21.3355 21.8376 21.9095 21.4236 0.0503005 0.0202205
911 300 20.8599 21.1753 21.336 21.8373 21.9095 21.4236 0.0250994 0.00424991
267 300 20.8599 21.1753 21.3357 21.8371 21.9095 21.4235 0.0449079 0.0166439
466 300 20.8599 21.1753 21.3355 21.8376 21.9095 21.4236 0.0374748 0.00759373
385 300 20.8599 21.1753 21.336 21.8373 21.9095 21.4236 0.0481729 0.00902627
388 300 20.8599 21.1753 21.3357 21.8371 21.9095 21.4235 0.0365635 0.00671612
230 300 20.5076 20.8599 21.1753 21.2411 21.3355 21.0239 0.0402306 0.00856607
477 300 20.502 20.8599 21.1753 21.249 21.336 21.0244 0.0369719 0.00827095
198 238 20.502 20.8599 21.1753 21.2423 21.3357 21.023 0.0445289 0.00888788
769 300 19.4522 20.502 20.8599 21.1672 21.1753 20.6313 0.054327 0.0112393
190 72 19.4505 20.502 20.8599 21.166 21.1753 20.6307 0.0362595 0.00876238
334 300 19.273 19.2796 19.4505 19.7582 19.7648 19.5052 0.0381074 0.0147543
460 300 19.2666 19.2731 19.4505 19.7488 19.7553 19.4989 0.0440592 0.0173749
667 300 19.2666 19.2731 19.4505 19.7488 19.7553 19.4989 0.0356643 0.00469477
375 300 19.2666 19.2731 19.4505 19.7488 19.7553 19.4989 0.0375538 0.00918459
279 197 19.2666 19.2731 19.4505 19.7488 19.7553 19.4989 0.0428689 0.0109312
377 300 19.2666 19.2731 19.4505 19.7488 19.7553 19.4989 0.0492772 0.0175271
392 300 19.2666 19.2731 19.4505 19.7488 19.7553 19.4989 0.0329826 0.00771965
227 0 19.2666 19.2731 19.4505 19.7488 19.7553 19.4989 0.0131899 0.00854811
344 300 19.2666 19.2731 19.4505 19.7488 19.7553 19.4989 0.0523674 0.0128333
521 300 19.2666 19.2731 19.4505 19.7488 19.7553 19.4989 0.0492327 0.0195474
587 300 19.2666 19.2731 19.4505 19.7488 19.7553 19.4989 0.0387661 0.00848916
210 120 19.2666 19.2731 19.4505 19.7488 19.7553 19.4989 0.0454176 0.0112389
731 300 19.2666 19.2731 19.4505 19.7488 19.7553 19.4989 0.0295378 0.00436825
161 60 19.2666 19.2731 19.4505 19.7488 19.7553 19.4989 0.030977 0.0092363
420 300 19.2666 19.2731 19.4505 19.7488 19.7553 19.4989 0.03873 0.0141638
282 300 19.2666 19.2731 19.4505 19.7488 19.7553 19.4989 0.0627076 0.00910646
665 300 19.2666 19.2731 19.4505 19.7488 19.7553 19.4989 0.0496505 0.0166866
652 300 19.2666 19.2731 19.4505 19.7488 19.7553 19.4989 0.0490684 0.0148902
476 300 19.2666 19.2731 19.4505 19.7488 19.7553 19.4989 0.0346405 0.00695603
205 270 19.2666 19.2731 19.4505 19.7488 19.7543 19.4986 0.0421612 0.00807781
677 300 19.2666 19.2731 19.4505 19.7488 19.7552 19.4988 0.0360217 0.00737203
255 251 19.2666 19.2731 19.4505 19.7488 19.7558 19.499 0.0368214 0.00885894
546 300 18.8332 19.2666 19.2731 19.4505 19.7206 19.3088 0.0327689 0.0150749
206 300 18.8327 18.8913 19.2666 19.2731 19.4505 19.1428 0.044963 0.00795521
327 300 18.8327 18.8902 19.2666 19.2731 19.4505 19.1426 0.0362214 0.00608987
232 0 18.8327 18.8897 19.2666 19.2731 19.4505 19.1425 0.0122181 0.00777199
275 100 18.8327 18.8913 19.2666 19.2731 19.4505 19.1428 0.0493595 0.0161067
184 10 18.8327 18.8902 19.2666 19.2731 19.4505 19.1426 0.0177398 0.0081869
293 300 18.8327 18.8897 19.2666 19.2731 19.4505 19.1425 0.0386568 0.00747094
219 300 18.8327 18.8913 19.2666 19.2731 19.4505 19.1428 0.0528357 0.0149428
635 300 18.8327 18.8902 19.2666 19.2731 19.4505 19.1426 0.0294677 0.00408647
331 300 18.8327 18.8897 19.2666 19.2731 19.4505 19.1425 0.0437305 0.00819339
476 300 18.8327 18.8913 19.2666 19.2731 19.4505 19.1428 0.0363603 0.00670303
391 300 18.8327 18.8902 19.2666 19.2731 19.4505 19.1426 0.046687 0.0178757
277 300 18.8327 18.8897 19.2666 19.2731 19.4505 19.1425 0.0482036 0.00737784
222 78 18.8327 18.8913 19.2666 19.2731 19.4505 19.1428 0.0342125 0.00854881
255 252 18.8327 18.8902 19.2666 19.2731 19.4505 19.1426 0.0469615 0.0179634
222 300 18.8327 18.8897 19.2666 19.2731 19.4505 19.1425 0.0460802 0.00833371
237 300 18.8327 18.8913 19.2666 19.2731 19.4505 19.1428 0.048397 0.00828507
242 144 18.8327 18.8902 19.2666 19.2731 19.4505 19.1426 0.0520713 0.0170786
443 300 18.8327 18.8897 19.2666 19.2731 19.4505 19.1425 0.0445129 0.00762278
183 0 18.8327 18.8913 19.2666 19.2731 19.4505 19.1428 0.0131017 0.00873729
307 300 18.8327 18.8902 19.2666 19.2731 19.4505 19.1426 0.0412872 0.0116382
214 0 18.8327 18.8897 19.2666 19.2731 19.4505 19.1425 0.0157224 0.0113338
481 300 18.8327 18.8913 19.2666 19.2731 19.4505 19.1428 0.0476526 0.0170693
227 285 18.8327 18.8902 19.2666 19.2731 19.4505 19.1426 0.0491575 0.0165663
338 300 18.8327 18.8897 19.1966 19.2666 19.2731 19.0917 0.0475279 0.00710197
268 0 18.8327 18.8913 19.1965 19.2666 19.2731 19.092 0.0204765 0.0160796
560 300 18.8327 18.8902 19.1965 19.2666 19.2731 19.0918 0.0501096 0.0180262
360 300 18.8327 18.8897 19.1965 19.2666 19.2731 19.0917 0.035928 0.0119567
284 300 18.8327 18.8913 19.1965 19.2666 19.2731 19.092 0.0404508 0.00718509
379 300 18.8327 18.8902 19.1965 19.2666 19.2731 19.0918 0.0488524 0.0173038
317 300 18.8327 18.8897 19.1965 19.2534 19.2666 19.0878 0.0318222 0.00670126
206 75 18.8327 18.8913 19.1965 19.2533 19.2666 19.0881 0.0248108 0.00847635
339 300 18.8327 18.8902 19.1965 19.2533 19.2666 19.0879 0.0375658 0.00737087
264 300 18.8327 18.8897 19.1965 19.2533 19.2666 19.0878 0.042035 0.00878605
750 300 18.8327 18.8913 19.1965 19.2533 19.2666 19.0881 0.0283481 0.00455467
181 130 18.8327 18.8902 19.1965 19.2533 19.2666 19.0879 0.0468884 0.00847326
331 300 18.8327 18.8897 19.1965 19.2533 19.2666 19.0878 0.0470374 0.00686523
263 300 18.8327 18.8913 19.1965 19.2533 19.2666 19.0881 0.0354586 0.00819536
431 300 18.8327 18.8902 19.1965 19.2533 19.2666 19.0879 0.0443065 0.00840986
227 0 18.8327 18.8897 19.1965 19.2533 19.2666 19.0878 0.0122543 0.00752621
308 300 18.8327 18.8913 19.1965 19.2533 19.2666 19.0881 0.0365813 0.0050891
311 300 18.8327 18.8902 19.1965 19.2533 19.2666 19.0879 0.0412751 0.0124427
224 188 18.8327 18.8897 19.1965 19.2533 19.2666 19.0878 0.038443 0.0094881
225 111 18.8327 18.8913 19.1965 19.2533 19.2666 19.0881 0.0444863 0.0108277
495 300 18.8327 18.8902 19.1965 19.2533 19.2666 19.0879 0.0313054 0.00713553
183 0 18.8327 18.8897 19.1965 19.2533 19.2666 19.0878 0.0131324 0.00878064
298 180 18.8327 18.8913 19.1965 19.2533 19.2666 19.0881 0.0572738 0.01735
227 300 18.8327 18.8902 19.1965 19.2533 19.2666 19.0879 0.0379183 0.00849017
252 35 18.8327 18.8897 19.1965 19.2533 19.2666 19.0878 0.0363623 0.0155589
794 300 18.8327 18.8913 19.1965 19.2533 19.2666 19.0881 0.0301488 0.00603117
301 300 18.8327 18.8902 19.1965 19.2533 19.2666 19.0879 0.0521848 0.0138383
246 0 18.8327 18.8897 19.1965 19.2533 19.2666 19.0878 0.0151326 0.00859727
543 300 18.8327 18.8913 19.1965 19.2533 19.2666 19.0881 0.0410878 0.0150675
294 300 18.8327 18.8902 19.1965 19.2533 19.2666 19.0879 0.0347586 0.00849139
568 300 18.8327 18.8897 19.1965 19.2533 19.2666 19.0878 0.0381923 0.0114288
257 300 18.8327 18.8913 19.1965 19.2533 19.2666 19.0881 0.0398087 0.0161627
398 300 18.8327 18.8902 19.1965 19.2533 19.2666 19.0879 0.0317215 0.00748287
345 120 18.8327 18.8897 19.1965 19.2533 19.2533 19.0851 0.038073 0.0138683
317 300 18.8327 18.8913 19.1965 19.2533 19.261 19.087 0.038442 0.0158089
237 300 18.8327 18.8902 19.1965 19.2533 19.261 19.0867 0.0482557 0.00830088
485 300 18.8327 18.8897 19.1965 19.2533 19.261 19.0866 0.0264855 0.00741213
780 300 18.8327 18.8913 19.1965 19.2533 19.261 19.087 0.0260809 0.0064138
243 300 18.8327 18.8902 19.1965 19.2533 19.261 19.0867 0.0351088 0.0135259
218 54 18.8327 18.8897 19.1965 19.2533 19.261 19.0866 0.0301528 0.00833411
306 34 18.8327 18.8913 19.1965 19.2533 19.261 19.087 0.0254409 0.0159062
219 16 18.8327 18.8902 19.1965 19.2533 19.261 19.0867 0.0164306 0.00816127
193 0 18.8327 18.8897 19.1965 19.2533 19.261 19.0866 0.0191273 0.014789
581 300 18.8327 18.8913 19.1965 19.2533 19.261 19.087 0.062916 0.0182857
837 300 18.8327 18.8902 19.1965 19.2533 19.261 19.0867 0.0303825 0.0040748
715 300 18.8327 18.8897 19.1965 19.2533 19.261 19.0866 0.0304875 0.00706921
838 300 18.8327 18.8913 19.1965 19.2533 19.261 19.087 0.0422238 0.00424145
844 300 18.8327 18.8902 19.1965 19.2533 19.261 19.0867 0.0248611 0.00410533
795 300 18.8327 18.8897 19.1965 19.2533 19.261 19.0866 0.0307062 0.0041225
787 300 18.8327 18.8913 19.1965 19.2533 19.261 19.087 0.0213307 0.00382326
777 300 18.8327 18.8902 19.1965 19.2533 19.261 19.0867 0.0248569 0.00404597
278 300 18.8327 18.8897 19.1965 19.2533 19.261 19.0866 0.0402608 0.00957635
525 300 18.8327 18.8913 19.1965 19.2533 19.261 19.087 0.0423575 0.00492098
229 280 18.8327 18.8902 19.1965 19.2533 19.261 19.0867 0.0314848 0.00880284
204 107 18.8327 18.8897 19.1965 19.2533 19.261 19.0866 0.0499079 0.0158503
484 300 18.8327 18.8913 19.1965 19.2533 19.261 19.087 0.0469608 0.0180947
235 106 18.8327 18.8902 19.1965 19.2533 19.261 19.0867 0.0503332 0.013364
790 300 18.8327 18.8897 19.1965 19.2533 19.261 19.0866 0.0464077 0.0171589
585 300 18.8327 18.8913 19.1965 19.2533 19.261 19.087 0.0530144 0.00586482
215 0 18.8327 18.8902 19.1965 19.2533 19.261 19.0867 0.0133746 0.00883874
539 300 18.8327 18.8897 19.1965 19.2533 19.261 19.0866 0.0455094 0.0187693
197 0 18.8327 18.8913 19.1965 19.2533 19.261 19.087 0.0131166 0.00862594
215 42 18.8327 18.8902 19.1965 19.2533 19.261 19.0867 0.0314068 0.0150571
209 300 18.8327 18.8897 19.1965 19.2533 19.261 19.0866 0.0353716 0.00904194
219 126 18.8327 18.8913 19.1965 19.2533 19.261 19.087 0.0498512 0.0157268
314 300 18.8327 18.8902 19.1965 19.2533 19.261 19.0867 0.0451092 0.0109851
322 300 18.8327 18.8897 19.1965 19.2533 19.261 19.0866 0.0422747 0.00563929
424 300 18.8327 18.8913 19.1965 19.2533 19.261 19.087 0.0505485 0.0166873
322 300 18.8327 18.8902 19.1965 19.2533 19.261 19.0867 0.0420559 0.00877121
349 300 18.8327 18.8897 19.1965 19.2533 19.261 19.0866 0.0411163 0.00930793
493 300 18.8327 18.8913 19.1965 19.2533 19.261 19.087 0.0327868 0.00491034
326 300 18.8327 18.8902 19.1965 19.2533 19.261 19.0867 0.0437488 0.0163188
315 300 18.8327 18.8897 19.1965 19.2533 19.261 19.0866 0.0488911 0.0124825
319 300 18.8327 18.8913 19.1965 19.2533 19.261 19.087 0.0393709 0.00875472
238 204 18.8327 18.8902 19.1965 19.2533 19.261 19.0867 0.0452549 0.0106346
222 146 18.8327 18.8897 18.9406 19.1965 19.2533 19.0226 0.0464733 0.00836393
260 282 18.8327 18.8913 18.9421 19.1893 19.1965 19.0104 0.0348432 0.00826478
209 0 18.8327 18.8902 18.9421 19.1896 19.1965 19.0102 0.013369 0.00899401
211 72 18.8327 18.8897 18.9421 19.1896 19.1965 19.0101 0.0448982 0.0189386
357 300 18.8327 18.8913 18.9421 19.1896 19.1965 19.0104 0.055334 0.0207307
358 300 18.8327 18.8902 18.9421 19.1896 19.1965 19.0102 0.0333891 0.00820062
307 300 18.8327 18.8897 18.9421 19.1896 19.1965 19.0101 0.0467726 0.0178184
312 300 18.8327 18.8913 18.9421 19.1896 19.1965 19.0104 0.0431578 0.0108135
228 300 18.8327 18.8902 18.9421 19.1896 19.1965 19.0102 0.0512555 0.00850003
342 300 18.8327 18.8897 18.9421 19.1896 19.1965 19.0101 0.0350568 0.00788711
478 300 18.8327 18.8913 18.9421 19.1896 19.1965 19.0104 0.0438085 0.0177234
325 300 18.8327 18.8902 18.9421 19.0722 19.1896 18.9854 0.040094 0.0106095
214 203 18.8327 18.8897 18.9421 19.0713 19.1896 18.9851 0.0479749 0.00830039
339 300 18.8327 18.8913 18.9421 19.0708 19.1896 18.9853 0.0680875 0.00797654
195 300 25.817 25.8903 26.4994 27.0297 27.0806 26.4634 0.0216581 0.000282826
200 289 22.5036 22.8582 24.9077 25.2623 25.7904 24.2644 0.0371688 0.00612251
563 300 22.3851 22.5055 24.7889 24.9094 25.7912 24.076 0.0529935 0.00781277
329 300 20.1004 22.3859 22.5066 24.5461 24.7897 22.8657 0.0330317 0.00636682
323 300 20.102 22.3855 22.508 24.5639 24.7894 22.8697 0.0334467 0.00891358
622 300 20.102 22.3851 22.5055 24.5639 24.7889 22.8691 0.033827 0.0128863
301 300 20.102 21.4534 21.5338 21.8615 21.9343 21.377 0.0542827 0.0199249
429 300 20.102 21.4876 21.5619 21.8789 21.9716 21.4004 0.0437731 0.0066842
166 20 20.102 21.4876 21.5619 21.8789 21.9716 21.4004 0.0232345 0.00784941
491 300 20.102 21.4876 21.5619 21.8789 21.9716 21.4004 0.0229447 0.00438332
793 300 20.102 21.4876 21.5619 21.8789 21.9716 21.4004 0.0243185 0.00767247
892 300 20.102 21.4876 21.5619 21.8789 21.9716 21.4004 0.0446346 0.0139495
236 8 20.102 21.4876 21.5619 21.8789 21.9716 21.4004 0.014695 0.00807318
209 300 20.102 21.3813 21.4876 21.5619 21.799 21.2664 0.0498373 0.0144758
261 0 20.102 20.8512 21.4876 21.5619 21.8073 21.162 0.0128321 0.00841863
385 300 20.102 20.8512 21.4876 21.5619 21.8073 21.162 0.0544533 0.0172131
595 300 20.102 20.8512 21.4876 21.5619 21.8073 21.162 0.0415428 0.0163186
678 300 20.102 20.8512 21.4876 21.5619 21.8073 21.162 0.0418381 0.0125663
305 300 18.8894 19.441 20.102 20.4486 20.8512 19.9464 0.0343792 0.00786763
772 300 18.8897 19.4558 20.102 20.4497 20.8512 19.9497 0.0327928 0.013038
391 300 18.8913 19.4558 20.102 20.4502 20.8512 19.9501 0.0481544 0.0157581
396 300 18.8902 19.4558 20.102 20.4498 20.8512 19.9498 0.0359667 0.00481554
360 300 18.8897 19.4558 20.102 20.4497 20.8512 19.9497 0.044734 0.0147545
789 300 18.8913 19.4558 20.102 20.4502 20.8512 19.9501 0.0287509 0.010016
455 300 18.8902 19.4558 20.102 20.4498 20.8512 19.9498 0.058313 0.0165703
715 300 18.8897 19.4558 20.102 20.4497 20.8512 19.9497 0.0384033 0.00946177
272 300 18.8913 19.2586 19.2654 19.4558 19.8327 19.3408 0.052179 0.0177817
813 300 18.8902 19.2585 19.2651 19.4558 19.8366 19.3413 0.0273824 0.00937105
601 300 18.8897 19.2585 19.2651 19.4558 19.8371 19.3413 0.0442007 0.0167463
418 300 18.8913 19.2585 19.2651 19.4558 19.8371 19.3416 0.0323735 0.00977859
353 300 18.8902 19.2585 19.2651 19.4558 19.8366 19.3413 0.0459054 0.00925448
516 300 18.8897 19.2585 19.2651 19.4558 19.8371 19.3413 0.0443402 0.0174384
259 102 18.8913 19.2585 19.2651 19.4558 19.8371 19.3416 0.0310341 0.00867336
690 300 18.8902 19.2585 19.2651 19.4558 19.8366 19.3413 0.0254517 0.00386249
355 300 18.8897 19.2585 19.2651 19.4558 19.8371 19.3413 0.0412284 0.0124832
710 300 18.8913 19.2585 19.2651 19.4558 19.8371 19.3416 0.0493056 0.0076956
529 300 18.8902 19.2585 19.2651 19.4558 19.8366 19.3413 0.040954 0.0177554
537 300 18.8897 19.2585 19.2651 19.4558 19.8371 19.3413 0.0416405 0.0139653
395 300 18.8913 19.2585 19.2651 19.4558 19.8371 19.3416 0.035295 0.00815122
671 300 18.8902 19.2585 19.2651 19.4558 19.8366 19.3413 0.0408288 0.0165373
672 300 18.8897 19.2585 19.2651 19.4558 19.8371 19.3413 0.039478 0.017309
703 300 18.8913 19.2585 19.2651 19.4558 19.8371 19.3416 0.0450434 0.0126568
501 300 18.8902 19.2585 19.2651 19.4558 19.8366 19.3413 0.0461286 0.0164161
674 300 18.8897 19.2585 19.2651 19.4558 19.8371 19.3413 0.0385092 0.0124195
846 300 18.8913 19.2585 19.2651 19.4558 19.8371 19.3416 0.0352175 0.004683
821 300 18.8902 19.2585 19.2651 19.4558 19.8366 19.3413 0.0305991 0.00641161
850 300 18.8897 19.2585 19.2651 19.4558 19.8371 19.3413 0.0215919 0.00396276
802 300 18.8913 19.2585 19.2651 19.4558 19.8371 19.3416 0.027188 0.00392693
784 300 18.8902 19.2585 19.2651 19.4558 19.8366 19.3413 0.0226131 0.00397755
767 300 18.8897 19.2585 19.2651 19.4558 19.8371 19.3413 0.0233881 0.00392667
827 300 18.8913 19.2585 19.2651 19.4558 19.8371 19.3416 0.0390101 0.00391366
762 300 18.8902 19.2585 19.2651 19.4558 19.8366 19.3413 0.0274642 0.00455903
624 300 18.8897 19.2585 19.2651 19.4558 19.8371 19.3413 0.0288634 0.00389652
768 300 18.8913 19.2585 19.2651 19.4558 19.8371 19.3416 0.0582485 0.0119229
663 300 18.8902 19.2585 19.2651 19.4558 19.8366 19.3413 0.045705 0.019266
824 300 18.8897 19.2585 19.2651 19.4558 19.8371 19.3413 0.0276616 0.00432479
294 300 18.8913 19.2585 19.2651 19.4558 19.8371 19.3416 0.0375308 0.00946894
582 300 18.8902 19.2585 19.2651 19.4558 19.8366 19.3413 0.0455765 0.0173392
353 300 18.8897 19.2585 19.2651 19.4558 19.7677 19.3274 0.0377243 0.00874445
704 300 18.8913 19.2585 19.2651 19.4558 19.7685 19.3278 0.0356417 0.0108503
516 300 18.8902 19.2585 19.2651 19.4558 19.7671 19.3273 0.0334002 0.00607684
757 300 18.8897 19.2585 19.2651 19.4558 19.7679 19.3274 0.0440978 0.0152746
312 24 18.8913 19.1957 19.2585 19.2585 19.2651 19.1738 0.017512 0.00905829
584 300 18.8902 19.1965 19.2585 19.261 19.2651 19.1743 0.0594781 0.0152858
304 300 18.8897 19.1965 19.2585 19.261 19.2651 19.1742 0.0380635 0.0087697
659 300 18.8913 19.1965 19.2585 19.261 19.2651 19.1745 0.0347478 0.0151297
404 300 18.8902 19.1965 19.2585 19.261 19.2651 19.1743 0.0339522 0.00883232
819 300 18.8897 19.1965 19.2585 19.261 19.2651 19.1742 0.0394985 0.013129
556 300 18.8913 19.1965 19.2585 19.261 19.2651 19.1745 0.0370065 0.0118349
598 300 18.8902 19.1965 19.2585 19.261 19.2651 19.1743 0.043908 0.0148062
490 300 18.8897 19.1965 19.2585 19.261 19.2651 19.1742 0.0475586 0.0176894
582 300 18.8913 19.1965 19.2585 19.261 19.2651 19.1745 0.0461702 0.0138635
752 300 18.8902 19.1965 19.2585 19.261 19.2651 19.1743 0.0371739 0.00875217
730 300 18.8897 19.1965 19.2585 19.261 19.2651 19.1742 0.033938 0.0125559
404 0 18.8913 19.1965 19.2585 19.261 19.2651 19.1745 0.0263996 0.016665
317 300 18.8902 19.1965 19.2585 19.261 19.2651 19.1743 0.0405672 0.0128807
764 300 18.8897 19.1965 19.2585 19.261 19.2651 19.1742 0.0450668 0.0192029
598 300 18.8913 19.1965 19.2585 19.261 19.2651 19.1745 0.0610455 0.0128838
390 300 18.8902 19.1965 19.2585 19.261 19.2651 19.1743 0.034929 0.00883945
843 300 18.8897 19.1965 19.2585 19.261 19.2651 19.1742 0.0314675 0.00613021
256 300 18.8913 19.1965 19.2585 19.261 19.2651 19.1745 0.0415688 0.0084602
812 300 18.8902 19.1965 19.2585 19.261 19.2651 19.1743 0.0283005 0.0083335
247 300 18.8897 19.1965 19.2585 19.261 19.2651 19.1742 0.0455036 0.00793404
522 300 18.8913 19.1965 19.2585 19.261 19.2651 19.1745 0.0472255 0.0177336
498 300 18.8902 19.1965 19.2585 19.261 19.2651 19.1743 0.0386874 0.00768633
554 300 18.8897 19.1965 19.2585 19.261 19.2651 19.1742 0.0448488 0.0165845
397 300 18.8913 19.1965 19.2585 19.261 19.2651 19.1745 0.0456201 0.0197873
663 300 18.8902 19.1965 19.2585 19.261 19.2651 19.1743 0.0359804 0.00783094
229 232 18.8897 19.1965 19.2585 19.261 19.2651 19.1742 0.044269 0.00892528
665 300 18.8913 19.1965 19.2585 19.261 19.2651 19.1745 0.027559 0.00720121
241 57 18.8902 19.1965 19.2585 19.261 19.2651 19.1743 0.0272104 0.0084842
417 300 18.8897 19.1965 19.2585 19.261 19.2651 19.1742 0.039266 0.0104823
282 300 18.8913 19.1965 19.2585 19.261 19.2651 19.1745 0.0696148 0.00832093
652 300 18.8902 19.1965 19.2585 19.261 19.2651 19.1743 0.0316271 0.00902649
250 168 18.8897 19.1965 19.2585 19.261 19.2651 19.1742 0.0373437 0.00887201
397 300 18.8913 19.1965 19.2585 19.261 19.2651 19.1745 0.0376284 0.0089121
770 300 18.8902 19.1965 19.2585 19.261 19.2651 19.1743 0.0381708 0.00837934
769 300 18.8897 19.1965 19.2585 19.261 19.2651 19.1742 0.0555639 0.0117246
320 300 18.8913 19.1965 19.2585 19.261 19.2651 19.1745 0.0395847 0.014407
425 300 18.8902 19.1965 19.2585 19.261 19.2651 19.1743 0.0507053 0.0121631
678 300 18.8897 19.1965 19.2585 19.261 19.2651 19.1742 0.0411699 0.0179126
515 300 18.8913 19.1965 19.2585 19.261 19.2651 19.1745 0.0257094 0.00801187
316 300 18.8902 19.1965 19.2585 19.261 19.2651 19.1743 0.0327322 0.00844076
562 300 18.8897 19.1965 19.2585 19.261 19.2651 19.1742 0.037757 0.0100244
302 300 18.8913 19.1965 19.2585 19.261 19.2651 19.1745 0.0452783 0.0156816
456 300 18.8902 19.1965 19.2585 19.261 19.2651 19.1743 0.0439666 0.0141547
380 300 18.8897 19.1965 19.2585 19.261 19.2651 19.1742 0.0508483 0.018609
565 300 18.8913 19.1965 19.2585 19.261 19.2651 19.1745 0.0396301 0.00737142
537 300 18.8902 19.1965 19.2585 19.261 19.2651 19.1743 0.0418363 0.0145042
396 300 18.8897 19.1965 19.2585 19.261 19.2651 19.1742 0.0364197 0.00849149
605 300 18.8913 19.1965 19.2585 19.261 19.2651 19.1745 0.0454039 0.0192863
503 300 18.8902 19.1965 19.2585 19.261 19.2651 19.1743 0.0421212 0.0125397
295 300 18.8897 19.1965 19.2585 19.261 19.2651 19.1742 0.0551639 0.0180097
572 300 18.8913 19.1965 19.2585 19.261 19.2651 19.1745 0.0236155 0.0059053
339 300 18.8902 19.1965 19.2585 19.261 19.2651 19.1743 0.0304531 0.00868177
724 300 18.8897 19.1965 19.2585 19.261 19.2651 19.1742 0.0405144 0.0120261
326 300 18.8913 19.1965 19.2585 19.261 19.2651 19.1745 0.0392892 0.00920063
552 0 18.8902 19.1965 19.2585 19.261 19.2651 19.1743 0.019842 0.0126687
366 300 18.8897 19.1965 19.2585 19.261 19.2651 19.1742 0.0433871 0.0176726
621 300 18.8913 19.1965 19.2585 19.261 19.2651 19.1745 0.0327136 0.0108517
659 300 18.8902 19.1965 19.2585 19.261 19.2651 19.1743 0.0277269 0.00901228
254 37 18.8897 19.1965 19.2585 19.261 19.2651 19.1742 0.0308871 0.0158111
258 260 18.8913 19.1965 19.2585 19.261 19.2651 19.1745 0.0372813 0.00831094
547 300 18.8902 19.1965 19.2585 19.261 19.2651 19.1743 0.0430044 0.0143499
292 300 18.8897 19.1965 19.2585 19.261 19.2651 19.1742 0.0375106 0.00824283
452 300 18.8913 19.1965 19.2585 19.261 19.2651 19.1745 0.0333347 0.00691388
252 0 18.8902 19.1965 19.2585 19.261 19.2651 19.1743 0.0128426 0.00827942
477 300 18.8897 19.1965 19.2585 19.261 19.2651 19.1742 0.0344055 0.00913179
351 300 18.8913 19.1965 19.2585 19.261 19.2651 19.1745 0.0540014 0.00820488
571 300 18.8902 19.1965 19.2585 19.261 19.2651 19.1743 0.0373511 0.00860553
346 300 18.8897 19.1965 19.2585 19.261 19.2651 19.1742 0.0317422 0.00930518
506 300 18.8913 19.1965 19.2585 19.261 19.2651 19.1745 0.0560744 0.0158484
594 300 18.8902 19.1965 19.2585 19.261 19.2651 19.1743 0.0312433 0.00822868
446 300 18.8897 19.1965 19.2585 19.261 19.2651 19.1742 0.0448601 0.016148
478 300 18.8913 19.1965 19.2585 19.261 19.2651 19.1745 0.0448575 0.00916394
757 300 18.8902 19.1965 19.2585 19.261 19.2651 19.1743 0.0324985 0.0116206
306 300 18.8897 19.1965 19.2585 19.261 19.2651 19.1742 0.0380046 0.00845426
649 300 18.8913 19.1965 19.2585 19.261 19.2651 19.1745 0.0370683 0.016503
320 300 18.8902 19.1965 19.2585 19.261 19.2651 19.1743 0.0599562 0.0086242
236 300 18.8897 19.1965 19.2585 19.261 19.2651 19.1742 0.0389503 0.0123123
303 300 18.8913 19.1965 19.2585 19.261 19.2651 19.1745 0.0460487 0.00990271
723 300 18.8902 19.1965 19.2585 19.261 19.2651 19.1743 0.0439742 0.0128384
269 245 18.8897 19.1965 19.2585 19.261 19.2651 19.1742 0.0398205 0.00908076
639 300 18.8913 19.1965 19.2585 19.261 19.2651 19.1745 0.0486619 0.0185086
272 24 18.8902 19.1965 19.2585 19.261 19.2651 19.1743 0.0203323 0.00973605
310 300 18.8897 19.1965 19.2585 19.261 19.2651 19.1742 0.0382283 0.0137223
305 300 18.8913 19.1965 19.2585 19.261 19.2651 19.1745 0.0336045 0.00903138
863 300 18.8902 19.1965 19.2585 19.261 19.2651 19.1743 0.0302621 0.00631036
315 300 18.8897 19.1965 19.2585 19.261 19.2651 19.1742 0.0391629 0.010453
486 300 18.8913 19.1965 19.2585 19.261 19.2651 19.1745 0.0431899 0.0122679
278 300 18.8902 19.1965 19.2585 19.261 19.2651 19.1743 0.0618474 0.0170334
506 300 18.8897 19.1965 19.2585 19.261 19.2651 19.1742 0.0340355 0.00413127
327 300 18.8913 19.1965 19.2585 19.261 19.2651 19.1745 0.0383992 0.00806254
772 300 18.8902 19.1965 19.2585 19.261 19.2651 19.1743 0.0529903 0.0159591
243 300 18.8897 19.1965 19.2585 19.261 19.2651 19.1742 0.0483113 0.0083768
421 300 18.8913 19.1965 19.2585 19.261 19.2651 19.1745 0.0341493 0.00657332
246 40 18.8902 19.1965 19.2585 19.261 19.2651 19.1743 0.0226164 0.00821875
240 300 18.8897 19.1965 19.2585 19.261 19.2651 19.1742 0.0703686 0.0162895
168 300 22.4004 22.636 23.4114 23.6131 23.6416 23.1405 0.0263715 0.000253622
340 300 20.2793 20.3073 21.435 21.8673 21.8953 21.1569 0.0327367 0.0049415
298 267 20.274 20.3135 21.0984 21.4476 21.8671 21.0001 0.0387694 0.0124349
328 300 20.274 20.3135 20.9938 21.4502 21.8671 20.9797 0.039802 0.00830136
239 104 20.274 20.3135 20.9938 21.4506 21.8671 20.9798 0.0388436 0.0155056
664 300 20.1661 20.274 20.3135 20.6491 20.9938 20.4793 0.029704 0.00533556
293 300 20.1976 20.274 20.3135 20.6817 20.9938 20.4921 0.051736 0.0159952
717 300 18.6374 19.4558 20.1972 20.274 20.3135 19.7756 0.0363056 0.00646105
203 0 18.6374 19.4505 20.1977 20.274 20.3135 19.7746 0.0190718 0.0142132
365 300 18.6374 19.4505 20.1976 20.274 20.3135 19.7746 0.042366 0.00602401
243 300 18.6374 19.1661 19.4505 19.496 20.0465 19.3593 0.0375216 0.0134228
207 72 18.6374 19.1609 19.4505 19.4936 20.0604 19.3605 0.0351229 0.0139703
289 94 18.6374 19.1609 19.4505 19.4936 20.0604 19.3605 0.0429914 0.0146187
286 300 18.6374 19.1609 19.4505 19.4936 20.0604 19.3605 0.0426456 0.00872373
244 0 18.6374 19.1609 19.4505 19.4936 20.0604 19.3605 0.0200393 0.0156693
293 300 18.6374 19.1609 19.4505 19.4936 19.8476 19.318 0.036101 0.0154123
222 68 18.6374 19.1609 19.4505 19.4936 19.8614 19.3207 0.0320843 0.013423
277 238 18.6374 19.1609 19.4505 19.4936 19.8613 19.3207 0.0483739 0.00722507
206 300 18.6374 19.1609 19.4505 19.4936 19.8609 19.3206 0.0350539 0.00766617
275 300 18.6374 19.1609 19.4505 19.4936 19.8614 19.3207 0.048915 0.0146769
210 150 18.6374 19.1609 19.4505 19.4936 19.7667 19.3018 0.0256062 0.00810119
390 300 18.6374 19.1609 19.4505 19.4936 19.7672 19.3019 0.0371815 0.0123472
213 300 18.6374 19.1609 19.2523 19.4505 19.4936 19.1989 0.0323771 0.00781808
185 194 18.6374 19.1609 19.2532 19.2536 19.4505 19.1511 0.052898 0.0147247
252 70 18.6374 19.1609 19.2536 19.261 19.4505 19.1527 0.028973 0.00803639
226 300 18.6374 19.1609 19.165 19.2536 19.261 19.0956 0.0367799 0.00552609
577 300 18.6374 19.1609 19.1665 19.2536 19.261 19.0959 0.04196 0.0113026
246 286 18.6374 19.1609 19.1665 19.2536 19.261 19.0959 0.0321508 0.0094027
408 300 18.6374 19.1609 19.1665 19.2536 19.261 19.0959 0.0413101 0.0145477
608 300 18.6374 19.1609 19.1665 19.2536 19.261 19.0959 0.0456314 0.00932881
269 300 18.6374 19.1609 19.1665 19.2536 19.261 19.0959 0.0452391 0.0149835
471 300 18.6374 19.1609 19.1665 19.2536 19.261 19.0959 0.0396363 0.0051247
204 7 18.6374 19.1609 19.1665 19.2536 19.261 19.0959 0.0155941 0.00769399
780 300 18.6374 19.1609 19.1665 19.2536 19.261 19.0959 0.0490183 0.0122653
474 300 18.6374 19.1609 19.1665 19.2536 19.261 19.0959 0.0633766 0.0147146
405 300 18.6374 19.1609 19.1665 19.2536 19.261 19.0959 0.0432621 0.00596251
508 300 18.6374 19.1609 19.1665 19.2536 19.261 19.0959 0.0584914 0.0150119
482 300 18.6374 19.1609 19.1665 19.2536 19.261 19.0959 0.0527827 0.00858882
318 300 18.6374 19.1609 19.1665 19.2536 19.261 19.0959 0.041193 0.0123851
422 300 18.6374 19.1609 19.1665 19.2536 19.261 19.0959 0.0392168 0.011534
271 300 18.6374 19.1609 19.1665 19.2536 19.261 19.0959 0.0412166 0.0148006
642 300 18.6374 19.1609 19.1665 19.2536 19.261 19.0959 0.0602254 0.00900327
197 300 18.6374 19.1609 19.1665 19.2536 19.261 19.0959 0.0307602 0.00821389
268 300 18.6374 19.1609 19.1665 19.2536 19.261 19.0959 0.0461609 0.0132965
192 44 18.6374 19.1609 19.1665 19.2536 19.261 19.0959 0.0323527 0.0144813
223 177 18.6374 19.1609 19.1665 19.2536 19.261 19.0959 0.0495321 0.0112571
537 300 18.6374 19.1609 19.1665 19.2536 19.261 19.0959 0.0343407 0.00624995
806 300 18.6374 19.1609 19.1665 19.2536 19.261 19.0959 0.0392207 0.00351511
887 300 18.6374 19.1609 19.1665 19.2536 19.261 19.0959 0.0389085 0.0032645
860 300 18.6374 19.1609 19.1665 19.2536 19.261 19.0959 0.0453445 0.00331484
822 300 18.6374 19.1609 19.1665 19.2536 19.261 19.0959 0.0971646 0.00330539
801 300 18.6374 19.1609 19.1665 19.2536 19.261 19.0959 0.0265738 0.00323339
772 300 18.6374 19.1609 19.1665 19.2536 19.261 19.0959 0.0303371 0.00357982
342 300 18.6374 19.1609 19.1665 19.2536 19.261 19.0959 0.0461133 0.0168477
379 300 18.6374 19.1609 19.1665 19.2536 19.261 19.0959 0.041034 0.00875334
194 0 18.6374 19.1609 19.1665 19.2536 19.261 19.0959 0.0182199 0.00819984
227 200 18.6374 19.1609 19.1665 19.2536 19.261 19.0959 0.0406424 0.0125408
455 300 18.6374 19.1609 19.1665 19.2536 19.261 19.0959 0.0431934 0.0198632
499 300 18.6374 19.1609 19.1665 19.2536 19.261 19.0959 0.036075 0.00793362
203 10 18.6374 19.1609 19.1665 19.2536 19.261 19.0959 0.0135734 0.00769348
415 300 18.6374 19.1609 19.1665 19.2536 19.261 19.0959 0.0384478 0.0149468
209 61 18.6374 19.1609 19.1665 19.2536 19.261 19.0959 0.0354359 0.0144039
450 300 18.6374 19.1609 19.1665 19.2536 19.261 19.0959 0.0407886 0.0113332
191 219 18.6374 19.1609 19.1665 19.2536 19.261 19.0959 0.0363546 0.00783753
188 300 18.6374 19.1609 19.1665 19.2536 19.261 19.0959 0.0452192 0.00646463
451 300 18.6374 19.0714 19.1609 19.1665 19.2536 19.058 0.0419048 0.0153483
464 300 18.6374 19.0709 19.1609 19.1665 19.2536 19.0579 0.0332868 0.00851431
457 300 18.6374 19.0725 19.1609 19.1665 19.2536 19.0582 0.0503872 0.0166752
335 300 18.6374 19.0714 19.1609 19.1665 19.2536 19.058 0.0295579 0.00898431
302 287 18.6374 19.0709 19.1609 19.1665 19.2536 19.0579 0.0416592 0.0144166
444 300 18.6374 19.0725 19.1609 19.1665 19.2536 19.0582 0.0445815 0.00778777
808 300 18.6374 19.0714 19.1609 19.1665 19.2536 19.058 0.0592241 0.0160506
551 300 18.6374 19.0709 19.1609 19.1665 19.2536 19.0579 0.0458485 0.0111428
266 300 18.6374 19.0725 19.1609 19.1665 19.2536 19.0582 0.0397738 0.00855384
500 300 18.6374 19.0714 19.1609 19.1665 19.2536 19.058 0.0488398 0.00672098
663 300 18.6374 19.0709 19.1609 19.1665 19.2536 19.0579 0.149754 0.0169663
625 300 18.6374 19.0725 19.1609 19.1665 19.2536 19.0582 0.0356653 0.00582984
498 300 18.6374 19.0714 19.1609 19.1665 19.2536 19.058 0.0543316 0.00567068
330 300 18.6374 19.0709 19.1609 19.1665 19.2536 19.0579 0.0353626 0.00677892
281 222 18.6374 19.0725 19.1609 19.1665 19.2536 19.0582 0.0305399 0.00788353
341 300 18.6374 19.0714 19.1609 19.1665 19.2536 19.058 0.0528357 0.016549
304 300 18.6374 19.0709 19.1609 19.1665 19.2536 19.0579 0.0360917 0.0105751
195 134 18.6374 19.0725 19.1609 19.1665 19.2536 19.0582 0.0392661 0.00863106
345 300 18.6374 19.0714 19.1609 19.1665 19.2536 19.058 0.0499115 0.00860369
476 300 18.6374 19.0709 19.1609 19.1665 19.2536 19.0579 0.0452627 0.0170055
323 300 18.6374 19.0725 19.1609 19.1665 19.2536 19.0582 0.0370008 0.00980627
526 300 18.6374 19.0714 19.1609 19.1665 19.2536 19.058 0.0480519 0.0168704
620 300 18.6374 19.0709 19.1609 19.1665 19.2536 19.0579 0.0392932 0.00498198
379 300 18.6374 18.8829 19.0725 19.1609 19.1665 18.984 0.0380849 0.0164252
361 300 18.6374 19.0714 19.1609 19.1665 20.7145 19.3501 0.0344882 0.00927345
219 140 18.6374 19.0709 19.1609 19.1665 20.3135 19.2698 0.0404593 0.0168007
213 27 18.6374 19.0725 19.1609 19.1665 20.3135 19.2702 0.0246208 0.0105339
451 300 18.6374 19.0714 19.1609 19.1665 20.3135 19.2699 0.0477424 0.0168881
303 300 18.6374 19.0709 19.1609 19.1665 20.3135 19.2698 0.0404082 0.00972779
455 300 18.6374 19.0725 19.1609 19.1665 20.3135 19.2702 0.0456635 0.0181904
340 300 18.6374 19.0714 19.1609 19.1665 20.3135 19.2699 0.0367663 0.00998363
258 300 18.6374 19.0709 19.1609 19.1665 20.3135 19.2698 0.0338661 0.0154971
357 300 18.6374 19.0725 19.1609 19.1665 20.3135 19.2702 0.049013 0.0137798
601 300 18.6374 19.0714 19.1609 19.1665 20.3135 19.2699 0.0642286 0.0169754
405 300 18.6374 19.0709 19.1609 19.1665 20.3135 19.2698 0.0353868 0.0101099
255 0 18.6374 19.0725 19.1609 19.1665 20.3135 19.2702 0.0133114 0.00891094
466 300 18.6374 19.0714 19.1609 19.1665 20.3135 19.2699 0.0538162 0.0137759
219 300 18.6374 19.0709 19.1609 19.1665 20.3135 19.2698 0.0423469 0.00827698
450 300 18.6374 19.0725 19.1609 19.1665 20.3135 19.2702 0.032527 0.0071594
217 0 18.6374 19.0714 19.1609 19.1665 20.3135 19.2699 0.0199562 0.0155114
474 300 18.6374 19.0709 19.1609 19.1665 20.3135 19.2698 0.0490597 0.00884386
207 0 18.6374 19.0725 19.1609 19.1665 20.3135 19.2702 0.0123882 0.00793687
662 300 18.6374 19.0714 19.1609 19.1665 20.3135 19.2699 0.0468732 0.014651
411 300 18.6374 19.0709 19.1609 19.1665 19.8751 19.1822 0.0421132 0.0177402
565 300 18.6374 19.0725 19.1609 19.1665 19.873 19.182 0.0485004 0.0121878
263 300 18.6374 19.0714 19.1609 19.1665 19.873 19.1818 0.0311477 0.00912595
270 300 18.6374 19.0709 19.1609 19.1665 19.873 19.1817 0.0375826 0.0122208
300 174 18.6374 19.0725 19.1609 19.1665 19.873 19.182 0.0329228 0.00867433
276 236 18.6374 19.0714 19.1609 19.1665 19.2466 19.0566 0.0310763 0.00908151
218 0 18.6374 19.0709 19.1609 19.1665 19.2601 19.0592 0.0139162 0.00937288
253 204 18.6374 19.0725 19.1609 19.1665 19.2601 19.0595 0.0378836 0.00882112
184 193 18.6374 19.0714 19.1609 19.1665 19.2601 19.0593 0.0429007 0.00900526
282 300 18.6374 19.0709 19.1609 19.1665 19.2462 19.0564 0.0399937 0.00845419
244 226 18.6374 19.0725 19.1609 19.1665 19.2532 19.0581 0.0347996 0.0086434
145 300 18.6374 19.0714 19.1609 19.1665 19.2532 19.0579 0.054774 0.0157022
268 0 18.6374 19.0709 19.1609 19.1665 19.2532 19.0578 0.0123056 0.00783768
481 300 18.6374 19.0725 19.1609 19.1665 19.2532 19.0581 0.0344783 0.0125844
223 300 18.6374 19.0714 19.1609 19.1665 19.2532 19.0579 0.032051 0.00825961
220 177 18.6374 19.0709 19.1609 19.1665 19.2532 19.0578 0.0469425 0.0117431
358 300 18.6374 19.0725 19.1609 19.1665 19.2532 19.0581 0.0545562 0.0142054
312 300 18.6374 19.0714 19.1609 19.1665 19.2532 19.0579 0.0394548 0.00830881
300 300 18.6374 19.0709 19.1609 19.1665 19.2532 19.0578 0.0429255 0.00804492
331 300 18.6374 19.0725 19.1609 19.1665 19.2532 19.0581 0.0390889 0.00925765
215 300 18.6374 19.0714 19.1609 19.1665 19.2532 19.0579 0.0406149 0.00892151
331 0 18.6374 19.0709 19.1609 19.1665 19.2532 19.0578 0.0264396 0.00955439
425 300 18.6374 19.0725 19.1609 19.1665 19.2532 19.0581 0.0405786 0.0169563
625 300 18.6374 19.0714 19.1609 19.1665 19.2532 19.0579 0.0698938 0.00700487
331 300 18.6374 19.0709 19.1609 19.1665 19.2532 19.0578 0.0376628 0.00972691
230 300 18.6374 19.0725 19.1609 19.1665 19.2532 19.0581 0.0350286 0.00796888
406 300 18.6374 19.0714 19.1609 19.1665 19.2532 19.0579 0.0488217 0.0131918
193 47 18.6374 19.0709 19.1609 19.1665 19.2532 19.0578 0.026947 0.00821765
238 300 18.6374 19.0725 19.1609 19.1665 19.2532 19.0581 0.0416118 0.0153027
332 300 18.6374 19.0714 19.1609 19.1665 19.2532 19.0579 0.0352556 0.00880382
646 300 18.6374 19.0709 19.1609 19.1665 19.2532 19.0578 0.0438434 0.014621
570 300 18.6374 19.0725 19.1609 19.1665 19.2532 19.0581 0.049591 0.0163229
421 300 18.6374 19.0714 19.1609 19.1665 19.2532 19.0579 0.0346515 0.00531044
271 0 18.6374 19.0709 19.1609 19.1665 19.2532 19.0578 0.012553 0.0082132
297 300 18.6374 19.0725 19.1609 19.1665 19.2532 19.0581 0.0361728 0.00829319
254 195 18.6374 19.0714 19.1609 19.1665 19.2532 19.0579 0.0395726 0.0159898
323 300 18.6374 19.0709 19.1609 19.1665 19.2532 19.0578 0.0352611 0.00754563
690 300 18.6374 19.0725 19.1609 19.1665 19.2532 19.0581 0.0730006 0.00780545
565 300 18.6374 19.0714 19.1609 19.1665 19.2532 19.0579 0.0521696 0.0131299
457 300 18.6374 19.0709 19.1609 19.1665 19.2532 19.0578 0.0413958 0.0057331
175 0 18.6374 19.0725 19.1609 19.1665 19.2532 19.0581 0.013899 0.00838174
559 300 18.6374 19.0714 19.1609 19.1665 19.2532 19.0579 0.0534973 0.0184902
410 300 18.6374 19.0709 19.1609 19.1665 19.2532 19.0578 0.0473977 0.0165042
534 300 18.6374 19.0725 19.1609 19.1665 19.2532 19.0581 0.0477692 0.00481381
210 7 18.6374 19.0714 19.1609 19.1665 19.2532 19.0579 0.0145406 0.00892906
431 300 18.6374 19.0709 19.1609 19.1665 19.2532 19.0578 0.0530172 0.0175541
193 76 18.6374 19.0725 19.1609 19.1665 19.2532 19.0581 0.0325296 0.00826949
319 300 18.6374 19.0714 19.1609 19.1665 19.2487 19.057 0.0392232 0.015184
329 300 18.6374 19.0709 19.1609 19.1665 19.1965 19.0464 0.0394395 0.0150146
326 300 18.6374 19.0725 19.1609 19.1665 19.1965 19.0468 0.0422539 0.0104574
