112 0 0 0 0 0 0 -1 0.00562446 0.0003822
173 0 0 0 0 0 0 -1 0.00439894 0.000156032
174 46 23.0485 23.5457 25.0493 25.2141 25.5428 24.4801 0.0371846 0.00025902
281 43 19.7672 20.2688 21.6796 21.7965 22.1738 21.1371 0.0304609 0.0115866
375 44 19.7672 20.2688 21.2292 21.6798 21.7965 20.9483 0.031723 0.0116982
245 0 19.7672 20.2688 21.2375 21.6776 21.7965 20.9495 0.0200056 0.0157776
549 300 19.7672 20.2688 21.2308 21.6796 21.7965 20.9486 0.0414354 0.0130623
288 300 19.7672 20.2688 21.2309 21.6798 21.7965 20.9486 0.0483145 0.00502584
173 177 19.2099 19.7672 19.7718 20.1223 20.2688 19.828 0.055608 0.00840253
302 15 19.1614 19.7224 19.7552 19.7672 20.2688 19.735 0.0166397 0.00552577
152 0 19.1614 19.7187 19.7558 19.7672 20.2688 19.7344 0.0138469 0.0095341
149 4 19.1614 19.7187 19.7544 19.7672 20.2688 19.7341 0.014285 0.00615881
391 222 19.1614 19.7187 19.7552 19.7672 20.2688 19.7342 0.0765437 0.00722785
433 300 19.1614 19.7187 19.7558 19.7672 20.2688 19.7344 0.0537188 0.00508189
211 7 19.1614 19.7187 19.7544 19.7672 20.2688 19.7341 0.0157214 0.00789669
496 300 19.1614 19.7187 19.7552 19.7672 20.2688 19.7342 0.0616591 0.0144588
272 0 19.1614 19.7187 19.7558 19.7672 20.2688 19.7344 0.0170332 0.010937
390 0 19.1614 19.7187 19.7544 19.7672 20.2688 19.7341 0.0277692 0.0167842
184 66 19.1614 19.2523 19.7187 19.7552 19.7672 19.531 0.0744678 0.0199657
334 300 19.1614 19.2601 19.7187 19.7558 19.7672 19.5326 0.0568858 0.00360074
580 300 19.1614 19.2601 19.7187 19.7544 19.7672 19.5324 0.058194 0.0164715
375 300 19.1614 19.2601 19.7187 19.7552 19.7672 19.5325 0.0553479 0.00362936
177 46 19.1614 19.2601 19.7187 19.7558 19.7672 19.5326 0.0428373 0.0117929
218 16 19.1614 19.2601 19.7187 19.7544 19.7672 19.5324 0.0347744 0.0120506
560 300 19.1614 19.2601 19.7187 19.7552 19.7672 19.5325 0.0517382 0.0124444
299 300 19.1614 19.2601 19.7187 19.7558 19.7672 19.5326 0.0662221 0.0100946
212 0 19.1614 19.2601 19.7187 19.7544 19.7672 19.5324 0.0128102 0.00851126
372 300 19.1614 19.2601 19.7187 19.7552 19.7672 19.5325 0.106055 0.00896805
395 300 19.1614 19.2601 19.7187 19.7558 19.7672 19.5326 0.0501023 0.00785289
189 15 19.1614 19.2601 19.7187 19.7544 19.7672 19.5324 0.0219004 0.0124215
571 300 19.1614 19.2601 19.7187 19.7552 19.7672 19.5325 0.0581947 0.00662606
327 36 19.1614 19.2601 19.7187 19.7558 19.7672 19.5326 0.0292569 0.0071729
232 112 19.1614 19.2601 19.7187 19.7544 19.7672 19.5324 0.109003 0.0152399
400 300 19.1614 19.2601 19.4389 19.7187 19.7552 19.4669 0.0552638 0.0038004
438 300 19.1614 19.2601 19.4558 19.7187 19.7558 19.4704 0.0527533 0.00858428
409 300 19.1614 19.2601 19.4558 19.7187 19.7544 19.4701 0.0831804 0.0109175
211 0 19.1614 19.2601 19.4558 19.7187 19.7552 19.4703 0.012546 0.00821531
171 4 19.1614 19.2601 19.4558 19.7187 19.7459 19.4684 0.0156637 0.0083998
457 300 19.1614 19.2601 19.4558 19.7187 19.7605 19.4713 0.0758416 0.00796079
208 0 19.1614 19.2601 19.4558 19.7187 19.7603 19.4713 0.0124779 0.0081181
270 293 19.1614 19.2601 19.4558 19.7187 19.7603 19.4713 0.0761292 0.00864838
495 300 19.1614 19.2601 19.4558 19.7187 19.7603 19.4713 0.0721881 0.00565662
330 200 19.1614 19.2601 19.4558 19.7187 19.7603 19.4713 0.0954556 0.0225033
462 300 19.1614 19.2601 19.4558 19.7187 19.7603 19.4713 0.0626861 0.00668773
240 0 19.1614 19.2601 19.4558 19.7187 19.7603 19.4713 0.0166861 0.0119794
203 5 19.1614 19.2601 19.4558 19.7187 19.7603 19.4713 0.01636 0.00931857
380 300 19.1614 19.2601 19.4558 19.7187 19.7603 19.4713 0.0902409 0.00964152
308 300 19.1614 19.2601 19.4558 19.7187 19.7603 19.4713 0.0652598 0.0080897
333 300 19.1614 19.2601 19.4558 19.7187 19.7603 19.4713 0.0907106 0.0196563
410 300 19.1614 19.2601 19.4558 19.7187 19.7462 19.4685 0.0407678 0.00763726
205 4 19.1614 19.2601 19.4558 19.7187 19.7538 19.47 0.0156797 0.00868868
493 300 19.1614 19.2601 19.4558 19.7187 19.7538 19.47 0.0881152 0.017367
278 0 19.1614 19.2601 19.4558 19.7187 19.7538 19.47 0.013553 0.00921649
483 300 19.1614 19.2601 19.4558 19.7187 19.7538 19.47 0.0430904 0.00446585
579 300 19.1614 19.2601 19.4558 19.7187 19.7538 19.47 0.0619592 0.0044328
158 10 19.1614 19.2601 19.4558 19.7187 19.7538 19.47 0.0195943 0.00836526
247 162 19.1614 19.2601 19.4558 19.7187 19.7538 19.47 0.0880925 0.00751625
333 300 19.1614 19.2601 19.4558 19.7187 19.7538 19.47 0.0516478 0.00622427
411 300 19.1614 19.2601 19.4558 19.7187 19.7538 19.47 0.089646 0.0108104
455 300 19.1614 19.2601 19.4558 19.7187 19.7538 19.47 0.0891584 0.0100219
487 300 19.1614 19.2601 19.4558 19.7187 19.7538 19.47 0.0791056 0.0187136
275 300 19.1614 19.2601 19.4558 19.7187 19.7538 19.47 0.0802277 0.00688871
173 25 19.1614 19.2601 19.4558 19.7187 19.7538 19.47 0.0265409 0.00880971
305 201 19.1614 19.2601 19.4558 19.7187 19.7538 19.47 0.0951764 0.0145542
403 300 19.1614 19.2601 19.4558 19.7187 19.7538 19.47 0.0668982 0.0118751
237 126 19.1614 19.2601 19.4558 19.7187 19.7538 19.47 0.0598688 0.0194002
352 300 19.1614 19.2601 19.4558 19.7187 19.7538 19.47 0.0702401 0.00827245
269 68 19.1614 19.2601 19.4558 19.7187 19.7538 19.47 0.0421432 0.00903242
247 92 19.1614 19.2601 19.4558 19.7187 19.7538 19.47 0.0462435 0.00984081
307 0 19.1614 19.2601 19.4558 19.7187 19.7538 19.47 0.00887174 0.00446602
193 64 19.1614 19.2601 19.4558 19.4832 19.7187 19.4158 0.0348599 0.00872607
386 300 19.1614 19.2601 19.4558 19.4936 19.7187 19.4179 0.0752835 0.00912956
569 300 19.1614 19.2601 19.4558 19.4936 19.7187 19.4179 0.0634886 0.00728984
545 300 19.1614 19.2601 19.4558 19.4936 19.7187 19.4179 0.0903644 0.0139572
350 300 19.1614 19.2601 19.4558 19.4936 19.7187 19.4179 0.0505209 0.00508664
573 300 19.1614 19.2601 19.4558 19.4936 19.7187 19.4179 0.072484 0.00913295
442 300 19.1614 19.2601 19.4558 19.4936 19.7187 19.4179 0.0802631 0.00450193
257 252 19.1523 19.1594 19.1614 19.2601 19.4558 19.2378 0.0848821 0.0121087
320 51 19.154 19.1609 19.1614 19.2601 19.4558 19.2384 0.0624793 0.00799014
332 180 19.154 19.1609 19.1614 19.2601 19.4558 19.2384 0.114669 0.0057019
177 0 19.154 19.1609 19.1614 19.2601 19.4558 19.2384 0.0143781 0.00995587
334 0 19.154 19.1609 19.1614 19.2601 19.4558 19.2384 0.0130283 0.00887021
474 300 19.154 19.1609 19.1614 19.2601 19.4558 19.2384 0.0947823 0.00822263
529 300 19.154 19.1609 19.1614 19.2601 19.4558 19.2384 0.0943496 0.00615561
531 300 19.154 19.1609 19.1614 19.2601 19.4558 19.2384 0.0611774 0.00788761
474 300 19.154 19.1609 19.1614 19.2601 19.4558 19.2384 0.0985698 0.00871057
311 28 19.154 19.1609 19.1614 19.2601 19.4558 19.2384 0.0369871 0.0193439
312 300 19.154 19.1609 19.1614 19.2601 19.4558 19.2384 0.0668814 0.00791145
383 300 19.154 19.1609 19.1614 19.2601 19.4558 19.2384 0.0676234 0.0074975
207 0 19.154 19.1609 19.1614 19.2601 19.4558 19.2384 0.0221242 0.0176874
513 300 19.154 19.1609 19.1614 19.2601 19.4558 19.2384 0.0813763 0.012726
338 300 19.154 19.1609 19.1614 19.2601 19.4558 19.2384 0.105301 0.00694827
439 300 19.154 19.1609 19.1614 19.2601 19.4558 19.2384 0.0990353 0.0157545
320 0 19.154 19.1609 19.1614 19.2601 19.4558 19.2384 0.0124091 0.00800208
214 252 19.154 19.1609 19.1614 19.2601 19.4558 19.2384 0.0484917 0.0172522
441 300 19.154 19.1609 19.1614 19.2601 19.4558 19.2384 0.0666249 0.0139754
255 0 19.154 19.1609 19.1614 19.2601 19.4558 19.2384 0.0100251 0.00558772
304 230 18.8915 19.154 19.1609 19.1614 19.2601 19.1256 0.0926542 0.0178531
429 0 18.8902 19.154 19.1609 19.1614 19.2601 19.1253 0.0168652 0.0072815
521 300 18.8897 19.154 19.1609 19.1614 19.2601 19.1252 0.0418566 0.00579198
377 300 18.8913 19.154 19.1609 19.1614 19.2601 19.1255 0.0839399 0.00782517
602 300 18.8902 19.154 19.1609 19.1614 19.2601 19.1253 0.0700598 0.00469144
513 300 18.8897 19.154 19.1609 19.1614 19.2601 19.1252 0.0444467 0.00497482
366 300 18.8913 19.154 19.1609 19.1614 19.2601 19.1255 0.0395907 0.00527558
523 300 18.8902 19.154 19.1609 19.1614 19.2601 19.1253 0.0832908 0.0072813
555 300 18.8897 19.154 19.1609 19.1614 19.2601 19.1252 0.0403209 0.00418697
522 300 18.8913 19.154 19.1609 19.1614 19.2601 19.1255 0.0674427 0.004112
490 300 18.8902 19.154 19.1609 19.1614 19.2601 19.1253 0.0604588 0.00423758
540 300 18.8897 19.154 19.1609 19.1614 19.2601 19.1252 0.0689772 0.00416135
522 300 18.8913 19.154 19.1609 19.1614 19.2601 19.1255 0.0318321 0.00432556
400 279 18.8902 19.154 19.1609 19.1614 19.2601 19.1253 0.0804284 0.00708429
554 300 18.8897 19.154 19.1609 19.1614 19.2601 19.1252 0.06487 0.00423485
501 300 18.8913 19.154 19.1609 19.1614 19.2601 19.1255 0.0719974 0.00571713
491 300 18.8902 19.154 19.1609 19.1614 19.2601 19.1253 0.0898205 0.00421493
482 300 18.8897 19.154 19.1609 19.1614 19.2601 19.1252 0.0775842 0.00426028
332 23 18.8913 19.154 19.1609 19.1614 19.2601 19.1255 0.0218704 0.00583577
272 152 18.8902 19.154 19.1609 19.1614 19.2601 19.1253 0.0722594 0.0107764
244 26 18.8897 19.154 19.1609 19.1614 19.2601 19.1252 0.0184944 0.00822919
191 0 18.8913 19.154 19.1609 19.1614 19.2601 19.1255 0.0249793 0.0207447
211 300 18.8902 19.154 19.1609 19.1614 19.2601 19.1253 0.0878116 0.01487
305 300 18.8897 19.154 19.1609 19.1614 19.2601 19.1252 0.0558908 0.00854483
520 300 18.8913 19.154 19.1609 19.1614 19.2601 19.1255 0.0754606 0.00734811
450 300 18.8902 19.154 19.1609 19.1614 19.2601 19.1253 0.0725265 0.00651235
268 0 18.8897 19.154 19.1609 19.1614 19.2601 19.1252 0.0162358 0.0119583
348 300 18.8913 19.154 19.1609 19.1614 19.2601 19.1255 0.0756627 0.0187618
549 300 18.8902 19.154 19.1609 19.1614 19.2601 19.1253 0.0978769 0.00470725
213 48 18.8897 19.154 19.1609 19.1614 19.2601 19.1252 0.0538088 0.0089388
349 300 18.8913 19.154 19.1609 19.1614 19.2601 19.1255 0.135395 0.00962504
143 0 18.8902 19.154 19.1609 19.1614 19.2601 19.1253 0.018098 0.0137455
311 300 18.8897 19.154 19.1609 19.1614 19.2601 19.1252 0.0725544 0.0152919
474 300 18.8913 19.154 19.1609 19.1614 19.2601 19.1255 0.0723709 0.00992003
329 300 18.8902 19.154 19.1609 19.1614 19.2601 19.1253 0.117426 0.0150092
311 262 18.8897 19.154 19.1609 19.1614 19.2601 19.1252 0.0684585 0.00866913
498 300 18.8913 19.154 19.1609 19.1614 19.2601 19.1255 0.087473 0.0148538
440 300 18.8902 19.154 19.1609 19.1614 19.2601 19.1253 0.0589286 0.00787564
423 300 18.8897 19.154 19.1609 19.1614 19.2601 19.1252 0.0499827 0.0174808
502 300 18.8913 19.154 19.1609 19.1614 19.2601 19.1255 0.0453878 0.0109261
253 0 18.8902 19.154 19.1609 19.1614 19.2601 19.1253 0.0200146 0.0155237
271 106 18.8897 19.154 19.1609 19.1614 19.2601 19.1252 0.0864261 0.0102617
513 300 18.8913 19.154 19.1609 19.1614 19.2601 19.1255 0.0559561 0.00818674
272 94 18.8902 19.154 19.1609 19.1614 19.2601 19.1253 0.0682537 0.0172533
460 300 18.8897 19.154 19.1609 19.1614 19.2601 19.1252 0.0695967 0.00535479
182 0 18.8913 19.154 19.1609 19.1614 19.2601 19.1255 0.0129159 0.00853804
210 9 18.8902 19.154 19.1609 19.1614 19.2601 19.1253 0.0241013 0.0150783
302 292 18.8897 19.154 19.1609 19.1614 19.2601 19.1252 0.0604622 0.0182384
278 0 18.8913 19.154 19.1609 19.1614 19.2601 19.1255 0.0175365 0.0132904
294 300 18.8902 19.154 19.1609 19.1614 19.2601 19.1253 0.102881 0.0160441
507 300 18.8897 19.154 19.1609 19.1614 19.2601 19.1252 0.0717729 0.016541
305 300 18.8913 19.154 19.1609 19.1614 19.2601 19.1255 0.105726 0.0168463
428 300 18.8902 19.154 19.1609 19.1614 19.2601 19.1253 0.0691081 0.00916239
345 300 18.8897 19.154 19.1609 19.1614 19.2601 19.1252 0.0974721 0.0140278
279 96 18.8913 19.154 19.1609 19.1614 19.2601 19.1255 0.0827163 0.00796561
292 300 18.8902 19.154 19.1609 19.1614 19.2601 19.1253 0.0680723 0.017214
441 300 18.8897 19.154 19.1609 19.1614 19.2601 19.1252 0.0805879 0.0114644
308 300 18.8913 19.154 19.1609 19.1614 19.2601 19.1255 0.0622015 0.0154637
182 0 18.8902 19.154 19.1609 19.1614 19.2601 19.1253 0.01392 0.00952286
178 18 18.8897 19.154 19.1609 19.1614 19.2601 19.1252 0.0209702 0.00868707
155 80 18.8913 19.154 19.1609 19.1614 19.2601 19.1255 0.0428691 0.0096033
