195 300 25.817 25.8903 26.4994 27.0297 27.0806 26.4634 0.0216581 0.000282826
200 289 22.5036 22.8582 24.9077 25.2623 25.7904 24.2644 0.0371688 0.00612251
563 300 22.3851 22.5055 24.7889 24.9094 25.7912 24.076 0.0529935 0.00781277
329 300 20.1004 22.3859 22.5066 24.5461 24.7897 22.8657 0.0330317 0.00636682
323 300 20.102 22.3855 22.508 24.5639 24.7894 22.8697 0.0334467 0.00891358
622 300 20.102 22.3851 22.5055 24.5639 24.7889 22.8691 0.033827 0.0128863
301 300 20.102 21.4534 21.5338 21.8615 21.9343 21.377 0.0542827 0.0199249
429 300 20.102 21.4876 21.5619 21.8789 21.9716 21.4004 0.0437731 0.0066842
166 20 20.102 21.4876 21.5619 21.8789 21.9716 21.4004 0.0232345 0.00784941
491 300 20.102 21.4876 21.5619 21.8789 21.9716 21.4004 0.0229447 0.00438332
793 300 20.102 21.4876 21.5619 21.8789 21.9716 21.4004 0.0243185 0.00767247
892 300 20.102 21.4876 21.5619 21.8789 21.9716 21.4004 0.0446346 0.0139495
236 8 20.102 21.4876 21.5619 21.8789 21.9716 21.4004 0.014695 0.00807318
209 300 20.102 21.3813 21.4876 21.5619 21.799 21.2664 0.0498373 0.0144758
261 0 20.102 20.8512 21.4876 21.5619 21.8073 21.162 0.0128321 0.00841863
385 300 20.102 20.8512 21.4876 21.5619 21.8073 21.162 0.0544533 0.0172131
595 300 20.102 20.8512 21.4876 21.5619 21.8073 21.162 0.0415428 0.0163186
678 300 20.102 20.8512 21.4876 21.5619 21.8073 21.162 0.0418381 0.0125663
305 300 18.8894 19.441 20.102 20.4486 20.8512 19.9464 0.0343792 0.00786763
772 300 18.8897 19.4558 20.102 20.4497 20.8512 19.9497 0.0327928 0.013038
391 300 18.8913 19.4558 20.102 20.4502 20.8512 19.9501 0.0481544 0.0157581
396 300 18.8902 19.4558 20.102 20.4498 20.8512 19.9498 0.0359667 0.00481554
360 300 18.8897 19.4558 20.102 20.4497 20.8512 19.9497 0.044734 0.0147545
789 300 18.8913 19.4558 20.102 20.4502 20.8512 19.9501 0.0287509 0.010016
455 300 18.8902 19.4558 20.102 20.4498 20.8512 19.9498 0.058313 0.0165703
715 300 18.8897 19.4558 20.102 20.4497 20.8512 19.9497 0.0384033 0.00946177
272 300 18.8913 19.2586 19.2654 19.4558 19.8327 19.3408 0.052179 0.0177817
813 300 18.8902 19.2585 19.2651 19.4558 19.8366 19.3413 0.0273824 0.00937105
601 300 18.8897 19.2585 19.2651 19.4558 19.8371 19.3413 0.0442007 0.0167463
418 300 18.8913 19.2585 19.2651 19.4558 19.8371 19.3416 0.0323735 0.00977859
353 300 18.8902 19.2585 19.2651 19.4558 19.8366 19.3413 0.0459054 0.00925448
516 300 18.8897 19.2585 19.2651 19.4558 19.8371 19.3413 0.0443402 0.0174384
259 102 18.8913 19.2585 19.2651 19.4558 19.8371 19.3416 0.0310341 0.00867336
690 300 18.8902 19.2585 19.2651 19.4558 19.8366 19.3413 0.0254517 0.00386249
355 300 18.8897 19.2585 19.2651 19.4558 19.8371 19.3413 0.0412284 0.0124832
710 300 18.8913 19.2585 19.2651 19.4558 19.8371 19.3416 0.0493056 0.0076956
529 300 18.8902 19.2585 19.2651 19.4558 19.8366 19.3413 0.040954 0.0177554
537 300 18.8897 19.2585 19.2651 19.4558 19.8371 19.3413 0.0416405 0.0139653
395 300 18.8913 19.2585 19.2651 19.4558 19.8371 19.3416 0.035295 0.00815122
671 300 18.8902 19.2585 19.2651 19.4558 19.8366 19.3413 0.0408288 0.0165373
672 300 18.8897 19.2585 19.2651 19.4558 19.8371 19.3413 0.039478 0.017309
703 300 18.8913 19.2585 19.2651 19.4558 19.8371 19.3416 0.0450434 0.0126568
501 300 18.8902 19.2585 19.2651 19.4558 19.8366 19.3413 0.0461286 0.0164161
674 300 18.8897 19.2585 19.2651 19.4558 19.8371 19.3413 0.0385092 0.0124195
846 300 18.8913 19.2585 19.2651 19.4558 19.8371 19.3416 0.0352175 0.004683
821 300 18.8902 19.2585 19.2651 19.4558 19.8366 19.3413 0.0305991 0.00641161
850 300 18.8897 19.2585 19.2651 19.4558 19.8371 19.3413 0.0215919 0.00396276
802 300 18.8913 19.2585 19.2651 19.4558 19.8371 19.3416 0.027188 0.00392693
784 300 18.8902 19.2585 19.2651 19.4558 19.8366 19.3413 0.0226131 0.00397755
767 300 18.8897 19.2585 19.2651 19.4558 19.8371 19.3413 0.0233881 0.00392667
827 300 18.8913 19.2585 19.2651 19.4558 19.8371 19.3416 0.0390101 0.00391366
762 300 18.8902 19.2585 19.2651 19.4558 19.8366 19.3413 0.0274642 0.00455903
624 300 18.8897 19.2585 19.2651 19.4558 19.8371 19.3413 0.0288634 0.00389652
768 300 18.8913 19.2585 19.2651 19.4558 19.8371 19.3416 0.0582485 0.0119229
663 300 18.8902 19.2585 19.2651 19.4558 19.8366 19.3413 0.045705 0.019266
824 300 18.8897 19.2585 19.2651 19.4558 19.8371 19.3413 0.0276616 0.00432479
294 300 18.8913 19.2585 19.2651 19.4558 19.8371 19.3416 0.0375308 0.00946894
582 300 18.8902 19.2585 19.2651 19.4558 19.8366 19.3413 0.0455765 0.0173392
353 300 18.8897 19.2585 19.2651 19.4558 19.7677 19.3274 0.0377243 0.00874445
704 300 18.8913 19.2585 19.2651 19.4558 19.7685 19.3278 0.0356417 0.0108503
516 300 18.8902 19.2585 19.2651 19.4558 19.7671 19.3273 0.0334002 0.00607684
757 300 18.8897 19.2585 19.2651 19.4558 19.7679 19.3274 0.0440978 0.0152746
312 24 18.8913 19.1957 19.2585 19.2585 19.2651 19.1738 0.017512 0.00905829
584 300 18.8902 19.1965 19.2585 19.261 19.2651 19.1743 0.0594781 0.0152858
304 300 18.8897 19.1965 19.2585 19.261 19.2651 19.1742 0.0380635 0.0087697
659 300 18.8913 19.1965 19.2585 19.261 19.2651 19.1745 0.0347478 0.0151297
404 300 18.8902 19.1965 19.2585 19.261 19.2651 19.1743 0.0339522 0.00883232
819 300 18.8897 19.1965 19.2585 19.261 19.2651 19.1742 0.0394985 0.013129
556 300 18.8913 19.1965 19.2585 19.261 19.2651 19.1745 0.0370065 0.0118349
598 300 18.8902 19.1965 19.2585 19.261 19.2651 19.1743 0.043908 0.0148062
490 300 18.8897 19.1965 19.2585 19.261 19.2651 19.1742 0.0475586 0.0176894
582 300 18.8913 19.1965 19.2585 19.261 19.2651 19.1745 0.0461702 0.0138635
752 300 18.8902 19.1965 19.2585 19.261 19.2651 19.1743 0.0371739 0.00875217
730 300 18.8897 19.1965 19.2585 19.261 19.2651 19.1742 0.033938 0.0125559
404 0 18.8913 19.1965 19.2585 19.261 19.2651 19.1745 0.0263996 0.016665
317 300 18.8902 19.1965 19.2585 19.261 19.2651 19.1743 0.0405672 0.0128807
764 300 18.8897 19.1965 19.2585 19.261 19.2651 19.1742 0.0450668 0.0192029
598 300 18.8913 19.1965 19.2585 19.261 19.2651 19.1745 0.0610455 0.0128838
390 300 18.8902 19.1965 19.2585 19.261 19.2651 19.1743 0.034929 0.00883945
843 300 18.8897 19.1965 19.2585 19.261 19.2651 19.1742 0.0314675 0.00613021
256 300 18.8913 19.1965 19.2585 19.261 19.2651 19.1745 0.0415688 0.0084602
812 300 18.8902 19.1965 19.2585 19.261 19.2651 19.1743 0.0283005 0.0083335
247 300 18.8897 19.1965 19.2585 19.261 19.2651 19.1742 0.0455036 0.00793404
522 300 18.8913 19.1965 19.2585 19.261 19.2651 19.1745 0.0472255 0.0177336
498 300 18.8902 19.1965 19.2585 19.261 19.2651 19.1743 0.0386874 0.00768633
554 300 18.8897 19.1965 19.2585 19.261 19.2651 19.1742 0.0448488 0.0165845
397 300 18.8913 19.1965 19.2585 19.261 19.2651 19.1745 0.0456201 0.0197873
663 300 18.8902 19.1965 19.2585 19.261 19.2651 19.1743 0.0359804 0.00783094
229 232 18.8897 19.1965 19.2585 19.261 19.2651 19.1742 0.044269 0.00892528
665 300 18.8913 19.1965 19.2585 19.261 19.2651 19.1745 0.027559 0.00720121
241 57 18.8902 19.1965 19.2585 19.261 19.2651 19.1743 0.0272104 0.0084842
417 300 18.8897 19.1965 19.2585 19.261 19.2651 19.1742 0.039266 0.0104823
282 300 18.8913 19.1965 19.2585 19.261 19.2651 19.1745 0.0696148 0.00832093
652 300 18.8902 19.1965 19.2585 19.261 19.2651 19.1743 0.0316271 0.00902649
250 168 18.8897 19.1965 19.2585 19.261 19.2651 19.1742 0.0373437 0.00887201
397 300 18.8913 19.1965 19.2585 19.261 19.2651 19.1745 0.0376284 0.0089121
770 300 18.8902 19.1965 19.2585 19.261 19.2651 19.1743 0.0381708 0.00837934
769 300 18.8897 19.1965 19.2585 19.261 19.2651 19.1742 0.0555639 0.0117246
320 300 18.8913 19.1965 19.2585 19.261 19.2651 19.1745 0.0395847 0.014407
425 300 18.8902 19.1965 19.2585 19.261 19.2651 19.1743 0.0507053 0.0121631
678 300 18.8897 19.1965 19.2585 19.261 19.2651 19.1742 0.0411699 0.0179126
515 300 18.8913 19.1965 19.2585 19.261 19.2651 19.1745 0.0257094 0.00801187
316 300 18.8902 19.1965 19.2585 19.261 19.2651 19.1743 0.0327322 0.00844076
562 300 18.8897 19.1965 19.2585 19.261 19.2651 19.1742 0.037757 0.0100244
302 300 18.8913 19.1965 19.2585 19.261 19.2651 19.1745 0.0452783 0.0156816
456 300 18.8902 19.1965 19.2585 19.261 19.2651 19.1743 0.0439666 0.0141547
380 300 18.8897 19.1965 19.2585 19.261 19.2651 19.1742 0.0508483 0.018609
565 300 18.8913 19.1965 19.2585 19.261 19.2651 19.1745 0.0396301 0.00737142
537 300 18.8902 19.1965 19.2585 19.261 19.2651 19.1743 0.0418363 0.0145042
396 300 18.8897 19.1965 19.2585 19.261 19.2651 19.1742 0.0364197 0.00849149
605 300 18.8913 19.1965 19.2585 19.261 19.2651 19.1745 0.0454039 0.0192863
503 300 18.8902 19.1965 19.2585 19.261 19.2651 19.1743 0.0421212 0.0125397
295 300 18.8897 19.1965 19.2585 19.261 19.2651 19.1742 0.0551639 0.0180097
572 300 18.8913 19.1965 19.2585 19.261 19.2651 19.1745 0.0236155 0.0059053
339 300 18.8902 19.1965 19.2585 19.261 19.2651 19.1743 0.0304531 0.00868177
724 300 18.8897 19.1965 19.2585 19.261 19.2651 19.1742 0.0405144 0.0120261
326 300 18.8913 19.1965 19.2585 19.261 19.2651 19.1745 0.0392892 0.00920063
552 0 18.8902 19.1965 19.2585 19.261 19.2651 19.1743 0.019842 0.0126687
366 300 18.8897 19.1965 19.2585 19.261 19.2651 19.1742 0.0433871 0.0176726
621 300 18.8913 19.1965 19.2585 19.261 19.2651 19.1745 0.0327136 0.0108517
659 300 18.8902 19.1965 19.2585 19.261 19.2651 19.1743 0.0277269 0.00901228
254 37 18.8897 19.1965 19.2585 19.261 19.2651 19.1742 0.0308871 0.0158111
258 260 18.8913 19.1965 19.2585 19.261 19.2651 19.1745 0.0372813 0.00831094
547 300 18.8902 19.1965 19.2585 19.261 19.2651 19.1743 0.0430044 0.0143499
292 300 18.8897 19.1965 19.2585 19.261 19.2651 19.1742 0.0375106 0.00824283
452 300 18.8913 19.1965 19.2585 19.261 19.2651 19.1745 0.0333347 0.00691388
252 0 18.8902 19.1965 19.2585 19.261 19.2651 19.1743 0.0128426 0.00827942
477 300 18.8897 19.1965 19.2585 19.261 19.2651 19.1742 0.0344055 0.00913179
351 300 18.8913 19.1965 19.2585 19.261 19.2651 19.1745 0.0540014 0.00820488
571 300 18.8902 19.1965 19.2585 19.261 19.2651 19.1743 0.0373511 0.00860553
346 300 18.8897 19.1965 19.2585 19.261 19.2651 19.1742 0.0317422 0.00930518
506 300 18.8913 19.1965 19.2585 19.261 19.2651 19.1745 0.0560744 0.0158484
594 300 18.8902 19.1965 19.2585 19.261 19.2651 19.1743 0.0312433 0.00822868
446 300 18.8897 19.1965 19.2585 19.261 19.2651 19.1742 0.0448601 0.016148
478 300 18.8913 19.1965 19.2585 19.261 19.2651 19.1745 0.0448575 0.00916394
757 300 18.8902 19.1965 19.2585 19.261 19.2651 19.1743 0.0324985 0.0116206
306 300 18.8897 19.1965 19.2585 19.261 19.2651 19.1742 0.0380046 0.00845426
649 300 18.8913 19.1965 19.2585 19.261 19.2651 19.1745 0.0370683 0.016503
320 300 18.8902 19.1965 19.2585 19.261 19.2651 19.1743 0.0599562 0.0086242
236 300 18.8897 19.1965 19.2585 19.261 19.2651 19.1742 0.0389503 0.0123123
303 300 18.8913 19.1965 19.2585 19.261 19.2651 19.1745 0.0460487 0.00990271
723 300 18.8902 19.1965 19.2585 19.261 19.2651 19.1743 0.0439742 0.0128384
269 245 18.8897 19.1965 19.2585 19.261 19.2651 19.1742 0.0398205 0.00908076
639 300 18.8913 19.1965 19.2585 19.261 19.2651 19.1745 0.0486619 0.0185086
272 24 18.8902 19.1965 19.2585 19.261 19.2651 19.1743 0.0203323 0.00973605
310 300 18.8897 19.1965 19.2585 19.261 19.2651 19.1742 0.0382283 0.0137223
305 300 18.8913 19.1965 19.2585 19.261 19.2651 19.1745 0.0336045 0.00903138
863 300 18.8902 19.1965 19.2585 19.261 19.2651 19.1743 0.0302621 0.00631036
315 300 18.8897 19.1965 19.2585 19.261 19.2651 19.1742 0.0391629 0.010453
486 300 18.8913 19.1965 19.2585 19.261 19.2651 19.1745 0.0431899 0.0122679
278 300 18.8902 19.1965 19.2585 19.261 19.2651 19.1743 0.0618474 0.0170334
506 300 18.8897 19.1965 19.2585 19.261 19.2651 19.1742 0.0340355 0.00413127
327 300 18.8913 19.1965 19.2585 19.261 19.2651 19.1745 0.0383992 0.00806254
772 300 18.8902 19.1965 19.2585 19.261 19.2651 19.1743 0.0529903 0.0159591
243 300 18.8897 19.1965 19.2585 19.261 19.2651 19.1742 0.0483113 0.0083768
421 300 18.8913 19.1965 19.2585 19.261 19.2651 19.1745 0.0341493 0.00657332
246 40 18.8902 19.1965 19.2585 19.261 19.2651 19.1743 0.0226164 0.00821875
240 300 18.8897 19.1965 19.2585 19.261 19.2651 19.1742 0.0703686 0.0162895
