144 0 0 0 0 0 0 -1 0.00488648 0.000325938
141 17 19.9363 21.2475 23.0726 23.1608 23.5251 22.1885 0.0113933 0.000281954
198 0 0 0 0 0 0 -1 0.0044865 0.000196283
127 0 0 0 0 0 0 -1 0.00463257 0.000367934
216 0 0 0 0 0 0 -1 0.00458951 0.000260097
161 6 28.4219 29.1979 32.4975 0 0 30.0391 0.00640168 0.000229248
143 0 0 0 0 0 0 -1 0.00458544 0.000331741
147 8 25.2717 27.5604 28.0548 29.9198 34.2862 29.0186 0.00679981 0.000271262
146 34 22.1817 25.8304 25.9693 28.2961 29.618 26.3791 0.0121514 0.00068461
299 138 24.332 24.5095 26.494 26.5486 26.6715 25.7111 0.0482135 0.000329459
199 0 0 0 0 0 0 -1 0.00469809 0.000298773
455 300 22.487 23.2279 23.7494 23.8352 24.3575 23.5314 0.0296838 0.000345539
214 68 19.9115 20.0229 21.7408 22.2373 23.8275 21.548 0.0237528 0.00021129
188 21 25.0076 26.398 26.6827 28.3306 28.6796 27.0197 0.0138181 0.000302669
181 0 0 0 0 0 0 -1 0.00455562 0.000291065
514 300 19.2425 19.2466 19.7683 20.2611 20.2683 19.7574 0.0623607 0.000268355
308 151 22.1088 23.6047 23.8826 24.1674 24.3564 23.624 0.0336884 0.00013343
156 0 0 0 0 0 0 -1 0.00454514 0.000218125
164 21 19.1597 19.4559 19.4891 19.7666 20.0447 19.5832 0.0079683 0.000284595
296 44 19.493 21.3568 22.2748 23.5671 24.1386 22.1661 0.0187708 0.000118466
155 0 0 0 0 0 0 -1 0.00455748 0.000214332
162 6 30.0326 30.891 47.246 48.1043 0 39.0685 0.00772041 0.000360924
170 25 22.3938 22.4356 26.6027 26.6445 28.263 25.2679 0.0217618 0.000201758
168 68 26.5064 30.0329 31.7977 36.4778 37.125 32.388 0.0325243 0.000356055
151 0 0 0 0 0 0 -1 0.00453982 0.0002637
166 0 0 0 0 0 0 -1 0.00452241 0.000288592
159 0 0 0 0 0 0 -1 0.00451821 0.000262195
153 0 0 0 0 0 0 -1 0.0044975 0.000246513
154 66 23.7327 24.2263 24.2343 25.8888 26.3825 24.8929 0.0319589 0.000227674
166 29 26.3211 27.1065 27.1941 27.6004 28.2906 27.3025 0.0238764 0.00030625
284 0 0 0 0 0 0 -1 0.00461955 0.000134274
153 13 19.4934 20.0503 22.9539 24.1393 28.2623 22.9798 0.00723197 0.000204447
140 0 0 0 0 0 0 -1 0.00462458 0.000255397
372 300 22.9704 25.0768 26.0731 26.9445 27.3856 25.6901 0.0415843 0.000220761
213 0 0 0 0 0 0 -1 0.00447722 0.000194604
201 223 25.8289 29.0969 29.4133 30.3892 30.7125 29.0882 0.033913 0.000277037
329 300 36.9159 37.413 37.7301 38.2272 39.4785 37.9529 0.0770107 0.000247981
301 88 25.6369 26.6504 30.3447 30.5688 31.1696 28.8741 0.0283462 0.000176266
159 0 0 0 0 0 0 -1 0.00442458 0.000241503
160 0 0 0 0 0 0 -1 0.00468427 0.000328665
296 88 22.0385 24.4842 24.8321 27.0202 28.3496 25.3449 0.0284818 0.000164234
128 0 0 0 0 0 0 -1 0.00471854 0.000320036
175 0 0 0 0 0 0 -1 0.00454212 0.000297983
519 300 19.9111 22.5853 24.3739 24.8655 24.9389 23.3349 0.0350672 0.000247522
213 69 24.0233 24.0308 24.3032 24.3056 26.3067 24.5939 0.042488 0.000314111
144 0 0 0 0 0 0 -1 0.00456745 0.00022857
161 6 39.5527 39.9947 45.124 0 0 41.5571 0.00742807 0.000369677
156 0 0 0 0 0 0 -1 0.00453869 0.000269433
564 300 21.6149 22.5694 23.5795 24.534 24.7281 23.4052 0.057654 0.000233425
372 285 21.4445 22.2277 22.3138 22.3873 23.8755 22.4498 0.0467553 0.0002186
358 300 21.6283 22.9135 25.7011 25.9828 26.9721 24.6396 0.0527407 0.000251945
581 300 19.8492 20.1741 21.1216 21.4466 23.1411 21.1465 0.0741238 0.000128287
496 300 21.5669 22.5162 22.9274 24.4534 25.4027 23.3733 0.0232862 0.00017892
539 300 20.858 21.0313 21.4621 23.2767 23.6104 22.0477 0.0450762 0.00018865
595 300 19.4882 22.0106 22.2168 22.2524 22.3963 21.6729 0.0774898 0.000221618
437 300 22.3968 22.4224 23.6113 23.637 24.6503 23.3436 0.0560468 0.000129767
506 300 19.9458 19.9721 20.4528 20.5264 21.3719 20.4538 0.0419213 0.000189728
555 300 21.6815 21.8329 22.7414 23.8647 24.0206 22.8282 0.0354837 0.000228813
576 300 21.1116 22.4941 22.591 22.616 23.2021 22.403 0.0596205 0.000211933
435 300 30.4419 30.7377 31.8719 35.0296 35.2146 32.6591 0.0280326 0.000132208
546 300 18.8902 20.1648 20.8214 20.9454 21.1442 20.3932 0.0387639 0.000206343
545 300 22.6371 24.3884 24.6046 26.2297 26.6736 24.9067 0.0591802 0.000114198
364 300 23.6965 24.0331 24.2575 25.1495 25.3739 24.5021 0.0344121 0.000128897
561 300 21.9895 22.2518 25.0201 25.8137 25.9097 24.1969 0.045288 0.00012673
532 300 24.3734 24.4454 24.8325 24.9198 25.2037 24.755 0.056072 0.000124149
465 300 22.6748 22.708 23.0714 23.1046 23.1432 22.9404 0.0429708 0.000114518
545 300 23.5034 23.8321 23.8844 23.974 24.2554 23.8899 0.0327561 0.000119699
526 300 24.4176 24.7128 24.7867 25.4719 26.0077 25.0794 0.0569866 0.000118644
553 300 21.9417 23.6922 24.6194 25.7886 27.465 24.7014 0.0541806 0.0001133
149 30 26.1432 26.2324 26.9712 27.0604 27.843 26.85 0.0271482 0.000489018
166 59 22.7836 23.7752 27.0644 27.222 27.5196 25.673 0.0264748 0.000278948
173 0 0 0 0 0 0 -1 0.00537282 0.000708051
170 0 0 0 0 0 0 -1 0.00628911 0.0010683
156 0 0 0 0 0 0 -1 0.00453701 0.000242223
179 60 22.7867 23.1328 23.1667 23.5008 23.5128 23.22 0.0205178 0.00021012
198 26 22.0021 26.6026 26.8545 27.9537 28.094 26.3014 0.0111405 0.000161855
534 300 27.0384 27.4447 28.3693 28.4926 28.8159 28.0322 0.0940123 0.000149732
482 300 22.4952 23.4844 24.1326 24.5624 24.7879 23.8925 0.057333 0.000121477
571 300 19.6045 19.7671 20.2672 22.1709 22.9513 20.9522 0.0316961 0.000120575
205 0 0 0 0 0 0 -1 0.00479002 0.000354725
232 101 21.6654 23.0646 23.6378 25.0369 25.8021 23.8414 0.0471097 0.000380229
140 0 0 0 0 0 0 -1 0.00470804 0.000319466
128 0 0 0 0 0 0 -1 0.00463239 0.000301548
296 244 18.8891 19.2545 19.4841 20.0513 20.1767 19.5711 0.0232656 0.000337468
143 0 0 0 0 0 0 -1 0.00463037 0.000214542
379 300 22.7644 23.1874 23.2583 23.3649 23.6851 23.252 0.0384245 0.000249543
335 0 0 0 0 0 0 -1 0.00452336 0.000208267
553 300 21.1745 22.4832 22.6206 22.6734 24.1475 22.6198 0.0421294 0.00015202
263 56 22.7174 23.7885 26.3144 26.7519 27.558 25.426 0.0213398 0.000165627
168 62 21.2955 22.5799 23.054 24.2747 24.3531 23.1114 0.0303012 0.000212949
165 13 21.015 21.5294 23.3074 29.3452 0 23.7992 0.00667724 0.000257217
261 0 0 0 0 0 0 -1 0.00451813 0.000251323
132 0 0 0 0 0 0 -1 0.0046393 0.000286943
271 172 27.9152 30.056 30.3224 30.485 30.5419 29.8641 0.0469511 0.000163104
493 300 19.2653 20.8979 23.0024 23.4617 23.481 22.0217 0.0294019 0.000208684
544 300 26.4358 26.9296 27.0988 27.5926 29.1415 27.4397 0.0757356 0.000136191
489 300 21.0649 22.4225 23.2494 23.4989 23.6636 22.7799 0.052279 9.3811e-05
597 300 27.8585 28.0304 29.1085 29.243 30.032 28.8545 0.0665379 0.000207411
532 300 27.4971 30.7093 30.8686 30.88 31.0105 30.1931 0.0522002 0.000103665
536 300 18.8584 18.8827 18.9001 19.1394 19.4402 19.0441 0.0617928 0.000226193
376 300 23.1388 23.2033 23.7621 23.8265 25.2728 23.8407 0.0401209 0.000118807
569 300 19.7538 19.7612 19.9104 20.6054 21.6715 20.3405 0.0357839 0.000109973
583 300 19.6974 19.976 20.2588 20.3107 20.4727 20.1431 0.0261483 0.000121012
371 300 21.2681 21.4217 21.4368 21.465 21.7245 21.4632 0.0406812 0.00014272
530 300 20.8716 20.9888 22.4266 22.5254 22.5917 21.8808 0.0621053 0.000198032
584 300 20.2732 22.8553 23.0338 23.5671 23.6194 22.6697 0.0667473 0.000123124
540 300 19.2444 19.2688 19.7567 22.3352 26.8095 21.4829 0.0380988 0.000131695
513 300 18.9431 19.2999 19.8437 21.8841 22.0691 20.408 0.0504771 0.000196259
582 300 22.2977 22.49 23.577 23.8615 24.1631 23.2779 0.0284968 0.000149744
527 300 22.4671 22.7863 22.9613 23.4141 23.9445 23.1146 0.0580843 0.000194724
529 300 22.1519 25.557 25.7051 26.49 27.3128 25.4434 0.0966869 0.000118747
523 300 19.2621 19.7709 20.2057 20.3731 20.9941 20.1212 0.0499113 0.000140045
480 300 24.1391 26.1996 26.4248 27.1854 27.278 26.2454 0.066932 0.000148293
560 300 20.9903 21.9411 21.9855 22.1723 22.5547 21.9288 0.0475027 0.000117342
611 300 22.1269 24.8317 25.4037 26.0437 26.1161 24.9044 0.0337679 0.000122611
503 300 23.2329 23.4554 24.2892 24.5387 24.7612 24.0555 0.0453822 0.000222072
560 300 18.6365 18.8902 19.071 19.2036 19.2502 19.0103 0.0593009 0.000219448
495 0 0 0 0 0 0 -1 0.143234 0.000105205
528 300 20.036 21.3364 21.77 23.2282 24.4302 22.1602 0.0474919 0.000123816
519 300 24.1653 24.6705 24.9903 25.312 25.5884 24.9453 0.0311596 0.000219002
603 300 24.7854 26.056 27.7773 28.2421 28.7522 27.1226 0.0639203 0.000194295
511 300 19.2579 19.7481 21.4792 22.0618 22.2605 20.9615 0.0174009 0.000109841
599 300 21.2435 21.284 21.8775 22.0859 23.9238 22.0829 0.0326044 0.000169916
552 300 19.2564 19.7671 20.1756 20.2672 21.9369 20.2806 0.056154 0.000130271
494 300 23.2968 23.8933 24.0786 24.5738 24.6805 24.1046 0.0604931 0.000117857
171 31 27.4381 31.2723 32.0271 35.4273 35.8613 32.4052 0.0129387 0.000276526
330 0 0 0 0 0 0 -1 0.00482626 0.00022292
163 11 25.8944 26.2197 26.2693 26.689 27.5664 26.5277 0.00966308 0.000212288
219 28 19.9634 20.024 21.3001 21.9063 31.5285 22.9444 0.0125431 0.000194263
227 60 25.2172 25.3585 27.4552 27.6815 28.2561 26.7937 0.0327802 0.000304203
278 0 0 0 0 0 0 -1 0.00440185 0.000196336
163 0 0 0 0 0 0 -1 0.00457521 0.0003134
143 3 28.913 31.026 33.1969 0 0 31.0453 0.0062126 0.000256313
154 0 0 0 0 0 0 -1 0.00452039 0.000220307
183 0 0 0 0 0 0 -1 0.00467889 0.000327932
156 0 0 0 0 0 0 -1 0.00450619 0.000224495
255 60 25.7642 25.9032 27.6806 27.7561 27.8189 26.9846 0.0254422 0.000293475
176 267 23.9704 25.1392 25.9006 26.2939 26.3552 25.5319 0.0350005 0.000306357
174 0 0 0 0 0 0 -1 0.00492434 0.000442948
163 4 20.9938 32.2641 0 0 0 26.6289 0.00602753 0.000283341
150 6 24.3764 24.7072 25.6503 34.0146 34.6774 28.6852 0.00775334 0.000402495
152 0 0 0 0 0 0 -1 0.00478455 0.000275567
516 300 20.882 20.8841 21.1842 21.2872 21.3761 21.1227 0.0549494 0.00014307
151 0 0 0 0 0 0 -1 0.00452498 0.000199825
268 78 19.2504 20.9622 21.1799 21.7774 21.9325 21.0205 0.043182 0.000202802
233 32 25.3965 27.5961 31.1445 31.5887 34.3335 30.0119 0.0196218 0.00031229
182 29 19.1598 20.1698 21.7965 22.2775 23.159 21.3125 0.0209267 0.000203224
224 78 23.1699 23.6882 24.6448 24.6941 25.2124 24.2819 0.0427388 0.000287538
172 0 0 0 0 0 0 -1 0.00458574 0.000238256
170 4 30.4681 30.6945 0 0 0 30.5813 0.00613892 0.000272479
156 33 21.754 23.9248 23.9858 25.0834 25.779 24.1054 0.0214531 0.000711087
141 0 0 0 0 0 0 -1 0.00467082 0.000323168
383 300 18.6374 19.4384 20.0206 20.6926 21.3245 20.0227 0.055413 0.000189952
421 300 26.2825 29.9744 30.1678 31.0996 31.9894 29.9028 0.0433546 0.000134056
309 0 0 0 0 0 0 -1 0.00554525 0.000296457
187 12 23.6705 24.4477 26.8984 27.1894 27.4511 25.9314 0.00831376 0.000349323
114 0 0 0 0 0 0 -1 0.00467365 0.000365979
172 20 26.4601 27.5864 28.8951 29.3938 30.4902 28.5651 0.0115579 0.000269764
