185 0 0 0 0 0 0 -1 0.00498223 0.000196554
159 0 0 0 0 0 0 -1 0.00453721 0.000232254
171 26 20.8212 20.8312 21.3264 23.5708 27.366 22.7831 0.0153814 0.000310336
176 0 20.0227 20.8321 21.3265 21.7948 25.8273 21.9607 0.0136679 0.00865334
246 39 20.0227 20.8321 20.9444 21.3265 21.7949 20.9841 0.0279374 0.00714838
120 0 20.0227 20.8321 20.8599 21.3265 21.7949 20.9672 0.0232255 0.0188104
311 300 20.0227 20.3328 20.8321 20.8599 20.9921 20.6079 0.0552292 0.00534869
391 295 20.0227 20.0594 20.8321 20.8599 20.9938 20.5536 0.0423606 0.00292245
392 300 20.0227 20.0594 20.3073 20.8321 20.8599 20.4163 0.052921 0.00399777
474 300 19.7758 20.0227 20.0594 20.3135 20.354 20.1051 0.0529177 0.00636919
153 0 19.7672 20.0227 20.0495 20.0594 20.3135 20.0425 0.0119584 0.00755065
147 0 19.7672 20.0227 20.0495 20.0594 20.3135 20.0425 0.0207137 0.0162753
362 300 19.7672 20.0227 20.0495 20.0594 20.3135 20.0425 0.0830257 0.0134754
409 126 19.7672 20.0227 20.0495 20.0594 20.3135 20.0425 0.109928 0.00346251
364 85 19.7672 20.0227 20.0495 20.0594 20.3135 20.0425 0.0502349 0.00482181
286 300 19.7672 20.0227 20.0495 20.0594 20.3135 20.0425 0.0477794 0.0158326
397 300 19.7672 20.0227 20.0495 20.0594 20.3135 20.0425 0.0842105 0.0112408
179 93 19.3435 19.7672 19.7696 20.0227 20.0495 19.7905 0.0540295 0.0168884
464 300 19.2731 19.7606 19.7672 20.0227 20.0495 19.7746 0.0698473 0.00549845
283 300 18.9395 19.0075 19.2494 19.2731 19.7606 19.246 0.0821294 0.0158394
273 300 18.9415 18.9421 19.2536 19.2731 19.7606 19.2342 0.0617 0.00713227
344 63 18.9415 18.9421 19.2536 19.2731 19.7606 19.2342 0.0425115 0.0139576
418 300 18.9415 18.9421 19.2536 19.2731 19.7606 19.2342 0.0647368 0.0129713
247 40 18.9415 18.9421 19.17 19.2536 19.2731 19.1161 0.0295673 0.00820916
380 130 18.8902 18.9415 18.9421 19.1625 19.2536 19.038 0.04679 0.0128425
353 0 18.8897 18.9415 18.9421 19.1625 19.2536 19.0379 0.0525252 0.00614392
508 300 18.8913 18.9415 18.9421 19.1625 19.2536 19.0382 0.0599878 0.00451828
572 300 18.8902 18.9415 18.9421 19.1625 19.2536 19.038 0.0366487 0.00390708
262 270 18.8897 18.9415 18.9421 19.1625 19.2536 19.0379 0.0487457 0.0158373
380 300 18.8913 18.9415 18.9421 19.1625 19.2536 19.0382 0.0568601 0.0107926
227 300 18.8902 18.9415 18.9421 19.1625 19.2536 19.038 0.0780053 0.0150288
226 0 18.8897 18.9415 18.9421 19.1625 19.2536 19.0379 0.0121309 0.0077364
274 66 18.8913 18.9415 18.9421 19.1625 19.2536 19.0382 0.0571137 0.0166929
294 122 18.8902 18.9415 18.9421 19.1625 19.2536 19.038 0.0379433 0.00613513
365 300 18.8897 18.9415 18.9421 19.1625 19.2536 19.0379 0.0842282 0.0140797
449 300 18.8913 18.9415 18.9421 19.1625 19.2536 19.0382 0.0547878 0.00795973
209 0 18.8902 18.9415 18.9421 19.1625 19.2536 19.038 0.0199912 0.0141484
383 300 18.8897 18.9415 18.9421 19.1625 19.2536 19.0379 0.0468064 0.0157417
444 300 18.8913 18.9415 18.9421 19.1625 19.2536 19.0382 0.0476745 0.00384456
288 300 18.8902 18.9415 18.9421 19.1625 19.2536 19.038 0.0514978 0.00859811
265 300 18.8897 18.9415 18.9421 19.1625 19.2536 19.0379 0.0557261 0.00998503
289 0 18.8913 18.9415 18.9421 19.1625 19.2536 19.0382 0.015539 0.0112103
590 300 18.8902 18.9415 18.9421 19.1625 19.2536 19.038 0.0585794 0.00344918
538 300 18.8897 18.9415 18.9421 19.1625 19.2536 19.0379 0.0444112 0.00575088
540 300 18.8913 18.9415 18.9421 19.1625 19.2536 19.0382 0.068155 0.00337397
288 167 18.8902 18.9415 18.9421 19.1625 19.2536 19.038 0.0716023 0.00870888
345 287 18.8897 18.9415 18.9421 19.1625 19.2536 19.0379 0.0444534 0.00394772
396 300 18.8913 18.9415 18.9421 19.1625 19.2536 19.0382 0.0694465 0.00723547
224 60 18.8902 18.9415 18.9421 19.1625 19.2536 19.038 0.0432654 0.00805488
187 0 18.8897 18.9415 18.9421 19.1625 19.2536 19.0379 0.013041 0.00875165
396 138 18.8913 18.9415 18.9421 19.1625 19.2536 19.0382 0.0800813 0.0108661
222 300 18.8902 18.9415 18.9421 19.1625 19.2536 19.038 0.0731638 0.0064868
209 237 18.8897 18.9415 18.9421 19.1625 19.2536 19.0379 0.0603849 0.0169691
185 0 18.8913 18.9415 18.9421 19.1625 19.2536 19.0382 0.013533 0.00910255
507 300 18.8902 18.9415 18.9421 19.1625 19.2536 19.038 0.057702 0.0069065
457 300 18.8897 18.9415 18.9421 19.1625 19.2536 19.0379 0.0475375 0.00526604
271 0 18.8913 18.9415 18.9421 19.1625 19.2536 19.0382 0.0107423 0.00639422
264 300 18.8902 18.9415 18.9421 19.1625 19.2536 19.038 0.0737243 0.0161809
297 0 18.8897 18.9415 18.9421 19.1625 19.2536 19.0379 0.0139641 0.00653826
204 16 18.8913 18.9415 18.9421 19.1625 19.2536 19.0382 0.0282255 0.0160055
289 172 18.8902 18.9415 18.9421 19.1625 19.2536 19.038 0.0546939 0.014338
546 300 18.8897 18.9415 18.9421 19.1625 19.2536 19.0379 0.0344622 0.00345802
191 0 18.8913 18.9415 18.9421 19.1625 19.2536 19.0382 0.0130341 0.00869135
202 0 18.8902 18.9415 18.9421 19.1625 19.2536 19.038 0.0121225 0.00777534
469 300 18.8897 18.9415 18.9421 19.1625 19.2536 19.0379 0.0631862 0.0074375
646 300 18.8913 18.9415 18.9421 19.1625 19.2536 19.0382 0.0634386 0.00329093
340 300 18.8902 18.9415 18.9421 19.1625 19.2536 19.038 0.0581819 0.00807026
275 115 18.8897 18.9415 18.9421 19.1625 19.2536 19.0379 0.0514758 0.00981719
231 131 18.8913 18.9415 18.9421 19.1625 19.2536 19.0382 0.0854388 0.00765018
393 300 18.8902 18.9415 18.9421 19.1625 19.2536 19.038 0.0621904 0.00877042
195 30 18.8897 18.9415 18.9421 19.1625 19.2536 19.0379 0.0259689 0.00800218
253 97 18.8913 18.9415 18.9421 19.1625 19.2536 19.0382 0.073696 0.0129354
224 28 18.8902 18.9415 18.9421 19.1625 19.2536 19.038 0.0260288 0.00773568
237 67 18.8897 18.9415 18.9421 19.1625 19.2536 19.0379 0.0419338 0.0078212
354 300 18.8913 18.9415 18.9421 19.1625 19.2536 19.0382 0.0523797 0.00945195
301 48 18.8902 18.9415 18.9421 19.1625 19.2536 19.038 0.0276176 0.00781699
224 293 18.8897 18.9415 18.9421 19.1625 19.2536 19.0379 0.0635239 0.0087862
386 300 18.8913 18.9415 18.9421 19.1625 19.2536 19.0382 0.0625504 0.00863147
205 300 18.8902 18.9415 18.9421 19.1625 19.2536 19.038 0.0509535 0.00835875
450 300 18.8897 18.9415 18.9421 19.1625 19.2536 19.0379 0.0792394 0.0101394
468 300 18.8913 18.9415 18.9421 19.1625 19.2536 19.0382 0.0537403 0.0173146
354 300 18.8902 18.9415 18.9421 19.1625 19.2536 19.038 0.0434112 0.00817763
161 20 18.8897 18.9415 18.9421 19.1625 19.2536 19.0379 0.0261748 0.00763025
164 0 18.8913 18.9415 18.9421 19.1625 19.2536 19.0382 0.0173119 0.0130505
212 31 18.8902 18.9415 18.9421 19.1625 19.2536 19.038 0.022056 0.00842226
201 0 18.8897 18.9415 18.9421 19.1625 19.2536 19.0379 0.0150009 0.0106596
351 300 18.8913 18.9415 18.9421 19.1625 19.2536 19.0382 0.0641665 0.014309
435 300 18.8902 18.9415 18.9421 19.1625 19.2536 19.038 0.0515548 0.00747386
295 0 18.8897 18.9415 18.9421 19.1625 19.2536 19.0379 0.0186739 0.0144191
257 46 18.8913 18.9415 18.9421 19.1625 19.2536 19.0382 0.0311397 0.0152825
223 227 18.8902 18.9415 18.9421 19.1625 19.2536 19.038 0.0699014 0.0149999
389 300 18.8897 18.9415 18.9421 19.1625 19.2536 19.0379 0.0522598 0.00800314
323 300 18.8913 18.9415 18.9421 19.1625 19.2536 19.0382 0.0424529 0.00819996
312 215 18.8902 18.9415 18.9421 19.1625 19.2536 19.038 0.0440348 0.0105444
280 300 18.8897 18.9415 18.9421 19.1625 19.2536 19.0379 0.0605292 0.0150074
265 300 18.8913 18.9415 18.9421 19.1625 19.2536 19.0382 0.0621599 0.00787708
324 229 18.8902 18.9415 18.9421 19.1625 19.2536 19.038 0.0633729 0.00465679
254 0 18.8897 18.9415 18.9421 19.1625 19.2536 19.0379 0.0117063 0.00740508
307 189 18.8913 18.9415 18.9421 19.1625 19.2536 19.0382 0.0667799 0.011206
443 300 18.8902 18.9415 18.9421 19.1625 19.2536 19.038 0.0614704 0.00824511
193 265 18.8897 18.9415 18.9421 19.1625 19.2536 19.0379 0.0464002 0.0084958
205 225 18.8913 18.9415 18.9421 19.1625 19.2536 19.0382 0.056474 0.0105758
313 127 18.8902 18.9415 18.9421 19.1625 19.2536 19.038 0.0732317 0.0159424
235 47 18.8897 18.9415 18.9421 19.1625 19.2536 19.0379 0.0400117 0.00757336
274 300 18.8913 18.9415 18.9421 19.1625 19.2536 19.0382 0.0677481 0.0104213
173 87 18.8902 18.9415 18.9421 19.1625 19.2536 19.038 0.0935346 0.0115388
243 0 18.8897 18.9415 18.9421 19.1625 19.2536 19.0379 0.0191833 0.0149513
355 300 18.8913 18.9415 18.9421 19.1625 19.1891 19.0253 0.0597766 0.0102581
329 300 18.8902 18.9415 18.9421 19.1625 19.1896 19.0252 0.0638562 0.00835728
198 0 18.8897 18.9415 18.9421 19.1625 19.1896 19.0251 0.0228322 0.0184797
258 300 18.8913 18.9415 18.9421 19.1625 19.1896 19.0254 0.0608369 0.010033
416 251 18.8902 18.9415 18.9421 19.1625 19.1896 19.0252 0.0616887 0.0117242
274 45 18.8897 18.9415 18.9421 19.1625 19.1896 19.0251 0.0268889 0.00810759
458 300 18.8913 18.9415 18.9421 19.1625 19.1896 19.0254 0.0709147 0.0190937
244 300 18.8902 18.9415 18.9421 19.1625 19.1896 19.0252 0.068339 0.00886562
416 300 18.8897 18.9415 18.9421 19.1625 19.1896 19.0251 0.0491737 0.00386501
318 84 18.8913 18.9415 18.9421 19.1625 19.1896 19.0254 0.0451286 0.0054971
154 3 18.8902 18.9415 18.9421 19.1625 19.1896 19.0252 0.0104858 0.00482511
221 2 18.8897 18.9415 18.9421 19.1625 19.1896 19.0251 0.0209894 0.0157446
253 300 18.8913 18.9415 18.9421 19.1625 19.1896 19.0254 0.055814 0.0156955
267 245 18.8902 18.9415 18.9421 19.1625 19.1896 19.0252 0.0489648 0.00689809
140 86 18.8897 18.9415 18.9421 19.1625 19.1896 19.0251 0.0345903 0.00750228
515 300 18.8913 18.9415 18.9421 19.1625 19.1896 19.0254 0.0696827 0.0124726
294 300 18.8902 18.9415 18.9421 19.1625 19.1896 19.0252 0.0494162 0.00881832
557 300 18.8897 18.9415 18.9421 19.1625 19.1896 19.0251 0.0530744 0.00844891
271 33 18.8913 18.9415 18.9421 19.1625 19.1896 19.0254 0.0354816 0.0168597
473 300 18.8902 18.9415 18.9421 19.1625 19.1896 19.0252 0.080012 0.0133528
177 120 18.8897 18.9415 18.9421 19.1625 19.1896 19.0251 0.065237 0.00848483
379 300 18.8913 18.9415 18.9421 19.1625 19.1896 19.0254 0.057532 0.00529804
236 290 18.8902 18.9415 18.9421 19.1625 19.1896 19.0252 0.0339852 0.0080843
173 300 18.8897 18.9415 18.9421 19.1625 19.1896 19.0251 0.0432271 0.00853821
266 0 18.8913 18.9415 18.9421 19.1625 19.1896 19.0254 0.013889 0.00942425
348 300 18.8902 18.9415 18.9421 19.1625 19.1896 19.0252 0.0528526 0.0149655
351 300 18.8897 18.9415 18.9421 19.1625 19.1896 19.0251 0.0626161 0.00589647
227 130 18.8913 18.9415 18.9421 19.1625 19.1896 19.0254 0.0563235 0.00842798
231 74 18.8902 18.9415 18.9421 19.1625 19.1896 19.0252 0.0527071 0.00767306
161 0 18.8897 18.9415 18.9421 19.1625 19.1896 19.0251 0.0122785 0.00802687
293 145 18.8913 18.9415 18.9421 19.1625 19.1896 19.0254 0.0520619 0.0165118
551 300 18.8902 18.9415 18.9421 19.1625 19.1896 19.0252 0.071453 0.00647974
361 300 18.8897 18.9415 18.9421 19.1625 19.1896 19.0251 0.0548585 0.0161575
257 136 18.8913 18.9415 18.9421 19.1625 19.1896 19.0254 0.0420886 0.00695054
139 0 18.8902 18.9415 18.9421 19.1625 19.1896 19.0252 0.0125864 0.0082437
172 21 18.8897 18.9415 18.9421 19.1625 19.1896 19.0251 0.0230363 0.00840491
343 300 18.8913 18.9415 18.9421 19.1625 19.1896 19.0254 0.0635145 0.0162599
381 300 18.8902 18.9415 18.9421 19.1625 19.1896 19.0252 0.0579981 0.00992619
206 12 18.8897 18.9415 18.9421 19.1625 19.1896 19.0251 0.0167304 0.00812384
327 138 18.8913 18.9415 18.9421 19.1625 19.1896 19.0254 0.084317 0.0179325
330 300 18.8902 18.9415 18.9421 19.1625 19.1896 19.0252 0.0618466 0.00806151
153 0 18.8897 18.9415 18.9421 19.1625 19.1896 19.0251 0.0206849 0.0160048
458 300 18.8913 18.9415 18.9421 19.1625 19.1896 19.0254 0.068125 0.0185239
464 300 18.8902 18.9415 18.9421 19.1625 19.1896 19.0252 0.0524728 0.0120238
163 0 18.8897 18.9415 18.9421 19.1625 19.1896 19.0251 0.0222687 0.0177474
316 159 18.8913 18.9415 18.9421 19.1625 19.1896 19.0254 0.057052 0.016913
259 32 18.8902 18.9415 18.9421 19.1625 19.1896 19.0252 0.0221567 0.00619144
180 6 18.8897 18.9415 18.9421 19.1625 19.1896 19.0251 0.0250707 0.0182966
330 300 18.8913 18.9415 18.9421 19.1625 19.1896 19.0254 0.0669577 0.00723839
126 1 18.8902 18.9415 18.9421 19.1625 19.1896 19.0252 0.0164557 0.0110307
129 0 18.8897 18.9415 18.9421 19.1625 19.1896 19.0251 0.0130535 0.00877544
