168 300 22.4004 22.636 23.4114 23.6131 23.6416 23.1405 0.0263715 0.000253622
340 300 20.2793 20.3073 21.435 21.8673 21.8953 21.1569 0.0327367 0.0049415
298 267 20.274 20.3135 21.0984 21.4476 21.8671 21.0001 0.0387694 0.0124349
328 300 20.274 20.3135 20.9938 21.4502 21.8671 20.9797 0.039802 0.00830136
239 104 20.274 20.3135 20.9938 21.4506 21.8671 20.9798 0.0388436 0.0155056
664 300 20.1661 20.274 20.3135 20.6491 20.9938 20.4793 0.029704 0.00533556
293 300 20.1976 20.274 20.3135 20.6817 20.9938 20.4921 0.051736 0.0159952
717 300 18.6374 19.4558 20.1972 20.274 20.3135 19.7756 0.0363056 0.00646105
203 0 18.6374 19.4505 20.1977 20.274 20.3135 19.7746 0.0190718 0.0142132
365 300 18.6374 19.4505 20.1976 20.274 20.3135 19.7746 0.042366 0.00602401
243 300 18.6374 19.1661 19.4505 19.496 20.0465 19.3593 0.0375216 0.0134228
207 72 18.6374 19.1609 19.4505 19.4936 20.0604 19.3605 0.0351229 0.0139703
289 94 18.6374 19.1609 19.4505 19.4936 20.0604 19.3605 0.0429914 0.0146187
286 300 18.6374 19.1609 19.4505 19.4936 20.0604 19.3605 0.0426456 0.00872373
244 0 18.6374 19.1609 19.4505 19.4936 20.0604 19.3605 0.0200393 0.0156693
293 300 18.6374 19.1609 19.4505 19.4936 19.8476 19.318 0.036101 0.0154123
222 68 18.6374 19.1609 19.4505 19.4936 19.8614 19.3207 0.0320843 0.013423
277 238 18.6374 19.1609 19.4505 19.4936 19.8613 19.3207 0.0483739 0.00722507
206 300 18.6374 19.1609 19.4505 19.4936 19.8609 19.3206 0.0350539 0.00766617
275 300 18.6374 19.1609 19.4505 19.4936 19.8614 19.3207 0.048915 0.0146769
210 150 18.6374 19.1609 19.4505 19.4936 19.7667 19.3018 0.0256062 0.00810119
390 300 18.6374 19.1609 19.4505 19.4936 19.7672 19.3019 0.0371815 0.0123472
213 300 18.6374 19.1609 19.2523 19.4505 19.4936 19.1989 0.0323771 0.00781808
185 194 18.6374 19.1609 19.2532 19.2536 19.4505 19.1511 0.052898 0.0147247
252 70 18.6374 19.1609 19.2536 19.261 19.4505 19.1527 0.028973 0.00803639
226 300 18.6374 19.1609 19.165 19.2536 19.261 19.0956 0.0367799 0.00552609
577 300 18.6374 19.1609 19.1665 19.2536 19.261 19.0959 0.04196 0.0113026
246 286 18.6374 19.1609 19.1665 19.2536 19.261 19.0959 0.0321508 0.0094027
408 300 18.6374 19.1609 19.1665 19.2536 19.261 19.0959 0.0413101 0.0145477
608 300 18.6374 19.1609 19.1665 19.2536 19.261 19.0959 0.0456314 0.00932881
269 300 18.6374 19.1609 19.1665 19.2536 19.261 19.0959 0.0452391 0.0149835
471 300 18.6374 19.1609 19.1665 19.2536 19.261 19.0959 0.0396363 0.0051247
204 7 18.6374 19.1609 19.1665 19.2536 19.261 19.0959 0.0155941 0.00769399
780 300 18.6374 19.1609 19.1665 19.2536 19.261 19.0959 0.0490183 0.0122653
474 300 18.6374 19.1609 19.1665 19.2536 19.261 19.0959 0.0633766 0.0147146
405 300 18.6374 19.1609 19.1665 19.2536 19.261 19.0959 0.0432621 0.00596251
508 300 18.6374 19.1609 19.1665 19.2536 19.261 19.0959 0.0584914 0.0150119
482 300 18.6374 19.1609 19.1665 19.2536 19.261 19.0959 0.0527827 0.00858882
318 300 18.6374 19.1609 19.1665 19.2536 19.261 19.0959 0.041193 0.0123851
422 300 18.6374 19.1609 19.1665 19.2536 19.261 19.0959 0.0392168 0.011534
271 300 18.6374 19.1609 19.1665 19.2536 19.261 19.0959 0.0412166 0.0148006
642 300 18.6374 19.1609 19.1665 19.2536 19.261 19.0959 0.0602254 0.00900327
197 300 18.6374 19.1609 19.1665 19.2536 19.261 19.0959 0.0307602 0.00821389
268 300 18.6374 19.1609 19.1665 19.2536 19.261 19.0959 0.0461609 0.0132965
192 44 18.6374 19.1609 19.1665 19.2536 19.261 19.0959 0.0323527 0.0144813
223 177 18.6374 19.1609 19.1665 19.2536 19.261 19.0959 0.0495321 0.0112571
537 300 18.6374 19.1609 19.1665 19.2536 19.261 19.0959 0.0343407 0.00624995
806 300 18.6374 19.1609 19.1665 19.2536 19.261 19.0959 0.0392207 0.00351511
887 300 18.6374 19.1609 19.1665 19.2536 19.261 19.0959 0.0389085 0.0032645
860 300 18.6374 19.1609 19.1665 19.2536 19.261 19.0959 0.0453445 0.00331484
822 300 18.6374 19.1609 19.1665 19.2536 19.261 19.0959 0.0971646 0.00330539
801 300 18.6374 19.1609 19.1665 19.2536 19.261 19.0959 0.0265738 0.00323339
772 300 18.6374 19.1609 19.1665 19.2536 19.261 19.0959 0.0303371 0.00357982
342 300 18.6374 19.1609 19.1665 19.2536 19.261 19.0959 0.0461133 0.0168477
379 300 18.6374 19.1609 19.1665 19.2536 19.261 19.0959 0.041034 0.00875334
194 0 18.6374 19.1609 19.1665 19.2536 19.261 19.0959 0.0182199 0.00819984
227 200 18.6374 19.1609 19.1665 19.2536 19.261 19.0959 0.0406424 0.0125408
455 300 18.6374 19.1609 19.1665 19.2536 19.261 19.0959 0.0431934 0.0198632
499 300 18.6374 19.1609 19.1665 19.2536 19.261 19.0959 0.036075 0.00793362
203 10 18.6374 19.1609 19.1665 19.2536 19.261 19.0959 0.0135734 0.00769348
415 300 18.6374 19.1609 19.1665 19.2536 19.261 19.0959 0.0384478 0.0149468
209 61 18.6374 19.1609 19.1665 19.2536 19.261 19.0959 0.0354359 0.0144039
450 300 18.6374 19.1609 19.1665 19.2536 19.261 19.0959 0.0407886 0.0113332
191 219 18.6374 19.1609 19.1665 19.2536 19.261 19.0959 0.0363546 0.00783753
188 300 18.6374 19.1609 19.1665 19.2536 19.261 19.0959 0.0452192 0.00646463
451 300 18.6374 19.0714 19.1609 19.1665 19.2536 19.058 0.0419048 0.0153483
464 300 18.6374 19.0709 19.1609 19.1665 19.2536 19.0579 0.0332868 0.00851431
457 300 18.6374 19.0725 19.1609 19.1665 19.2536 19.0582 0.0503872 0.0166752
335 300 18.6374 19.0714 19.1609 19.1665 19.2536 19.058 0.0295579 0.00898431
302 287 18.6374 19.0709 19.1609 19.1665 19.2536 19.0579 0.0416592 0.0144166
444 300 18.6374 19.0725 19.1609 19.1665 19.2536 19.0582 0.0445815 0.00778777
808 300 18.6374 19.0714 19.1609 19.1665 19.2536 19.058 0.0592241 0.0160506
551 300 18.6374 19.0709 19.1609 19.1665 19.2536 19.0579 0.0458485 0.0111428
266 300 18.6374 19.0725 19.1609 19.1665 19.2536 19.0582 0.0397738 0.00855384
500 300 18.6374 19.0714 19.1609 19.1665 19.2536 19.058 0.0488398 0.00672098
663 300 18.6374 19.0709 19.1609 19.1665 19.2536 19.0579 0.149754 0.0169663
625 300 18.6374 19.0725 19.1609 19.1665 19.2536 19.0582 0.0356653 0.00582984
498 300 18.6374 19.0714 19.1609 19.1665 19.2536 19.058 0.0543316 0.00567068
330 300 18.6374 19.0709 19.1609 19.1665 19.2536 19.0579 0.0353626 0.00677892
281 222 18.6374 19.0725 19.1609 19.1665 19.2536 19.0582 0.0305399 0.00788353
341 300 18.6374 19.0714 19.1609 19.1665 19.2536 19.058 0.0528357 0.016549
304 300 18.6374 19.0709 19.1609 19.1665 19.2536 19.0579 0.0360917 0.0105751
195 134 18.6374 19.0725 19.1609 19.1665 19.2536 19.0582 0.0392661 0.00863106
345 300 18.6374 19.0714 19.1609 19.1665 19.2536 19.058 0.0499115 0.00860369
476 300 18.6374 19.0709 19.1609 19.1665 19.2536 19.0579 0.0452627 0.0170055
323 300 18.6374 19.0725 19.1609 19.1665 19.2536 19.0582 0.0370008 0.00980627
526 300 18.6374 19.0714 19.1609 19.1665 19.2536 19.058 0.0480519 0.0168704
620 300 18.6374 19.0709 19.1609 19.1665 19.2536 19.0579 0.0392932 0.00498198
379 300 18.6374 18.8829 19.0725 19.1609 19.1665 18.984 0.0380849 0.0164252
361 300 18.6374 19.0714 19.1609 19.1665 20.7145 19.3501 0.0344882 0.00927345
219 140 18.6374 19.0709 19.1609 19.1665 20.3135 19.2698 0.0404593 0.0168007
213 27 18.6374 19.0725 19.1609 19.1665 20.3135 19.2702 0.0246208 0.0105339
451 300 18.6374 19.0714 19.1609 19.1665 20.3135 19.2699 0.0477424 0.0168881
303 300 18.6374 19.0709 19.1609 19.1665 20.3135 19.2698 0.0404082 0.00972779
455 300 18.6374 19.0725 19.1609 19.1665 20.3135 19.2702 0.0456635 0.0181904
340 300 18.6374 19.0714 19.1609 19.1665 20.3135 19.2699 0.0367663 0.00998363
258 300 18.6374 19.0709 19.1609 19.1665 20.3135 19.2698 0.0338661 0.0154971
357 300 18.6374 19.0725 19.1609 19.1665 20.3135 19.2702 0.049013 0.0137798
601 300 18.6374 19.0714 19.1609 19.1665 20.3135 19.2699 0.0642286 0.0169754
405 300 18.6374 19.0709 19.1609 19.1665 20.3135 19.2698 0.0353868 0.0101099
255 0 18.6374 19.0725 19.1609 19.1665 20.3135 19.2702 0.0133114 0.00891094
466 300 18.6374 19.0714 19.1609 19.1665 20.3135 19.2699 0.0538162 0.0137759
219 300 18.6374 19.0709 19.1609 19.1665 20.3135 19.2698 0.0423469 0.00827698
450 300 18.6374 19.0725 19.1609 19.1665 20.3135 19.2702 0.032527 0.0071594
217 0 18.6374 19.0714 19.1609 19.1665 20.3135 19.2699 0.0199562 0.0155114
474 300 18.6374 19.0709 19.1609 19.1665 20.3135 19.2698 0.0490597 0.00884386
207 0 18.6374 19.0725 19.1609 19.1665 20.3135 19.2702 0.0123882 0.00793687
662 300 18.6374 19.0714 19.1609 19.1665 20.3135 19.2699 0.0468732 0.014651
411 300 18.6374 19.0709 19.1609 19.1665 19.8751 19.1822 0.0421132 0.0177402
565 300 18.6374 19.0725 19.1609 19.1665 19.873 19.182 0.0485004 0.0121878
263 300 18.6374 19.0714 19.1609 19.1665 19.873 19.1818 0.0311477 0.00912595
270 300 18.6374 19.0709 19.1609 19.1665 19.873 19.1817 0.0375826 0.0122208
300 174 18.6374 19.0725 19.1609 19.1665 19.873 19.182 0.0329228 0.00867433
276 236 18.6374 19.0714 19.1609 19.1665 19.2466 19.0566 0.0310763 0.00908151
218 0 18.6374 19.0709 19.1609 19.1665 19.2601 19.0592 0.0139162 0.00937288
253 204 18.6374 19.0725 19.1609 19.1665 19.2601 19.0595 0.0378836 0.00882112
184 193 18.6374 19.0714 19.1609 19.1665 19.2601 19.0593 0.0429007 0.00900526
282 300 18.6374 19.0709 19.1609 19.1665 19.2462 19.0564 0.0399937 0.00845419
244 226 18.6374 19.0725 19.1609 19.1665 19.2532 19.0581 0.0347996 0.0086434
145 300 18.6374 19.0714 19.1609 19.1665 19.2532 19.0579 0.054774 0.0157022
268 0 18.6374 19.0709 19.1609 19.1665 19.2532 19.0578 0.0123056 0.00783768
481 300 18.6374 19.0725 19.1609 19.1665 19.2532 19.0581 0.0344783 0.0125844
223 300 18.6374 19.0714 19.1609 19.1665 19.2532 19.0579 0.032051 0.00825961
220 177 18.6374 19.0709 19.1609 19.1665 19.2532 19.0578 0.0469425 0.0117431
358 300 18.6374 19.0725 19.1609 19.1665 19.2532 19.0581 0.0545562 0.0142054
312 300 18.6374 19.0714 19.1609 19.1665 19.2532 19.0579 0.0394548 0.00830881
300 300 18.6374 19.0709 19.1609 19.1665 19.2532 19.0578 0.0429255 0.00804492
331 300 18.6374 19.0725 19.1609 19.1665 19.2532 19.0581 0.0390889 0.00925765
215 300 18.6374 19.0714 19.1609 19.1665 19.2532 19.0579 0.0406149 0.00892151
331 0 18.6374 19.0709 19.1609 19.1665 19.2532 19.0578 0.0264396 0.00955439
425 300 18.6374 19.0725 19.1609 19.1665 19.2532 19.0581 0.0405786 0.0169563
625 300 18.6374 19.0714 19.1609 19.1665 19.2532 19.0579 0.0698938 0.00700487
331 300 18.6374 19.0709 19.1609 19.1665 19.2532 19.0578 0.0376628 0.00972691
230 300 18.6374 19.0725 19.1609 19.1665 19.2532 19.0581 0.0350286 0.00796888
406 300 18.6374 19.0714 19.1609 19.1665 19.2532 19.0579 0.0488217 0.0131918
193 47 18.6374 19.0709 19.1609 19.1665 19.2532 19.0578 0.026947 0.00821765
238 300 18.6374 19.0725 19.1609 19.1665 19.2532 19.0581 0.0416118 0.0153027
332 300 18.6374 19.0714 19.1609 19.1665 19.2532 19.0579 0.0352556 0.00880382
646 300 18.6374 19.0709 19.1609 19.1665 19.2532 19.0578 0.0438434 0.014621
570 300 18.6374 19.0725 19.1609 19.1665 19.2532 19.0581 0.049591 0.0163229
421 300 18.6374 19.0714 19.1609 19.1665 19.2532 19.0579 0.0346515 0.00531044
271 0 18.6374 19.0709 19.1609 19.1665 19.2532 19.0578 0.012553 0.0082132
297 300 18.6374 19.0725 19.1609 19.1665 19.2532 19.0581 0.0361728 0.00829319
254 195 18.6374 19.0714 19.1609 19.1665 19.2532 19.0579 0.0395726 0.0159898
323 300 18.6374 19.0709 19.1609 19.1665 19.2532 19.0578 0.0352611 0.00754563
690 300 18.6374 19.0725 19.1609 19.1665 19.2532 19.0581 0.0730006 0.00780545
565 300 18.6374 19.0714 19.1609 19.1665 19.2532 19.0579 0.0521696 0.0131299
457 300 18.6374 19.0709 19.1609 19.1665 19.2532 19.0578 0.0413958 0.0057331
175 0 18.6374 19.0725 19.1609 19.1665 19.2532 19.0581 0.013899 0.00838174
559 300 18.6374 19.0714 19.1609 19.1665 19.2532 19.0579 0.0534973 0.0184902
410 300 18.6374 19.0709 19.1609 19.1665 19.2532 19.0578 0.0473977 0.0165042
534 300 18.6374 19.0725 19.1609 19.1665 19.2532 19.0581 0.0477692 0.00481381
210 7 18.6374 19.0714 19.1609 19.1665 19.2532 19.0579 0.0145406 0.00892906
431 300 18.6374 19.0709 19.1609 19.1665 19.2532 19.0578 0.0530172 0.0175541
193 76 18.6374 19.0725 19.1609 19.1665 19.2532 19.0581 0.0325296 0.00826949
319 300 18.6374 19.0714 19.1609 19.1665 19.2487 19.057 0.0392232 0.015184
329 300 18.6374 19.0709 19.1609 19.1665 19.1965 19.0464 0.0394395 0.0150146
326 300 18.6374 19.0725 19.1609 19.1665 19.1965 19.0468 0.0422539 0.0104574
