306 100 21.4657 22.1655 22.1718 22.1735 22.2157 22.0384 0.0317614 0.000254818
292 100 21.3107 21.3689 22.0977 22.1815 22.1966 21.8311 0.0551838 0.0114769
208 27 21.0939 21.3041 22.091 22.1749 22.1899 21.7707 0.0267568 0.0123206
250 100 21.0939 21.3041 22.0911 22.1749 22.19 21.7708 0.0396582 0.0119178
248 52 21.0939 21.3107 22.0977 22.1815 22.1966 21.7761 0.0428048 0.0184228
262 100 20.9892 21.0939 21.2307 21.3041 21.9336 21.3103 0.0320473 0.0104902
222 100 20.9853 21.0939 21.2309 21.3041 21.918 21.3064 0.0297668 0.00974212
218 100 19.2552 20.1742 20.7906 20.9853 21.0939 20.4598 0.0372204 0.0124127
812 100 19.261 20.1774 20.7897 20.9853 21.0939 20.4615 0.246318 0.00757452
289 100 19.261 20.174 20.7897 20.9853 21.0939 20.4608 0.0365986 0.00676293
245 100 19.261 20.1774 20.7897 20.9853 21.0939 20.4615 0.0402945 0.00790827
232 100 19.261 20.1774 20.7897 20.9853 21.0939 20.4615 0.0468933 0.0101661
214 0 19.261 20.174 20.7897 20.9853 21.0939 20.4608 0.0124343 0.00800806
589 100 19.261 20.1774 20.7897 20.9853 21.0939 20.4615 0.0438194 0.00969139
226 97 19.261 20.1774 20.7897 20.9853 21.0939 20.4615 0.0444282 0.0156775
214 0 19.261 20.174 20.7897 20.9853 21.0939 20.4608 0.0152509 0.00974778
315 100 19.261 20.1774 20.7897 20.9853 21.0939 20.4615 0.0402561 0.00861298
253 100 19.261 20.1774 20.5777 20.7897 20.9747 20.3561 0.0392306 0.0111373
636 100 19.261 20.174 20.7897 21.3362 22.1068 20.7335 0.0568311 0.0126866
193 17 19.261 19.491 19.7729 20.1774 20.2655 19.7935 0.0241372 0.0131223
199 100 19.261 19.4505 19.7672 20.1774 20.1998 19.7712 0.0539441 0.0123999
247 100 19.261 19.4505 19.7672 20.174 20.1972 19.77 0.0373829 0.0128918
221 18 19.261 19.4505 19.7672 20.1774 20.1977 19.7707 0.0178206 0.00867232
218 100 19.261 19.4505 19.7672 20.1774 20.1976 19.7707 0.0434856 0.0160678
761 100 19.261 19.4505 19.7672 20.174 20.1972 19.77 0.0458731 0.0100126
263 0 19.261 19.4505 19.7672 20.1774 20.1977 19.7707 0.0194374 0.0137705
275 100 19.261 19.4505 19.7672 20.1774 20.1976 19.7707 0.0464787 0.0130304
237 100 19.261 19.4505 19.7672 20.174 20.1972 19.77 0.0432452 0.0122208
196 94 19.261 19.4505 19.7672 20.1774 20.1977 19.7707 0.0425936 0.0130423
210 17 19.261 19.4505 19.7672 20.1774 20.1976 19.7707 0.0227128 0.0129819
229 84 19.261 19.4505 19.7672 20.174 20.1972 19.77 0.04295 0.00898438
253 100 18.8903 19.0711 19.261 19.4505 19.7672 19.288 0.0454659 0.0118204
204 100 18.8897 19.0708 19.261 19.4505 19.7672 19.2878 0.0484451 0.0078927
254 100 18.8913 19.0724 19.261 19.4505 19.7672 19.2885 0.0397724 0.0136255
219 0 18.8902 19.0713 19.261 19.4505 19.7672 19.288 0.0199497 0.00981629
995 100 18.8897 19.0708 19.261 19.4505 19.7672 19.2878 0.135976 0.00587832
216 100 18.8913 19.0724 19.261 19.4505 19.7672 19.2885 0.0312479 0.00862853
198 27 18.8902 19.0713 19.261 19.4505 19.7672 19.288 0.0343768 0.017899
223 100 18.8897 19.0708 19.261 19.4505 19.7672 19.2878 0.0354323 0.00516886
229 100 18.8913 19.0724 19.261 19.4505 19.7672 19.2885 0.0385797 0.00825548
214 50 18.8902 19.0713 19.261 19.4505 19.7672 19.288 0.0393836 0.0099166
204 69 18.8897 19.0708 19.261 19.4505 19.7672 19.2878 0.0352673 0.016634
194 0 18.8913 19.0724 19.261 19.4505 19.7672 19.2885 0.0184974 0.0141491
310 100 18.8902 19.0713 19.261 19.4505 19.7672 19.288 0.038902 0.0081776
234 52 18.8897 19.0708 19.261 19.4473 19.4505 19.2239 0.0322221 0.0132946
237 100 18.8913 19.0724 19.261 19.4505 19.4558 19.2262 0.0558979 0.0161794
297 100 18.8902 19.0713 19.261 19.4505 19.4558 19.2258 0.0353792 0.00622659
197 100 18.8897 19.0708 19.261 19.4505 19.4558 19.2256 0.043373 0.00809539
225 37 18.8913 19.0724 19.1474 19.261 19.4505 19.1645 0.0255474 0.0115058
191 55 18.8902 19.0713 19.1665 19.261 19.4505 19.1679 0.0297012 0.00849621
231 100 18.8897 19.0708 19.1665 19.261 19.4505 19.1677 0.0378028 0.0124389
726 100 18.8913 19.0724 19.1665 19.261 19.4505 19.1683 0.0546891 0.0107333
220 86 18.8902 19.0713 19.1665 19.261 19.4505 19.1679 0.0302922 0.0131754
213 100 18.8897 19.0708 19.1665 19.261 19.4505 19.1677 0.044823 0.0084079
188 0 18.8913 19.0724 19.1665 19.261 19.4505 19.1683 0.0162437 0.0117008
300 100 18.8902 19.0713 19.1665 19.261 19.4505 19.1679 0.0500514 0.0156119
230 100 18.8897 19.0708 19.1665 19.2463 19.261 19.1269 0.0438283 0.0135445
434 100 18.8913 19.0724 19.1665 19.254 19.261 19.129 0.0343034 0.00574016
191 0 18.8902 19.0713 19.1665 19.254 19.261 19.1286 0.0216453 0.0171705
370 100 18.8897 19.0708 19.1665 19.254 19.261 19.1284 0.0534653 0.0166757
218 100 18.8913 19.0724 19.1665 19.254 19.261 19.129 0.0511177 0.0158954
678 100 18.8902 19.0713 19.1665 19.254 19.261 19.1286 0.048786 0.0195123
451 100 18.8897 19.0708 19.1665 19.254 19.261 19.1284 0.0489228 0.00387948
217 0 18.8913 19.0724 19.1665 19.254 19.261 19.129 0.0150312 0.0105928
318 72 18.8902 19.0713 19.1665 19.254 19.261 19.1286 0.044046 0.0171673
137 0 18.8897 19.0708 19.1665 19.254 19.261 19.1284 0.0173833 0.0128726
301 100 18.8913 19.0724 19.1665 19.254 19.261 19.129 0.058681 0.0185725
235 100 18.8902 19.0713 19.1665 19.254 19.261 19.1286 0.0540758 0.0120034
223 100 18.8897 19.0708 19.1665 19.254 19.261 19.1284 0.0614896 0.0276415
226 100 18.8913 19.0724 19.1665 19.254 19.261 19.129 0.0372347 0.00804081
233 100 18.8902 19.0713 19.1665 19.254 19.261 19.1286 0.049621 0.0120127
231 100 18.8897 19.0708 19.1665 19.254 19.261 19.1284 0.0311906 0.00848012
285 100 18.8913 19.0724 19.1665 19.254 19.261 19.129 0.04122 0.00696334
231 0 18.8902 19.0713 19.1665 19.254 19.261 19.1286 0.0230707 0.010621
408 100 18.8897 19.0708 19.1665 19.254 19.261 19.1284 0.0549411 0.0163508
235 100 18.8913 19.0724 19.1665 19.254 19.261 19.129 0.0506349 0.0177855
225 100 18.8902 19.0713 19.1665 19.254 19.261 19.1286 0.0437557 0.0178088
231 34 18.8897 19.0708 19.1665 19.254 19.261 19.1284 0.0234028 0.00843279
202 100 18.8913 19.0724 19.1665 19.254 19.261 19.129 0.0406038 0.0169628
596 100 18.8902 19.0713 19.1665 19.254 19.261 19.1286 0.0375546 0.00845593
219 100 18.8897 19.0708 19.1665 19.254 19.261 19.1284 0.0536295 0.0172292
255 100 18.8913 19.0724 19.1665 19.254 19.261 19.129 0.0472419 0.0127611
345 100 18.8902 19.0713 19.1665 19.254 19.261 19.1286 0.032048 0.011843
217 100 18.8897 19.0708 19.1665 19.254 19.261 19.1284 0.0386571 0.00844327
221 100 18.8913 19.0724 19.1665 19.254 19.261 19.129 0.0466186 0.012351
211 100 18.8902 19.0713 19.1665 19.254 19.261 19.1286 0.0306992 0.00792239
191 70 18.8897 19.0708 19.1665 19.254 19.261 19.1284 0.041497 0.0126828
213 100 18.8913 19.0724 19.1665 19.254 19.261 19.129 0.052565 0.0171916
256 100 18.8902 19.0713 19.1665 19.254 19.261 19.1286 0.033798 0.0117588
200 75 18.8897 19.0708 19.1665 19.254 19.261 19.1284 0.0344427 0.00883661
239 100 18.8913 19.0724 19.1665 19.254 19.261 19.129 0.0406077 0.0115816
201 37 18.8902 19.0713 19.1665 19.254 19.261 19.1286 0.032392 0.0160737
223 100 18.8897 19.0708 19.1665 19.254 19.261 19.1284 0.0407151 0.0134712
220 100 18.8913 19.0724 19.1665 19.254 19.261 19.129 0.0552791 0.0206697
211 58 18.8902 19.0713 19.1665 19.254 19.261 19.1286 0.0305406 0.0137221
262 100 18.8897 19.0708 19.1665 19.254 19.261 19.1284 0.0494237 0.0162866
206 0 18.8913 19.0724 19.1665 19.254 19.261 19.129 0.0159984 0.0115338
284 100 18.8902 19.0713 19.1665 19.254 19.261 19.1286 0.0431731 0.00886853
397 100 18.8897 19.0708 19.1665 19.254 19.261 19.1284 0.0397112 0.00462433
207 32 18.8913 19.0724 19.1665 19.254 19.261 19.129 0.019701 0.00840497
201 100 18.8902 19.0713 19.1665 19.254 19.261 19.1286 0.042439 0.0151995
211 48 18.8897 19.0708 19.1665 19.254 19.261 19.1284 0.0214514 0.00824477
317 100 18.8913 19.0724 19.1665 19.254 19.261 19.129 0.0507096 0.0143912
255 100 18.8902 19.0208 19.0713 19.1665 19.254 19.0806 0.0368375 0.00382648
203 100 18.8897 18.9395 19.0708 19.1665 19.254 19.0641 0.0458684 0.0122426
211 47 18.8913 18.9395 19.0724 19.1665 19.254 19.0647 0.0353652 0.0165473
459 100 18.8902 18.9395 19.0713 19.1665 19.254 19.0643 0.0479659 0.0135277
192 0 18.8897 18.9395 19.0708 19.1665 19.254 19.0641 0.0130217 0.00853673
297 100 18.8913 18.9395 19.0724 19.1665 19.254 19.0647 0.044214 0.012514
239 100 18.8902 18.9395 19.0713 19.1665 19.254 19.0643 0.048883 0.0167785
238 100 18.8897 18.9395 19.0708 19.1665 19.254 19.0641 0.041706 0.0115706
690 100 18.8913 18.9395 19.0724 19.1665 19.254 19.0647 0.0493445 0.00933042
211 100 18.8902 18.9395 19.0713 19.1665 19.254 19.0643 0.0419674 0.0103973
222 100 18.8897 18.9395 19.0708 19.1665 19.254 19.0641 0.0449785 0.0178479
316 100 18.8913 18.9395 19.0724 19.1665 19.254 19.0647 0.0496247 0.0194237
214 0 18.8902 18.9395 19.0713 19.1665 19.254 19.0643 0.0205475 0.0160961
304 100 18.8897 18.9395 19.0708 19.1665 19.254 19.0641 0.0564394 0.0160445
250 100 18.8913 18.9395 19.0724 19.1665 19.254 19.0647 0.0345517 0.0109286
209 100 18.8902 18.9395 19.0713 19.1665 19.254 19.0643 0.0375177 0.00898198
228 94 18.8897 18.9395 19.0708 19.1665 19.254 19.0641 0.0538605 0.0111596
215 100 18.8913 18.9395 19.0724 19.1665 19.254 19.0647 0.0376436 0.0166236
264 100 18.8902 18.9395 19.0713 19.1665 19.254 19.0643 0.0518598 0.0168774
267 100 18.8897 18.9395 19.0708 19.1665 19.254 19.0641 0.0402444 0.0097733
248 100 18.8913 18.9395 19.0724 19.1665 19.254 19.0647 0.0374808 0.00823673
224 51 18.8902 18.9395 19.0713 19.1665 19.254 19.0643 0.0318197 0.0118334
286 66 18.8897 18.9395 19.0708 19.1665 19.254 19.0641 0.0328797 0.0124239
349 100 18.8913 18.9395 19.0724 19.1665 19.1678 19.0475 0.0441824 0.0100204
224 0 18.8902 18.9395 19.0713 19.1536 19.1665 19.0442 0.0126694 0.00822814
314 100 18.8897 18.9395 19.0708 19.1536 19.1665 19.044 0.0606925 0.0201121
454 100 18.8913 18.9395 19.0724 19.1536 19.1665 19.0447 0.0327136 0.0128563
521 100 18.8902 18.9395 19.0713 19.1536 19.1665 19.0442 0.043569 0.0108247
233 100 18.8897 18.9395 19.0708 19.1536 19.1665 19.044 0.0449239 0.0163169
228 100 18.8913 18.9395 19.0724 19.1536 19.1665 19.0447 0.0518845 0.0169067
256 100 18.8902 18.9395 19.0713 19.1536 19.1665 19.0442 0.035076 0.0105299
186 100 18.8897 18.9395 19.0708 19.1536 19.1665 19.044 0.0367415 0.00870486
245 100 18.8913 18.9395 19.0724 19.1536 19.1665 19.0447 0.049287 0.0132155
225 100 18.8902 18.9395 19.0713 19.1536 19.1665 19.0442 0.0456877 0.00818061
214 100 18.8897 18.9395 19.0708 19.1536 19.1665 19.044 0.0403942 0.0107556
193 5 18.8913 18.9395 19.0724 19.1536 19.1665 19.0447 0.0236374 0.0164344
276 100 18.8902 18.9395 19.0713 19.1536 19.1665 19.0442 0.0395773 0.0105859
191 16 18.8897 18.9395 19.0708 19.1536 19.1665 19.044 0.0182016 0.00889507
231 0 18.8913 18.9395 19.0724 19.1536 19.1665 19.0447 0.0225383 0.0152032
275 100 18.8902 18.9395 19.0713 19.1536 19.1665 19.0442 0.0396716 0.0173236
280 0 18.8897 18.9395 19.0708 19.1536 19.1665 19.044 0.0192325 0.0124304
306 100 18.8913 18.9395 19.0724 19.1536 19.1665 19.0447 0.0455984 0.00798711
271 100 18.8902 18.9395 19.0713 19.1536 19.1665 19.0442 0.04724 0.0127169
209 100 18.8897 18.9395 19.0708 19.1536 19.1665 19.044 0.0410209 0.00830846
238 100 18.8913 18.9395 19.0724 19.1536 19.1665 19.0447 0.0419776 0.0160842
219 72 18.8902 18.9395 19.0713 19.1536 19.1665 19.0442 0.0479602 0.0112365
507 100 18.8897 18.9395 19.0708 19.1536 19.1665 19.044 0.0340782 0.007694
352 100 18.8913 18.9395 19.0724 19.1536 19.1665 19.0447 0.0579618 0.014671
224 100 18.8902 18.9395 19.0713 19.1536 19.1665 19.0442 0.0369235 0.00611711
241 40 18.8897 18.9395 19.0708 19.1536 19.1665 19.044 0.0276446 0.00892636
191 37 18.8913 18.9395 19.0724 19.1536 19.1665 19.0447 0.0322249 0.0157824
169 0 18.8902 18.9395 19.0713 19.1536 19.1665 19.0442 0.01306 0.0087172
