151 300 22.398 22.6336 23.4079 23.6167 23.6392 23.1391 0.0286062 0.000376463
420 300 23.9927 25.6327 25.7849 26.2362 26.6648 25.6622 0.0281534 0.00018436
251 91 23.3524 23.8435 25.0996 25.5389 25.5812 24.6831 0.0200941 0.000780069
222 76 21.7492 21.9963 23.2602 23.4068 24.2933 22.9411 0.0255047 0.000174398
186 54 28.274 32.5401 33.105 33.9344 34.4661 32.4639 0.0180653 0.000270154
545 300 27.1603 27.4385 27.921 28.1992 28.2185 27.7875 0.0318519 0.000186983
193 64 24.8457 26.3186 26.4299 27.4167 27.9036 26.5829 0.025345 0.000301662
375 300 23.7122 25.9524 30.3735 30.8693 31.0073 28.3829 0.0217324 0.000240591
386 300 21.0839 21.5251 23.127 23.631 24.9354 22.8605 0.0307261 0.000320328
732 300 24.8153 27.9165 28.7339 30.5634 30.6524 28.5363 0.0331227 0.000109488
201 0 0 0 0 0 0 -1 0.00492746 0.000255925
218 300 21.381 21.538 22.2879 22.3447 22.5275 22.0158 0.023122 0.000355925
216 46 19.1591 19.4523 19.4857 19.7671 20.0465 19.5821 0.0137049 0.000264667
168 0 0 0 0 0 0 -1 0.00499244 0.000187824
230 227 22.3337 22.4089 24.3182 24.7302 24.9364 23.7455 0.0242743 0.00024522
328 300 22.2535 22.7492 22.8228 23.0387 23.2497 22.8228 0.0295117 0.00026102
231 300 19.3195 19.3508 19.4558 19.4776 20.2627 19.5733 0.0224205 0.000250002
347 300 21.3731 21.3797 23.7139 26.382 26.8283 23.9354 0.0237115 0.000182135
160 180 20.8565 20.9853 22.4468 22.5813 25.5775 22.4895 0.0197707 0.000365368
229 0 0 0 0 0 0 -1 0.00494875 0.000289802
240 300 24.609 24.85 26.1581 26.4068 26.4384 25.6924 0.0292454 0.0003419
159 19 29.359 29.4263 29.575 30.1504 34.3829 30.5787 0.0105573 0.000246186
323 61 22.4924 23.1648 23.6925 24.7172 25.5037 23.9141 0.0165243 0.000257827
257 75 22.5917 23.1681 23.4705 25.5636 25.6453 24.0879 0.0150263 0.000222216
160 26 23.9083 24.3769 32.374 0 0 26.8864 0.00659487 0.000281885
222 9 42.8045 44.067 44.5435 44.8016 45.806 44.4045 0.00837094 0.000263202
242 78 31.8639 33.7049 36.4159 37.1555 38.2569 35.4794 0.0124106 0.000247624
205 72 20.3017 21.4643 22.6047 22.8447 23.4683 22.1367 0.020376 0.00094357
205 164 18.8875 19.0712 19.458 19.639 20.9408 19.5993 0.0303288 0.000325885
188 124 24.544 25.0134 25.1088 25.3885 26.2336 25.2576 0.0365793 0.000278208
175 0 0 0 0 0 0 -1 0.00473975 0.000326016
257 300 22.0852 22.4987 22.585 23.2669 23.3316 22.7535 0.0232615 0.000214048
194 300 20.9923 22.1602 22.6424 22.6544 22.9498 22.2798 0.0276396 0.000286449
227 300 24.9364 25.0082 28.8387 29.1041 29.1759 27.4127 0.0249994 0.000158303
225 134 26.8272 27.0373 28.2374 28.4475 29.7181 28.0535 0.0213833 0.000257413
245 0 0 0 0 0 0 -1 0.00463995 0.00018891
177 216 18.8899 21.5083 22.6517 22.6814 24.8702 22.1203 0.0183256 0.000402409
241 251 23.6434 23.6574 23.8047 23.8138 25.6547 24.1148 0.0291025 0.000239845
216 176 24.5154 24.592 25.0517 25.0594 25.2879 24.9012 0.0205041 0.000270869
164 7 22.281 22.7655 23.1076 27.3551 36.9829 26.4984 0.00694154 0.000306681
209 87 22.2227 24.2233 24.2336 25.1864 26.1877 24.4107 0.0232339 0.000335804
203 80 27.3947 27.8547 29.4921 29.9521 32.2285 29.3844 0.0213112 0.00030287
211 0 0 0 0 0 0 -1 0.0049324 0.000331116
233 160 22.9514 24.5297 24.7728 24.8623 24.9267 24.4086 0.0179958 0.000283225
203 0 0 0 0 0 0 -1 0.00470554 0.000327174
225 300 25.2226 25.6575 26.0389 26.8734 26.8989 26.1383 0.0345494 0.000241464
236 300 21.0779 22.1767 22.4894 22.9941 23.0621 22.36 0.0335091 0.000261855
392 300 22.0674 26.649 27.6842 28.9554 29.9763 27.0665 0.0375097 0.000228655
216 300 22.0823 22.6562 23.8449 25.1841 26.2825 24.01 0.0236758 0.000257426
206 88 24.4432 25.0495 25.1943 27.4312 27.7779 25.9792 0.0195191 0.000256455
182 60 23.269 23.4526 24.525 24.6158 24.9125 24.155 0.0227052 0.000322298
358 300 23.1123 23.5223 25.285 25.402 25.6964 24.6036 0.0254467 0.000316002
217 300 20.5883 22.0479 24.0499 24.2703 24.2971 23.0507 0.0364392 0.000341662
221 8 28.8921 30.3922 35.7548 40.8277 41.8306 35.5395 0.00886634 0.000199462
184 0 0 0 0 0 0 -1 0.00512696 0.000331234
293 300 19.3209 19.5982 21.6604 24.0011 24.1775 21.7516 0.0244343 0.000195518
255 140 24.8697 24.9998 25.0937 25.2238 26.5923 25.3559 0.0194542 0.00025886
230 14 18.9019 19.4534 23.8616 31.4557 0 23.4181 0.00693148 0.000208832
223 258 19.2434 21.032 21.9579 23.7465 23.9044 21.9768 0.0217295 0.000323707
220 37 20.3719 21.3176 22.2178 22.3113 26.6622 22.5762 0.0177974 0.000252278
219 0 0 0 0 0 0 -1 0.00713456 0.000327189
237 200 20.5089 21.1179 21.4087 23.7356 24.2328 22.2008 0.0196597 0.000252585
197 300 23.8752 24.2136 26.2194 26.4123 26.7507 25.4943 0.0227078 0.000256692
274 300 19.4832 21.4148 21.7662 22.2653 22.3172 21.4494 0.0399752 0.000226336
223 222 23.6118 23.6868 25.0363 25.1112 27.7314 25.0355 0.02335 0.000328579
187 300 21.172 23.0182 26.9537 27.4083 27.644 25.2392 0.0293542 0.000261734
208 300 22.5349 22.5697 22.6443 23.4297 23.6621 22.9681 0.0219158 0.000257669
199 300 22.5783 24.3114 25.0256 26.6162 26.6908 25.0445 0.024523 0.000335364
216 145 19.1485 20.4981 21.5156 22.5989 25.0836 21.7689 0.0265585 0.000243568
213 219 20.1413 20.3689 20.6017 20.8293 20.8566 20.5595 0.0252302 0.000288511
204 20 19.1943 20.9453 20.9981 21.9727 22.5607 21.1342 0.00769144 0.000391197
209 300 19.4467 19.9812 20.3674 21.3677 21.4211 20.5168 0.0258265 0.000203894
178 119 24.6059 24.6272 25.6063 25.6624 25.6837 25.2371 0.0235865 0.000372275
284 300 24.0196 25.6563 26.0052 26.2697 27.0578 25.8017 0.0291251 0.00015437
204 0 0 0 0 0 0 -1 0.00478743 0.000283348
264 300 21.3906 21.4558 21.7913 22.8715 22.9717 22.0962 0.0284747 0.000146694
178 47 22.4694 22.5713 23.8762 25.0255 25.5694 23.9024 0.0121694 0.000288956
206 300 23.103 23.403 23.6235 23.6416 23.7724 23.5087 0.0241224 0.000327036
202 32 21.5257 22.2831 22.9504 23.7152 24.4554 22.986 0.0120738 0.00033691
155 75 19.7906 20.2612 22.1685 26.4222 26.5375 23.036 0.0212922 0.000244367
207 300 20.1285 20.2043 20.7726 21.3496 21.5909 20.8092 0.0246037 0.000349086
294 300 21.7954 22.2763 24.6856 24.8364 25.1865 23.756 0.0257312 0.000175872
188 300 23.2191 24.2789 24.3419 24.395 26.2889 24.5048 0.0255086 0.000334348
246 0 0 0 0 0 0 -1 0.00466578 0.000281697
496 300 19.2567 21.4631 23.1201 23.962 24.7658 22.5135 0.0486247 0.000307775
448 300 22.2339 23.0704 23.662 25.547 25.5613 24.0149 0.0228444 0.000154232
230 255 18.6411 18.8906 19.774 20.6934 21.4714 19.8941 0.0280334 0.000329342
209 235 19.1942 19.252 19.5472 20.2569 21.2784 19.9058 0.0307851 0.000242179
199 0 0 0 0 0 0 -1 0.00557941 0.000267886
169 16 24.1625 24.5673 27.0451 27.4464 31.3542 26.9151 0.00835368 0.000295768
342 300 19.4552 19.462 19.7665 19.7733 20.2721 19.7458 0.0253183 0.000342648
257 300 22.1617 22.4884 22.5805 23.0576 24.3973 22.9371 0.0329767 0.000271877
217 221 25.2195 25.5243 26.0056 26.2022 26.493 25.8889 0.0182017 0.000272244
200 0 0 0 0 0 0 -1 0.00476924 0.000327882
217 300 21.2663 22.2367 22.5024 22.5934 22.7404 22.2679 0.0189906 0.000370898
207 66 25.4014 26.06 26.5531 27.8259 28.3714 26.8424 0.0209928 0.000270978
202 40 21.4098 22.5812 26.1248 27.0962 27.2407 24.8906 0.0122834 0.000377727
207 186 23.6088 25.5513 26.5479 26.6894 26.91 25.8615 0.0217743 0.000340119
212 98 23.1816 24.958 26.2892 26.8983 28.0656 25.8785 0.0315598 0.000344424
251 300 22.4387 24.2338 24.2415 24.7009 24.9068 24.1043 0.029797 0.000258508
216 0 0 0 0 0 0 -1 0.00734751 0.000342479
179 66 20.8598 21.8099 23.3264 24.6579 24.6746 23.0657 0.0216211 0.000268143
219 9 29.2969 29.7457 30.2396 31.1169 34.0913 30.8981 0.00729933 0.000322422
175 32 18.8908 19.2529 19.7548 19.8377 20.5684 19.661 0.0103506 0.000271835
217 98 22.6915 24.5508 24.9907 27.5301 28.6821 25.689 0.028148 0.000247657
218 79 21.0685 21.3029 22.015 22.2494 22.6502 21.8572 0.0208645 0.000245019
175 64 20.1028 25.8639 26.8723 28.8663 29.783 26.2976 0.0209698 0.000537106
318 300 18.6367 18.8336 18.8883 19.1509 19.4484 18.9916 0.0334475 0.000186581
241 188 21.3603 21.709 23.3795 24.6935 29.5483 24.1381 0.0294429 0.00028015
189 38 22.6414 24.1581 24.2164 24.5797 24.6835 24.0558 0.0117946 0.000250765
197 6 23.989 24.4304 25.6541 26.008 30.6119 26.1387 0.00754886 0.000345228
209 300 20.9925 21.2382 21.336 23.0638 23.4073 22.0076 0.0303076 0.000260149
221 113 20.3183 21.2783 22.4361 22.5109 23.3976 21.9882 0.0358925 0.00028768
254 288 22.3663 22.452 25.2346 25.5314 25.8653 24.2899 0.0284275 0.000267652
221 300 22.0319 22.9692 23.7162 24.1288 24.3713 23.4435 0.0254111 0.000329932
211 300 23.2346 23.4185 23.5119 23.9122 24.024 23.6202 0.0260599 0.000343425
178 32 21.3008 21.8443 22.0914 22.5852 23.0729 22.1789 0.00953496 0.00028919
155 5 34.3828 43.7255 45.4532 46.0074 46.4831 43.2104 0.00794891 0.000299085
169 0 0 0 0 0 0 -1 0.00669177 0.000307952
226 300 19.3483 22.3459 25.4307 26.8413 27.6846 24.3301 0.0250861 0.000287358
218 220 26.0326 26.5236 27.1243 27.4709 30.5103 27.5323 0.020185 0.000278227
244 0 0 0 0 0 0 -1 0.00503728 0.000231499
213 300 23.777 24.0631 24.2229 24.413 24.6098 24.2171 0.0282609 0.000255346
207 71 27.3933 27.7349 27.8154 28.0259 28.6215 27.9182 0.0196891 0.00032648
219 300 20.9923 22.1891 22.5793 23.1886 23.1991 22.4297 0.0351122 0.000367978
218 300 28.125 28.211 28.2243 28.2587 29.3874 28.4413 0.0289448 0.000243362
177 300 18.887 19.4394 22.1328 22.6775 22.7039 21.1681 0.0397167 0.000278692
259 300 24.2012 24.5285 24.8642 25.2036 26.4995 25.0594 0.0251872 0.000245263
231 267 19.1965 19.2525 20.1939 20.8222 21.0582 20.1047 0.0249876 0.000316972
248 300 20.2786 21.2343 21.5769 22.5333 24.2835 21.9813 0.0298458 0.000244809
210 214 23.8614 25.6868 26.2848 27.5972 27.924 26.2709 0.0232401 0.000255923
340 300 27.1232 28.2707 28.348 28.728 29.4955 28.3931 0.0492965 0.000193263
221 300 21.1768 21.5009 22.0135 22.1261 22.2918 21.8218 0.0279969 0.000338449
226 0 0 0 0 0 0 -1 0.00465623 0.000228681
191 7 26.8056 30.6434 33.0066 36.8469 37.7617 33.0129 0.00667316 0.000352327
234 0 0 0 0 0 0 -1 0.00494769 0.000230442
231 300 25.1566 25.2284 26.4041 26.4759 28.6935 26.3917 0.01943 0.00031364
205 60 23.2621 23.3662 26.0843 26.175 26.7242 25.1224 0.0200784 0.00025742
242 156 19.7668 20.715 21.7958 22.0307 23.3268 21.527 0.0271654 0.00027955
275 300 21.4407 21.7404 22.1636 22.1955 22.2524 21.9585 0.0236557 0.00025862
224 22 24.2521 27.0382 27.5278 28.023 28.1729 27.0028 0.00895599 0.000334912
203 0 0 0 0 0 0 -1 0.00649501 0.000271173
183 0 0 0 0 0 0 -1 0.00460075 0.000305456
405 218 21.2308 21.2836 21.4469 22.4955 23.2001 21.9314 0.0335341 0.000169381
319 300 19.2418 19.2596 20.1773 20.4307 22.0568 20.2332 0.018126 0.000159316
216 0 0 0 0 0 0 -1 0.00476867 0.00027888
224 248 19.2679 19.3137 19.7473 19.8359 20.9452 19.822 0.0232979 0.000309137
166 46 22.5106 23.1171 24.4651 25.0716 26.8172 24.3963 0.0226585 0.000336899
195 75 22.2312 23.3307 24.1091 24.1397 24.6358 23.6893 0.0218179 0.000208503
226 72 20.987 21.119 23.1835 23.6292 24.9576 22.7753 0.0227993 0.00030616
244 300 23.0643 23.5963 23.6028 23.6491 23.8212 23.5467 0.0322478 0.000252367
241 186 22.6076 22.7074 23.8628 23.9649 24.3636 23.5013 0.0189091 0.000257263
281 300 20.2144 21.3007 21.8669 22.4699 22.4746 21.6653 0.0335954 0.000179634
207 0 0 0 0 0 0 -1 0.00477601 0.000332785
364 300 22.0154 23.3086 23.8024 24.8316 25.2101 23.8336 0.0437639 0.000235809
182 36 20.5991 20.8509 21.5347 21.8524 22.4296 21.4533 0.013672 0.00034326
169 75 20.6987 21.3092 21.9375 22.2722 23.2492 21.8934 0.0251818 0.000229655
216 300 27.0407 27.1135 27.5171 27.5898 28.2514 27.5025 0.0401252 0.000325556
