171 300 25.817 25.8902 26.4994 26.9935 27.0297 26.446 0.0333513 0.000361883
241 30 19.7863 20.064 20.2662 24.2095 25.6173 21.9887 0.0174208 0.000341294
211 139 18.8965 19.454 20.2189 21.5348 23.8473 20.7903 0.0281884 0.000410443
589 300 33.9877 35.4275 36.0877 36.5841 37.5601 35.9294 0.0235695 0.000236043
183 96 21.1044 21.9501 22.3942 23.064 23.2897 22.3605 0.0322652 0.000414649
208 2 23.8825 30.8499 0 0 0 27.3662 0.00610079 0.000347435
176 48 23.1881 23.6532 25.0507 25.8575 26.7284 24.8956 0.0226524 0.000375989
204 300 20.0241 24.4171 24.7058 25.4668 27.997 24.5222 0.0249451 0.000346987
742 300 19.1925 28.8702 31.1461 31.4826 31.7268 28.4836 0.017292 0.000210684
241 196 25.0577 25.3388 25.5298 25.6442 25.9437 25.5028 0.0258341 0.000315165
182 12 32.3085 37.2414 45.079 47.1477 48.9783 42.151 0.00942248 0.00033374
224 300 21.1007 22.5827 22.8571 23.1535 23.7983 22.6985 0.0237236 0.000324824
243 85 25.2169 25.6823 26.2031 26.6248 26.6853 26.0825 0.0302725 0.000334004
207 48 25.357 26.8169 35.1622 35.4885 35.6564 31.6962 0.0165144 0.000334044
202 72 23.2381 24.9074 25.8298 26.2959 27.499 25.554 0.0225938 0.000238758
215 40 30.0337 30.8962 34.9321 35.7946 37.9034 33.912 0.0189321 0.000311887
224 300 30.1451 30.1522 30.6125 30.6203 31.1611 30.5382 0.0320897 0.000272501
209 134 20.5065 22.0451 22.376 22.995 23.593 22.3031 0.0346335 0.000253596
342 300 20.1775 22.1588 22.6514 23.7396 24.0555 22.5566 0.0324646 0.000342071
205 95 18.9442 20.3916 21.3464 21.8786 22.4755 21.0073 0.0394218 0.000324081
255 300 19.9117 20.866 21.7252 21.7385 22.0079 21.2499 0.0254615 0.000301569
237 25 18.9014 19.2779 19.8432 20.0509 20.5885 19.7324 0.0119509 0.00033289
560 300 56.0606 56.7683 57.6568 66.4413 66.9912 60.7836 0.0273728 0.000328927
203 300 26.0014 26.3824 26.7775 26.8489 27.0152 26.6051 0.0234783 0.000350593
226 300 20.1839 26.0006 27.5169 30.3017 31.1463 27.0299 0.0401319 0.000333426
228 78 26.0386 26.1153 27.5524 27.6245 29.4491 27.356 0.0275681 0.00022359
209 300 22.785 23.3064 24.9714 25.2822 25.4929 24.3676 0.0414014 0.000359616
280 300 21.7789 23.0675 25.9369 27.18 27.507 25.0941 0.0272536 0.000301515
175 20 19.4412 19.6226 20.4499 20.6313 20.9438 20.2177 0.0118399 0.000282701
163 24 22.5275 22.9109 23.2221 23.6055 23.7407 23.2013 0.0135697 0.000368591
204 43 24.7104 25.3702 30.9378 32.6525 35.0317 29.7405 0.020867 0.000326399
213 20 21.4487 22.3163 23.6798 23.9192 24.5474 23.1823 0.0114001 0.0002647
225 12 21.5437 23.0732 23.3848 24.2987 28.6288 24.1858 0.00733828 0.000247558
209 240 22.2441 22.4716 23.0903 23.5346 23.7621 23.0205 0.0284743 0.000311139
194 198 21.2281 21.2614 22.5152 22.5436 23.323 22.1743 0.0341923 0.000328962
199 204 25.4532 26.0437 28.4706 29.6764 29.7209 27.873 0.0391874 0.000198959
259 248 23.3609 25.1293 25.5229 27.693 27.8492 25.911 0.0322998 0.000239582
193 300 20.9871 22.0938 22.7235 23.3002 24.3262 22.6862 0.0270974 0.000358714
185 32 26.205 26.7483 27.4817 27.5794 27.9016 27.1832 0.00791305 0.000432926
205 20 23.6432 24.9436 27.2325 27.2336 28.4088 26.2923 0.00770564 0.000336555
208 144 18.6405 18.8931 19.7721 20.0467 21.5331 19.7771 0.0253973 0.000312734
690 300 28.2718 29.0767 29.324 33.4361 35.4884 31.1194 0.0265612 0.00018717
221 300 21.2821 22.0457 22.1837 22.9244 22.9276 22.2727 0.046712 0.000355969
616 300 39.023 39.6642 43.1641 43.442 50.5954 43.1778 0.0393768 0.000218745
222 48 19.3157 19.7512 22.752 23.9245 24.7865 22.106 0.0199308 0.000263924
166 13 21.9546 23.6987 25.2593 26.2695 26.6503 24.7665 0.00572326 0.000469735
220 250 23.1756 24.4978 24.7653 25.592 26.8585 24.9778 0.0413951 0.000341964
254 300 20.1672 20.8003 20.9925 21.2998 21.3036 20.9127 0.027246 0.000272859
343 300 23.3231 24.3117 24.7843 25.7729 26.5442 24.9472 0.0285225 0.00038834
813 300 23.7743 29.6286 30.7936 31.1489 31.3706 29.3432 0.0216015 0.000230044
218 300 24.6564 28.0446 28.8425 29.2905 29.5711 28.081 0.0412652 0.000258553
332 300 22.0196 24.5663 26.8145 26.876 27.3505 25.5254 0.0233733 0.000144137
237 300 19.9621 20.842 20.8503 21.593 22.2614 21.1018 0.0376469 0.000340019
470 300 31.6187 33.9842 34.5001 36.8631 37.341 34.8614 0.0252698 0.000245907
206 0 0 0 0 0 0 -1 0.00481702 0.000354537
210 300 19.2613 19.9515 20.2015 20.3347 22.592 20.4682 0.038106 0.000263722
227 300 19.4433 27.0202 28.3516 28.5214 28.5939 26.3861 0.0260378 0.000347926
183 0 0 0 0 0 0 -1 0.00483042 0.000360434
211 178 26.836 27.0979 27.249 27.2939 27.4556 27.1865 0.045377 0.000356045
169 0 0 0 0 0 0 -1 0.00492045 0.000286762
417 300 32.1936 34.1621 35.3411 35.548 36.301 34.7092 0.0267755 0.000190315
209 0 0 0 0 0 0 -1 0.00469011 0.000317839
197 39 21.7546 22.2115 22.2985 22.6545 29.55 23.6938 0.0120008 0.00034335
214 82 18.8899 22.1639 22.3933 22.47 24.5657 22.0966 0.0290109 0.000392733
207 50 29.6027 29.6573 30.3107 32.0935 32.2042 30.7737 0.018514 0.000313232
202 70 22.0052 23.8716 24.3976 24.7205 26.0926 24.2175 0.0197914 0.000350112
192 120 24.8605 25.2041 25.3286 25.3567 26.2096 25.3919 0.029297 0.000346497
211 0 0 0 0 0 0 -1 0.00478579 0.000354689
385 300 38.9716 40.1168 40.793 40.8881 40.9767 40.3493 0.0181145 0.000289093
161 0 0 0 0 0 0 -1 0.00479961 0.000391352
237 240 18.8922 19.2125 19.2474 20.0682 20.2344 19.5309 0.0441127 0.000256929
221 118 20.0254 21.8654 22.9623 24.3842 24.4465 22.7368 0.0419367 0.000316041
177 50 21.1258 22.4442 23.3941 24.6539 25.082 23.34 0.0200016 0.000376154
242 154 23.3849 25.0275 25.4814 25.6752 26.4672 25.2072 0.0234847 0.000317097
298 300 27.6338 30.8172 30.8678 30.9083 32.298 30.505 0.0209234 0.000344748
184 22 25.5676 28.6941 29.2905 31.2255 31.5038 29.2563 0.0133741 0.000323115
618 300 22.1794 23.134 24.0083 24.349 24.3949 23.6131 0.0189036 0.000319615
242 300 21.9703 22.1507 22.3195 22.5004 24.8052 22.7492 0.0350941 0.000265529
426 300 23.0244 32.3415 35.4449 35.715 35.8509 32.4754 0.0252054 0.00024537
170 300 20.9803 21.2751 23.4605 24.2396 24.4425 22.8796 0.0359825 0.000276178
471 300 29.4296 30.0752 30.9312 32.2381 33.0169 31.1382 0.0247008 0.000323712
245 57 22.862 22.8632 24.2338 26.4024 26.4037 24.553 0.0310443 0.000355668
216 162 20.0403 21.7942 23.055 23.3981 23.7764 22.4128 0.0345839 0.000273711
217 0 0 0 0 0 0 -1 0.00635722 0.000397852
551 300 33.7661 38.1782 38.6266 39.2467 39.5323 37.87 0.0373857 0.000311541
244 300 20.4463 20.6612 22.0911 23.7707 24.3629 22.2664 0.0355253 0.00034812
562 300 25.6412 26.2042 26.7341 29.5802 29.6048 27.5529 0.0218671 0.000133815
220 300 20.3179 21.3067 22.5565 22.5997 23.6466 22.0855 0.0355998 0.000259697
220 44 21.3212 22.5934 23.2331 24.8267 24.8562 23.3661 0.0176847 0.000207014
173 20 25.9141 26.5923 30.7147 33.2076 34.3336 30.1525 0.0127138 0.000365229
211 172 29.6624 30.2657 30.5273 30.9112 35.3825 31.3498 0.0335352 0.000253038
333 300 20.8495 21.1683 21.2654 22.0604 22.3251 21.5337 0.0399002 0.000234293
248 300 22.5165 23.1154 25.5265 25.782 26.5319 24.6945 0.0415037 0.00028023
224 51 19.071 21.6107 23.8811 26.2411 26.5669 23.4742 0.0260155 0.000412752
171 0 0 0 0 0 0 -1 0.00486402 0.000280456
262 124 18.8913 19.4412 19.7675 21.6164 22.0486 20.353 0.0326086 0.000314586
227 72 19.3038 20.0704 20.1084 20.1211 20.2876 19.9783 0.0290432 0.00027912
183 40 21.2676 24.3784 25.6291 28.7072 28.8994 25.7763 0.0178739 0.000324125
211 152 20.169 21.1202 21.6575 22.2336 22.3106 21.4982 0.0303139 0.000320471
210 112 22.3597 25.9683 27.6095 28.3284 29.1734 26.6879 0.0353568 0.000341725
365 300 24.6093 25.1906 26.3878 27.6053 28.414 26.4414 0.0386209 0.000232631
220 300 34.7601 36.3657 37.3637 37.6026 38.946 37.0076 0.0460169 0.000343704
205 70 23.7061 26.0712 29.3113 30.4773 32.2491 28.363 0.0181143 0.000187276
175 214 20.8564 20.9841 22.6784 22.9433 23.087 22.1098 0.018141 0.000350209
168 8 23.2429 24.0734 24.532 25.3624 26.0454 24.6512 0.00754483 0.000368094
804 300 54.2003 54.7647 55.1559 56.5532 56.7108 55.477 0.018493 0.000132697
205 0 0 0 0 0 0 -1 0.00470046 0.000244066
202 222 19.1976 19.2045 25.0321 25.039 25.2375 22.7421 0.0531881 0.000258902
330 300 22.1814 23.1353 24.1087 24.4681 25.0618 23.791 0.028924 0.000188687
226 89 21.9434 22.0914 22.1023 22.5852 24.3737 22.6192 0.0266059 0.000322797
187 160 20.6801 21.0695 21.3328 22.5834 23.0731 21.7478 0.0260122 0.000271459
199 32 27.6871 28.8807 31.7056 32.4219 36.57 31.4531 0.0166406 0.00026098
196 112 22.1868 22.58 26.1982 26.5913 27.9811 25.1075 0.033543 0.000344511
385 300 23.5248 23.5312 27.4807 28.4914 29.2466 26.455 0.0312986 0.00033119
438 300 43.9229 43.9319 44.0046 44.1795 44.2513 44.058 0.0155299 0.000330287
240 76 25.0526 25.3783 25.9151 26.2406 27.1108 25.9395 0.0224539 0.000332306
244 49 23.3112 23.5729 23.967 24.3819 25.1785 24.0823 0.0233651 0.000256838
223 52 28.692 29.1906 30.8486 31.0079 31.777 30.3032 0.0300682 0.000251667
202 80 23.8754 24.301 24.373 24.4448 27.4324 24.8853 0.0380293 0.000364011
375 300 34.1052 35.1578 38.0235 40.5224 40.7166 37.7051 0.0191045 0.000174789
201 168 18.8322 19.1437 19.6777 19.6852 19.717 19.4112 0.0234158 0.000339768
136 0 0 0 0 0 0 -1 0.00472977 0.000303893
166 15 21.9563 22.0694 22.8707 22.914 23.3634 22.6348 0.00729686 0.000354601
204 300 20.758 21.8986 22.023 23.6012 24.3615 22.5285 0.0340228 0.000277121
285 300 19.4643 20.2665 23.5652 24.4135 26.6016 22.8622 0.0327113 0.000321463
282 60 20.0544 20.5629 20.5739 21.0965 21.3268 20.7229 0.024977 0.000171377
218 54 22.7265 24.7998 27.7936 28.6824 31.132 27.0269 0.0275996 0.000335396
215 300 22.9583 24.288 24.56 24.6273 24.7152 24.2297 0.0275223 0.000313085
201 21 19.0712 21.7253 22.8557 23.2015 24.9103 22.3528 0.00731592 0.000350808
222 218 20.3078 20.8511 20.9914 21.2814 21.7247 21.0313 0.0344412 0.000379964
204 300 19.4535 20.6931 22.5764 23.162 24.3853 22.0541 0.024033 0.000323597
211 78 21.2783 26.2605 27.3504 27.3712 27.6187 25.9758 0.0157771 0.000325816
198 52 27.5659 29.1697 30.9506 32.1778 32.3685 30.4465 0.0102271 0.000311614
553 300 30.2392 31.3398 32.9977 34.8846 35.48 32.9883 0.0210139 0.000214187
215 126 29.1014 29.4243 29.9188 30.9596 31.264 30.1336 0.048517 0.000283643
276 300 21.297 22.0468 22.2412 22.539 22.9944 22.2237 0.0308954 0.000319972
214 0 0 0 0 0 0 -1 0.00468082 0.000275214
195 28 20.1832 21.4721 22.3625 23.6489 38.6324 25.2598 0.0136775 0.000448878
229 60 26.8296 29.5373 29.9639 31.306 31.311 29.7895 0.0372976 0.000257312
260 300 27.2816 27.8302 28.1625 28.7093 31.53 28.7027 0.0354184 0.000187176
217 300 26.477 27.3612 29.0005 29.603 30.5944 28.6072 0.0298821 0.000349713
266 300 25.1096 25.8748 26.3626 26.3684 26.793 26.1017 0.0271266 0.000319272
187 300 28.5381 29.2561 29.7577 30.4757 32.3528 30.0761 0.0424794 0.000344235
239 28 20.4799 21.5067 26.2298 32.8212 34.262 27.0599 0.0111033 0.000320714
203 250 23.2649 23.5267 23.6252 24.035 24.6292 23.8162 0.0409981 0.000340726
344 300 21.8569 22.7332 23.002 23.2821 23.4088 22.8566 0.0361793 0.000231788
195 300 21.4055 21.8244 22.4214 22.4578 22.4937 22.1206 0.0355995 0.0003347
284 300 23.2342 24.1687 24.49 24.5121 24.7743 24.2359 0.0252328 0.000229488
223 144 20.1673 21.2407 21.4579 21.9679 23.0993 21.5866 0.0425836 0.000327784
641 300 24.1972 34.0912 36.1893 37.5103 39.1127 34.2201 0.0194531 0.000142413
222 244 20.0392 20.0469 21.1093 21.117 21.257 20.7139 0.0323281 0.000352407
301 300 22.3173 24.4863 25.6773 27.8469 28.2466 25.7149 0.0285459 0.000303165
359 300 28.9589 30.4625 31.7523 33.2594 33.3927 31.5651 0.0503803 0.000211737
444 300 38.6164 39.2265 39.559 41.1957 42.9632 40.3122 0.0295744 0.000144188
196 42 21.1736 21.764 21.8614 22.455 22.624 21.9756 0.0118256 0.00028997
188 120 22.3683 23.0517 23.5958 23.9849 24.0772 23.4156 0.040771 0.000376558
203 130 22.5541 23.6729 23.7727 24.5817 27.1215 24.3406 0.0367129 0.000339713
435 300 22.2454 29.8177 31.1448 33.316 33.3413 29.973 0.0297558 0.000312606
