170 300 22.4004 22.6336 23.4114 23.6131 23.6392 23.1396 0.030476 0.000280477
376 300 19.1547 22.395 22.4197 22.5073 22.539 21.8031 0.0317745 0.00517662
291 60 19.1614 21.974 22.395 22.4288 22.5212 21.6961 0.0297278 0.00766852
348 300 19.1614 21.9742 22.395 22.4288 22.5212 21.6961 0.048182 0.00825364
261 59 18.8911 19.1614 19.4483 19.4779 19.713 19.3383 0.0309335 0.0136377
422 300 18.8902 19.1614 19.4558 19.4936 19.7187 19.3439 0.0431698 0.0140526
305 300 18.8897 19.1614 19.4558 19.4936 19.7187 19.3438 0.0273774 0.00866841
420 300 18.8913 19.1614 19.4558 19.4936 19.7187 19.3442 0.0529637 0.00484775
251 28 18.8902 19.1614 19.4558 19.4936 19.7187 19.3439 0.0261774 0.0104917
204 101 18.8897 19.1614 19.4558 19.4936 19.7187 19.3438 0.0460398 0.0135992
240 300 18.8913 19.1614 19.4558 19.4936 19.7187 19.3442 0.0457408 0.0153981
647 300 18.8902 19.1614 19.4558 19.4936 19.7187 19.3439 0.0694533 0.00802321
816 300 18.8897 19.1614 19.4558 19.4936 19.7187 19.3438 0.0642037 0.00435824
210 14 18.8913 19.1614 19.4558 19.4936 19.7187 19.3442 0.0246398 0.0168694
233 300 18.8902 19.1614 19.4558 19.4936 19.7187 19.3439 0.0405625 0.0161873
818 300 18.8897 19.1614 19.4558 19.4936 19.7187 19.3438 0.0978074 0.00822085
452 300 18.8913 19.1614 19.4558 19.4936 19.7187 19.3442 0.0370276 0.0111596
395 300 18.8902 19.1614 19.4558 19.4936 19.7187 19.3439 0.0379024 0.00409395
199 141 18.8897 19.1614 19.4558 19.4936 19.7187 19.3438 0.0486215 0.0178426
294 300 18.8913 19.1614 19.4558 19.4936 19.7187 19.3442 0.0353212 0.00543565
432 300 18.8902 19.1614 19.4558 19.4936 19.7187 19.3439 0.0400752 0.0109471
642 300 18.8897 19.1614 19.4558 19.4936 19.7187 19.3438 0.0453476 0.0101869
229 98 18.8913 19.1614 19.4558 19.4936 19.7187 19.3442 0.0389942 0.00787432
663 300 18.8902 19.1614 19.4558 19.4936 19.7187 19.3439 0.0448261 0.00584178
215 300 18.8897 19.1614 19.4558 19.4936 19.7187 19.3438 0.0446772 0.0184968
414 300 18.8913 19.1614 19.4558 19.4936 19.7187 19.3442 0.0212017 0.00480528
195 45 18.8902 19.1614 19.4558 19.4936 19.7187 19.3439 0.0234234 0.00821553
352 300 18.8897 19.1614 19.4558 19.4936 19.7187 19.3438 0.0445863 0.0096724
357 300 18.8913 19.1614 19.2524 19.4558 19.4936 19.2509 0.0421628 0.0076997
780 300 18.8902 19.1614 19.2601 19.4558 19.4936 19.2522 0.0379776 0.00392678
222 300 18.8897 19.1614 19.2601 19.4558 19.4936 19.2521 0.0484956 0.0149799
576 300 18.8913 19.1614 19.2601 19.4558 19.4936 19.2524 0.0346111 0.0037201
246 300 18.8902 19.1614 19.2601 19.4558 19.4936 19.2522 0.0456967 0.0134316
753 300 18.8897 19.1614 19.2601 19.4558 19.4936 19.2521 0.0382461 0.00577235
387 300 18.8913 19.1614 19.2601 19.4558 19.4936 19.2524 0.0418739 0.0078159
444 300 18.8902 19.1614 19.2601 19.4558 19.4936 19.2522 0.0394433 0.00573289
339 300 18.8897 19.1614 19.2601 19.4558 19.4936 19.2521 0.0364586 0.0128484
525 300 18.8913 19.1614 19.2601 19.4558 19.4936 19.2524 0.036115 0.00451369
192 18 18.8902 19.1614 19.2601 19.4558 19.4936 19.2522 0.0180522 0.00872718
250 300 18.8897 19.1614 19.2601 19.4558 19.4936 19.2521 0.0479354 0.0114086
214 20 18.8913 19.1614 19.2601 19.4558 19.4936 19.2524 0.0267022 0.0165367
354 300 18.8902 18.9529 19.1614 19.1673 19.2601 19.0864 0.0304274 0.00634468
242 116 18.8897 18.9395 19.1614 19.2601 21.8977 19.6297 0.0395487 0.0173622
315 300 18.8913 18.9395 19.1614 19.1879 19.1952 19.075 0.0370509 0.013972
767 300 18.8902 18.9395 19.1614 19.1896 19.1965 19.0754 0.0463228 0.00818872
457 300 18.8897 18.9395 19.1614 19.1896 19.1965 19.0753 0.0831625 0.00623578
427 300 18.8913 18.9395 19.1614 19.1896 19.1965 19.0757 0.0379038 0.0085388
247 90 18.8902 18.9395 19.1614 19.1896 19.1965 19.0754 0.0378882 0.0167338
489 300 18.8897 18.9395 19.1614 19.1896 19.1965 19.0753 0.0508627 0.0102469
343 300 18.8913 18.9395 19.1614 19.1896 19.1965 19.0757 0.0417644 0.00805759
809 300 18.8902 18.9395 19.1614 19.1896 19.1965 19.0754 0.0345925 0.00534592
259 300 18.8897 18.9395 19.1614 19.1896 19.1965 19.0753 0.0431914 0.0128458
799 300 18.8913 18.9395 19.1614 19.1896 19.1965 19.0757 0.0356108 0.00641574
252 0 18.8902 18.9395 19.1614 19.1896 19.1965 19.0754 0.0273196 0.0163933
351 300 18.8897 18.9395 19.1614 19.1896 19.1965 19.0753 0.0512514 0.0163446
380 300 18.8913 18.9395 19.1614 19.1896 19.1965 19.0757 0.0356417 0.00798945
910 300 18.8902 18.9395 19.1614 19.1896 19.1965 19.0754 0.0335325 0.00488359
230 16 18.8897 18.9395 19.1614 19.1896 19.1965 19.0753 0.0258432 0.016696
396 300 18.8913 18.9395 19.1614 19.1896 19.1965 19.0757 0.039975 0.0107226
218 194 18.8902 18.9395 19.1614 19.1896 19.1965 19.0754 0.0415095 0.0160183
613 300 18.8897 18.9395 19.1614 19.1896 19.1965 19.0753 0.0330422 0.00742334
389 300 18.8913 18.9395 19.1614 19.1896 19.1965 19.0757 0.0360351 0.00813068
523 300 18.8902 18.9395 19.1614 19.1896 19.1965 19.0754 0.044956 0.00626243
358 300 18.8897 18.9395 19.1614 19.1896 19.1965 19.0753 0.035328 0.00855791
386 300 18.8913 18.9395 19.1614 19.1896 19.1965 19.0757 0.0397155 0.00616311
236 300 18.8902 18.9395 19.1614 19.1896 19.1965 19.0754 0.0374591 0.00819092
682 300 18.8897 18.9395 19.1614 19.1896 19.1965 19.0753 0.0757325 0.00726932
361 300 18.8913 18.9395 19.1614 19.1896 19.1965 19.0757 0.0378933 0.00879531
227 78 18.8902 18.9395 19.1614 19.1896 19.1965 19.0754 0.0332851 0.00888933
477 300 18.8897 18.9395 19.1614 19.1896 19.1965 19.0753 0.0394484 0.0108126
153 8 18.8913 18.9395 19.1614 19.1896 19.1965 19.0757 0.0266825 0.0177494
546 300 18.8902 18.9395 19.1614 19.1896 19.1965 19.0754 0.0344192 0.00642898
213 183 18.8897 18.9395 19.1614 19.1896 19.1965 19.0753 0.0246972 0.0087246
394 300 18.8913 18.9395 19.1614 19.1896 19.1965 19.0757 0.0321221 0.0110695
271 300 18.8902 18.9395 19.1614 19.1896 19.1965 19.0754 0.040598 0.0163105
381 300 18.8897 18.9395 19.1614 19.1896 19.1965 19.0753 0.0416832 0.0168129
176 102 18.8913 18.9395 19.1614 19.1896 19.1965 19.0757 0.0410614 0.0159198
849 300 18.8902 18.9395 19.1614 19.1896 19.1965 19.0754 0.0299922 0.00611226
205 300 18.8897 18.9395 19.1614 19.1896 19.1965 19.0753 0.0375779 0.0119516
544 300 18.8913 18.9395 19.1614 19.1896 19.1965 19.0757 0.0558969 0.0146215
190 267 18.8902 18.9395 19.1614 19.1896 19.1965 19.0754 0.0297022 0.00835884
330 0 18.8897 18.9395 19.1614 19.1896 19.1965 19.0753 0.0189106 0.011692
339 300 18.8913 18.9395 19.1614 19.1896 19.1965 19.0757 0.0472169 0.0163748
317 300 18.8902 18.9395 19.1614 19.1896 19.1965 19.0754 0.0347163 0.0100213
204 300 18.8897 18.9395 19.1614 19.1896 19.1965 19.0753 0.0457127 0.00871002
573 300 18.8913 18.9395 19.1614 19.1896 19.1965 19.0757 0.0346551 0.00914109
203 300 18.8902 18.9395 19.1614 19.1896 19.1965 19.0754 0.0479849 0.0169063
477 300 18.8897 18.9395 19.1614 19.1896 19.1965 19.0753 0.0490932 0.00577415
255 75 18.8913 18.9395 19.1614 19.1896 19.1965 19.0757 0.038727 0.0171742
441 300 18.8902 18.9395 19.1614 19.1896 19.1965 19.0754 0.0412152 0.0106399
551 300 18.8897 18.9395 19.1614 19.1896 19.1965 19.0753 0.0617557 0.00493762
399 300 18.8913 18.9395 19.1614 19.1896 19.1965 19.0757 0.0361324 0.00928316
226 26 18.8902 18.9395 19.1614 19.1896 19.1965 19.0754 0.0263473 0.0160943
569 300 18.8897 18.9395 19.1614 19.1896 19.1965 19.0753 0.0454237 0.0133247
306 300 18.8913 18.9395 19.1614 19.1896 19.1965 19.0757 0.0421744 0.0169152
214 300 18.8902 18.9395 19.1614 19.1896 19.1965 19.0754 0.0402105 0.015363
234 300 18.8897 18.9395 19.1614 19.1896 19.1965 19.0753 0.0408097 0.00863566
534 300 18.8913 18.9395 19.1614 19.1896 19.1965 19.0757 0.0572897 0.0138078
420 300 18.8902 18.9395 19.1614 19.1896 19.1965 19.0754 0.0411303 0.00833223
326 300 18.8897 18.9395 19.1614 19.1896 19.1965 19.0753 0.0382656 0.0124776
213 0 18.8913 18.9395 19.1614 19.1896 19.1965 19.0757 0.0264524 0.0193016
852 300 18.8902 18.9395 19.1614 19.1896 19.1965 19.0754 0.0579877 0.0127931
302 300 18.8897 18.9395 19.1614 19.1896 19.1965 19.0753 0.0465064 0.0193534
275 300 18.8913 18.9395 19.1614 19.1896 19.1965 19.0757 0.0445461 0.0145832
517 300 18.8902 18.9395 19.1614 19.1896 19.1965 19.0754 0.046062 0.0188542
715 300 18.8897 18.9395 19.1614 19.1896 19.1965 19.0753 0.062586 0.00364835
247 300 18.8913 18.9395 19.1614 19.1896 19.1965 19.0757 0.0409091 0.00890802
298 300 18.8902 18.9395 19.1614 19.1896 19.1965 19.0754 0.0379588 0.0178773
528 300 18.8897 18.9395 19.1614 19.1896 19.1965 19.0753 0.0562682 0.00766994
168 0 18.8913 18.9395 19.1614 19.1896 19.1965 19.0757 0.0183797 0.01377
647 300 18.8902 18.9395 19.1614 19.1896 19.1965 19.0754 0.0413866 0.00597092
401 300 18.8897 18.9395 19.1614 19.1896 19.1965 19.0753 0.0416065 0.0168969
708 300 18.8913 18.9395 19.1614 19.1896 19.1965 19.0757 0.0414604 0.00729668
280 300 18.8902 18.9395 19.1614 19.1896 19.1965 19.0754 0.0540774 0.0178858
778 300 18.8897 18.9395 19.1614 19.1896 19.1965 19.0753 0.0478139 0.00546843
422 300 18.8913 18.9395 19.1614 19.1896 19.1965 19.0757 0.0410387 0.0169429
309 300 18.8902 18.9395 19.1614 19.1896 19.1965 19.0754 0.0446856 0.010707
284 300 18.8897 18.9395 19.1614 19.1896 19.1965 19.0753 0.042431 0.00782297
516 300 18.8913 18.9395 19.1614 19.1896 19.1965 19.0757 0.0528727 0.0153194
257 300 18.8902 18.9395 19.1614 19.1896 19.1965 19.0754 0.0604983 0.0170633
432 300 18.8897 18.9395 19.1614 19.1896 19.1965 19.0753 0.0454459 0.00788595
492 300 18.8913 18.9395 19.1614 19.1896 19.1965 19.0757 0.0624184 0.0169093
637 300 18.8902 18.9395 19.1614 19.1896 19.1965 19.0754 0.0544386 0.0101238
588 300 18.8897 18.9395 19.1614 19.1896 19.1965 19.0753 0.0416507 0.00841587
209 300 18.8913 18.9395 19.1614 19.1896 19.1965 19.0757 0.0406342 0.0162947
625 300 18.8902 18.9395 19.1614 19.1896 19.1965 19.0754 0.0382118 0.0122333
214 0 18.8897 18.9395 19.1614 19.1896 19.1965 19.0753 0.0129697 0.0085463
384 300 18.8913 18.9395 19.1614 19.1896 19.1965 19.0757 0.0507307 0.0169992
285 300 18.8902 18.9395 19.1614 19.1896 19.1965 19.0754 0.0428177 0.0146568
441 300 18.8897 18.9395 19.1614 19.1896 19.1965 19.0753 0.0324387 0.00759707
255 60 18.8913 18.9395 19.1614 19.1896 19.1965 19.0757 0.0332522 0.0138961
371 300 18.8902 18.9395 19.1614 19.1896 19.1965 19.0754 0.0466225 0.0157355
257 300 18.8897 18.9395 19.1614 19.1896 19.1965 19.0753 0.048627 0.0173647
340 300 18.8913 18.9395 19.1614 19.1896 19.1965 19.0757 0.0379966 0.0103763
214 300 18.8902 18.9395 19.1614 19.1896 19.1965 19.0754 0.0465991 0.017919
493 300 18.8897 18.9395 19.1614 19.1896 19.1965 19.0753 0.0399176 0.00618606
269 300 18.8913 18.9395 19.1614 19.1896 19.1965 19.0757 0.0383821 0.0164535
618 300 18.8902 18.9395 19.1614 19.1896 19.1965 19.0754 0.0325977 0.0103716
213 202 18.8897 18.9395 19.1614 19.1896 19.1965 19.0753 0.0352978 0.0085748
217 277 18.8913 18.9395 19.1614 19.1896 19.1965 19.0757 0.0576441 0.020125
205 254 18.8902 18.9395 19.1614 19.1896 19.1965 19.0754 0.0379616 0.00874411
491 300 18.8897 18.9395 19.1614 19.1896 19.1965 19.0753 0.0333826 0.00756214
200 30 18.8913 18.9395 19.1614 19.1896 19.1965 19.0757 0.0312857 0.0158026
749 300 18.8902 18.9395 19.1614 19.1896 19.1965 19.0754 0.0364647 0.0160428
251 300 18.8897 18.9395 19.1614 19.1896 19.1965 19.0753 0.0338619 0.00863858
644 300 18.8913 18.9395 19.1614 19.1896 19.1965 19.0757 0.0426658 0.0109579
240 300 18.8902 18.9395 19.1614 19.1896 19.1965 19.0754 0.0379319 0.00880841
467 300 18.8897 18.9395 19.1614 19.1896 19.1965 19.0753 0.0405563 0.0139675
344 300 18.8913 18.9395 19.1614 19.1896 19.1965 19.0757 0.0513004 0.019142
623 300 18.8902 18.9395 19.1614 19.1896 19.1965 19.0754 0.0290259 0.00689785
277 300 18.8897 18.9395 19.1614 19.1896 19.1965 19.0753 0.038616 0.00791082
300 300 18.8913 18.9395 19.1614 19.1896 19.1965 19.0757 0.0346848 0.0118544
225 280 18.8902 18.9395 19.1614 19.1896 19.1965 19.0754 0.031183 0.00788763
404 300 18.8897 18.9395 19.1614 19.1896 19.1965 19.0753 0.0356551 0.0132294
219 300 18.8913 18.9395 19.1614 19.1896 19.1965 19.0757 0.0464542 0.0154596
505 300 18.8902 18.9395 19.1614 19.1896 19.1965 19.0754 0.0363321 0.00636546
267 64 18.8897 18.9395 19.1614 19.1896 19.1965 19.0753 0.0304397 0.0164141
544 300 18.8913 18.9395 19.1614 19.1896 19.1965 19.0757 0.0417154 0.0109865
