168 300 25.817 25.8902 26.3112 26.3842 26.4994 26.1804 0.0269311 0.000249143
249 300 25.7904 25.8165 25.937 26.2849 26.3109 26.0279 0.0285192 0.00730718
338 300 23.7257 25.1973 25.7912 25.8172 25.9378 25.2938 0.031654 0.0094899
187 66 20.3507 21.9857 22.739 23.6299 23.9557 22.5322 0.0283775 0.00908491
181 6 20.2142 21.9863 22.6053 23.6297 23.9561 22.4783 0.0203311 0.014482
226 115 20.2142 21.9863 22.6045 23.5727 23.6139 22.3983 0.0387639 0.00754084
807 300 20.2142 21.9863 22.6053 23.5715 23.6106 22.3976 0.0283528 0.00302472
235 300 20.2142 21.9863 22.6053 23.5715 23.6106 22.3976 0.0418695 0.00881403
435 300 20.2142 21.9863 22.6045 23.5715 23.6106 22.3974 0.0430137 0.0134941
371 300 20.2142 21.9863 22.6053 23.5715 23.6106 22.3976 0.0265002 0.00650404
318 300 20.2142 21.9863 22.6053 23.5715 23.6106 22.3976 0.0412162 0.00869291
312 300 20.2142 21.9863 22.6045 22.7279 23.5715 22.2209 0.0357219 0.00868622
521 300 20.2142 21.9863 22.6053 22.7324 23.5715 22.2219 0.0530764 0.0137935
340 300 20.2142 21.9863 22.2876 22.6053 22.7324 21.9652 0.0393681 0.0159975
655 300 20.2142 21.9863 22.2841 22.6045 22.7324 21.9643 0.0401195 0.0109741
567 300 20.2142 21.9863 22.2826 22.6053 22.7324 21.9641 0.0447934 0.0174382
656 300 20.2142 21.9863 22.2838 22.6053 22.7324 21.9644 0.0453285 0.0120621
258 300 20.2142 21.9122 21.9863 22.2841 22.6045 21.8003 0.0457792 0.00896484
532 300 20.2142 21.9093 21.9863 22.2826 22.6053 21.7995 0.0367953 0.0109119
370 300 20.0597 20.2142 20.7892 20.8362 21.4385 20.6676 0.0436392 0.00858149
757 300 20.0673 20.2142 20.5048 20.5639 21.4506 20.5602 0.0396952 0.0113148
333 300 20.0673 20.2142 20.5048 20.5639 21.367 20.5434 0.0336626 0.00929524
620 300 20.0673 20.2142 20.5048 20.5639 21.3768 20.5454 0.0538824 0.0180268
312 300 20.0673 20.2142 20.5048 20.5639 21.3768 20.5454 0.0345309 0.0082536
703 300 20.0673 20.2142 20.5048 20.5639 21.3768 20.5454 0.0473183 0.010897
329 300 20.0673 20.2142 20.5048 20.5639 21.3768 20.5454 0.0445225 0.0116004
792 300 20.0673 20.2142 20.5048 20.5639 21.3768 20.5454 0.0345336 0.0139617
791 300 20.0673 20.2142 20.5048 20.5639 21.3768 20.5454 0.0328652 0.0071275
835 300 20.0673 20.2142 20.5048 20.5639 21.3768 20.5454 0.0422696 0.0116161
319 168 20.0673 20.2142 20.5048 20.5639 21.3768 20.5454 0.0326185 0.00883328
585 300 20.0673 20.2142 20.5048 20.5639 21.3768 20.5454 0.0758685 0.0130831
653 300 20.0673 20.2142 20.5048 20.5639 21.3768 20.5454 0.0383943 0.00847236
572 300 20.0673 20.2142 20.5048 20.5639 21.3768 20.5454 0.0432983 0.0128446
442 300 20.0673 20.2142 20.5048 20.5639 21.3768 20.5454 0.0486744 0.019624
776 300 20.0673 20.2142 20.5048 20.5639 21.3768 20.5454 0.0321711 0.0128923
412 300 20.0673 20.2142 20.5048 20.5639 21.3768 20.5454 0.0319564 0.00931941
580 300 20.0673 20.2142 20.5048 20.5639 21.3768 20.5454 0.0453995 0.014326
521 300 20.0673 20.2142 20.5048 20.5639 21.3768 20.5454 0.0488092 0.0175352
578 300 20.0673 20.2142 20.5048 20.5639 21.3768 20.5454 0.0497718 0.0151011
462 300 20.0673 20.2142 20.5048 20.5639 21.3768 20.5454 0.0446852 0.0172281
558 300 18.886 20.0673 20.2142 20.5048 20.5639 20.0472 0.0378693 0.0104271
333 300 18.8327 20.0673 20.2142 20.5048 20.5639 20.0366 0.032405 0.00913567
661 300 18.8327 20.0673 20.2142 20.5048 20.5639 20.0366 0.0318269 0.0123012
247 100 18.8327 19.2519 19.2765 19.7444 20.0673 19.4346 0.0432498 0.00772067
766 300 18.8327 19.2533 19.2731 19.7603 20.0673 19.4373 0.0383141 0.0112071
271 52 18.8327 19.2533 19.2731 19.7603 20.0673 19.4373 0.0406019 0.016516
253 151 18.8327 19.2533 19.2731 19.7603 20.0673 19.4373 0.053342 0.0121115
459 300 18.8327 19.2533 19.2731 19.7603 20.0673 19.4373 0.0429811 0.0162632
772 300 18.8327 19.2533 19.2731 19.7603 20.0673 19.4373 0.0441968 0.0115154
661 300 18.8327 19.2533 19.2731 19.7603 20.0673 19.4373 0.0417726 0.0154648
434 300 18.8327 19.2533 19.2731 19.7603 20.0673 19.4373 0.0583899 0.0107611
300 300 18.8327 19.2533 19.2731 19.7603 20.0673 19.4373 0.0328991 0.00900098
728 300 18.8327 19.2533 19.2731 19.7603 20.0673 19.4373 0.0343428 0.00891284
586 300 18.8327 19.2533 19.2731 19.7603 20.0673 19.4373 0.0534894 0.0190318
437 300 18.8327 19.2533 19.2731 19.7603 20.0673 19.4373 0.0426291 0.00693977
191 4 18.8327 19.2533 19.2731 19.7603 20.0673 19.4373 0.0144806 0.00727658
575 300 18.8327 19.2533 19.2731 19.7603 20.0673 19.4373 0.0437836 0.0167421
325 114 18.8327 19.2533 19.2731 19.7603 20.0673 19.4373 0.0452743 0.00910309
645 300 18.8327 19.2533 19.2731 19.7603 20.0673 19.4373 0.0448141 0.0120801
518 300 18.8327 19.2533 19.2731 19.7603 20.0673 19.4373 0.0448836 0.00401116
703 300 18.8327 19.2533 19.2731 19.7603 20.0673 19.4373 0.0367865 0.0104068
166 28 18.8327 19.2533 19.2731 19.7603 20.0673 19.4373 0.0204689 0.00785317
793 300 18.8327 19.2533 19.2731 19.7603 20.0673 19.4373 0.0454605 0.0127291
277 300 18.8327 19.2533 19.2731 19.7603 20.0673 19.4373 0.046212 0.00848375
600 300 18.8327 19.2533 19.2731 19.7603 20.0673 19.4373 0.0361162 0.0103975
274 300 18.8327 19.2533 19.2731 19.7603 20.0673 19.4373 0.0398376 0.00836111
741 300 18.8327 19.2533 19.2731 19.7603 20.0673 19.4373 0.0408374 0.0128143
307 248 18.8327 19.2533 19.2731 19.7603 20.0432 19.4325 0.0309665 0.00876375
743 300 18.8327 19.2533 19.2731 19.7603 19.9636 19.4166 0.0366835 0.0121706
272 139 18.8327 19.2533 19.2731 19.4504 19.7603 19.3139 0.0229919 0.00804965
407 300 18.8327 19.2533 19.2731 19.4505 19.7603 19.314 0.0381647 0.00949277
228 102 18.8327 19.2533 19.2731 19.4505 19.7603 19.314 0.0281412 0.00865624
238 214 18.8327 19.2533 19.2731 19.4505 19.7603 19.314 0.0352392 0.00866598
454 300 18.8327 19.2533 19.2731 19.4505 19.7603 19.314 0.0484162 0.0176592
771 300 18.8327 19.2533 19.2731 19.4505 19.7603 19.314 0.0423664 0.0063898
486 300 18.8327 19.2533 19.2731 19.4505 19.7603 19.314 0.0657242 0.0194066
711 300 18.8327 19.2533 19.2731 19.4505 19.7603 19.314 0.031179 0.0133107
288 300 18.8327 19.2533 19.2731 19.4505 19.7603 19.314 0.0470638 0.0188631
606 300 18.8327 19.2533 19.2731 19.4505 19.7603 19.314 0.0404682 0.0102627
465 300 18.8327 19.2533 19.2731 19.4505 19.7603 19.314 0.039137 0.00859125
773 300 18.8327 19.2533 19.2731 19.4505 19.7603 19.314 0.0442721 0.0134446
299 300 18.8327 19.2533 19.2731 19.4505 19.7603 19.314 0.0314943 0.00852607
640 300 18.8327 19.2533 19.2731 19.4505 19.7603 19.314 0.0433479 0.0138289
315 300 18.8327 19.2533 19.2731 19.4505 19.7603 19.314 0.0337967 0.00885832
617 300 18.8327 19.2533 19.2731 19.4505 19.7603 19.314 0.0479454 0.015594
607 300 18.8327 19.2533 19.2731 19.4505 19.7603 19.314 0.0449731 0.0111022
685 300 18.8327 19.2533 19.2731 19.4505 19.7603 19.314 0.0485666 0.0126187
647 300 18.8327 19.2533 19.2731 19.4505 19.7603 19.314 0.0363274 0.00958702
637 300 18.8327 19.2533 19.2731 19.4505 19.7603 19.314 0.0426243 0.0133527
499 300 18.8327 19.2533 19.2731 19.4505 19.7603 19.314 0.0387871 0.0111601
492 300 18.8327 19.2533 19.2731 19.4505 19.7603 19.314 0.0380211 0.00758912
433 300 18.8327 19.2533 19.2731 19.4505 19.7603 19.314 0.0423437 0.0133894
610 300 18.8327 19.2533 19.2731 19.4505 19.7603 19.314 0.072196 0.0189261
312 38 18.8327 19.2533 19.2731 19.4505 19.7603 19.314 0.0328817 0.0183274
584 300 18.8327 19.2533 19.2731 19.4505 19.7603 19.314 0.064738 0.015525
486 300 18.8327 19.2533 19.2731 19.4505 19.7603 19.314 0.0468799 0.00906637
573 300 18.8327 19.2533 19.2731 19.4505 19.7603 19.314 0.0588107 0.0131525
224 0 18.8327 19.2533 19.2731 19.4505 19.7603 19.314 0.013582 0.00860553
497 300 18.8327 19.2533 19.2731 19.4505 19.7603 19.314 0.0471255 0.0219218
257 99 18.8327 19.2533 19.2731 19.4505 19.7603 19.314 0.0326126 0.00871218
469 300 18.8327 19.2533 19.2731 19.4505 19.7603 19.314 0.0488708 0.0134924
521 300 18.8327 19.2533 19.2731 19.4505 19.7603 19.314 0.0485959 0.0180632
599 300 18.8327 19.2533 19.2731 19.4505 19.7603 19.314 0.039611 0.0154049
445 300 18.8327 19.2533 19.2731 19.4505 19.7603 19.314 0.0376512 0.00929419
459 300 18.8327 19.2533 19.2731 19.4505 19.7603 19.314 0.0467082 0.0138146
350 300 18.8327 19.2533 19.2731 19.4505 19.7603 19.314 0.0358313 0.00856291
374 300 18.8327 19.2533 19.2731 19.4505 19.7603 19.314 0.0518172 0.0166847
272 300 18.8327 19.2533 19.2731 19.4359 19.4505 19.2491 0.0417628 0.00860395
419 300 18.8327 19.2533 19.2731 19.4505 19.4558 19.2531 0.0521308 0.0132264
291 300 18.8327 19.2533 19.2731 19.4505 19.4558 19.2531 0.0431868 0.00965327
556 300 18.8327 19.2533 19.2731 19.4505 19.4558 19.2531 0.0448536 0.0130381
445 300 18.8327 19.2533 19.2731 19.4505 19.4558 19.2531 0.0487158 0.0144801
591 300 18.8327 19.2533 19.2731 19.4505 19.4558 19.2531 0.0446377 0.014558
730 300 18.8327 19.2533 19.2731 19.4505 19.4558 19.2531 0.0424901 0.0161281
584 300 18.8327 19.2533 19.2731 19.4505 19.4558 19.2531 0.0352773 0.00647219
331 300 18.8327 19.2533 19.2731 19.4505 19.4558 19.2531 0.0415025 0.0182643
439 300 18.8327 19.2533 19.2731 19.4505 19.4558 19.2531 0.0433569 0.0155489
372 300 18.8327 19.2533 19.2731 19.4505 19.4558 19.2531 0.0451161 0.0125243
823 300 18.8327 19.2533 19.2731 19.4505 19.4558 19.2531 0.0475299 0.0135773
662 300 18.8327 19.2533 19.2731 19.4505 19.4558 19.2531 0.0491117 0.016591
348 300 18.8327 19.2533 19.2731 19.4505 19.4558 19.2531 0.0387885 0.00869514
319 300 18.8327 19.2533 19.2731 19.4505 19.4558 19.2531 0.0550169 0.0167486
585 300 18.8327 19.2533 19.2731 19.4505 19.4558 19.2531 0.0284949 0.00685359
348 300 18.8327 19.2533 19.2731 19.4505 19.4558 19.2531 0.0467694 0.00918981
729 300 18.8327 19.2533 19.2731 19.4505 19.4558 19.2531 0.0478365 0.0130756
341 300 18.8327 19.2533 19.2731 19.4505 19.4558 19.2531 0.0505888 0.0157631
840 300 18.8327 19.2533 19.2731 19.4505 19.4558 19.2531 0.0332721 0.0105684
373 300 18.8327 19.2533 19.2731 19.4505 19.4558 19.2531 0.0462009 0.0181245
776 300 18.8327 19.2533 19.2731 19.4505 19.4558 19.2531 0.0307873 0.0104919
391 300 18.8327 19.2533 19.2731 19.4505 19.4558 19.2531 0.03718 0.00762239
720 300 18.8327 19.2533 19.2731 19.4505 19.4558 19.2531 0.0413531 0.0144152
258 300 18.8327 19.0052 19.2533 19.2731 19.4505 19.1629 0.0426424 0.00940126
790 300 18.8327 18.8913 19.2533 19.2731 19.4505 19.1402 0.0510491 0.0110898
333 300 18.8327 18.8902 19.2533 19.2731 19.4505 19.14 0.0304511 0.00880871
467 300 18.8327 18.8897 19.2533 19.2731 19.4505 19.1399 0.0383813 0.00544135
379 300 18.8327 18.8913 19.2533 19.2731 19.4505 19.1402 0.0268682 0.00850242
260 300 18.8327 18.8902 19.2533 19.2731 19.4505 19.14 0.0489543 0.0174976
388 300 18.8327 18.8897 19.2533 19.2731 19.4505 19.1399 0.0487658 0.00874852
582 300 18.8327 18.8913 19.2533 19.2731 19.4505 19.1402 0.0621347 0.0168547
215 300 18.8327 18.8902 19.2533 19.2731 19.4505 19.14 0.0449875 0.0090491
823 300 18.8327 18.8897 19.2533 19.2731 19.4505 19.1399 0.0360187 0.0113912
283 300 18.8327 18.8913 19.2533 19.2731 19.4505 19.1402 0.0788415 0.00855699
844 300 18.8327 18.8902 19.2533 19.2731 19.4505 19.14 0.0264865 0.0044718
706 300 18.8327 18.8897 19.2533 19.2731 19.4505 19.1399 0.0404534 0.00967636
656 300 18.8327 18.8913 19.2533 19.2731 19.4505 19.1402 0.0419118 0.0087992
423 300 18.8327 18.8902 19.2533 19.2731 19.4505 19.14 0.0441553 0.0185072
777 300 18.8327 18.8897 19.2533 19.2731 19.4505 19.1399 0.0289787 0.0110719
441 300 18.8327 18.8913 19.2533 19.2731 19.4505 19.1402 0.0368254 0.00863275
561 300 18.8327 18.8902 19.2533 19.2731 19.4505 19.14 0.0445715 0.0171215
479 300 18.8327 18.8897 19.2533 19.2731 19.4505 19.1399 0.0424605 0.0188551
610 300 18.8327 18.8913 19.2533 19.2731 19.4505 19.1402 0.0458641 0.0132567
660 300 18.8327 18.8902 19.2533 19.2731 19.4505 19.14 0.0453757 0.0109824
565 300 18.8327 18.8897 19.2533 19.2731 19.4505 19.1399 0.0349891 0.00994028
609 300 18.8327 18.8913 19.2533 19.2731 19.4505 19.1402 0.0467432 0.0183652
572 300 18.8327 18.8902 19.2533 19.2731 19.4505 19.14 0.0520336 0.00553411
498 300 18.8327 18.8897 19.2533 19.2731 19.4505 19.1399 0.0372749 0.0097431
438 300 18.8327 18.8913 19.2533 19.2731 19.4505 19.1402 0.0380947 0.0108423
325 300 18.8327 18.8902 19.2533 19.2731 19.4505 19.14 0.0453245 0.0183138
