168 300 25.817 25.8902 26.3112 26.3842 26.4994 26.1804 0.0269311 0.000249143
249 300 25.7904 25.8165 25.937 26.2849 26.3109 26.0279 0.0285192 0.00730718
266 184 20.9592 21.579 21.825 22.331 22.4939 21.8376 0.0430573 0.00951352
689 300 20.8599 21.1753 21.3352 21.8376 21.9095 21.4235 0.0331395 0.00531966
203 0 20.8599 21.1753 21.336 21.8373 21.9095 21.4236 0.0140764 0.00888941
459 300 20.8599 21.1753 21.3357 21.8371 21.9095 21.4235 0.0385992 0.0160466
343 300 20.8599 21.1753 21.3355 21.8376 21.9095 21.4236 0.0383168 0.00906983
228 108 20.8599 21.1753 21.336 21.8373 21.9095 21.4236 0.0617277 0.0152692
504 300 20.8599 21.1753 21.3357 21.8371 21.9095 21.4235 0.0309485 0.00895998
287 300 20.8599 21.1753 21.3355 21.8376 21.9095 21.4236 0.052624 0.01496
279 300 20.8599 21.1753 21.336 21.8373 21.9095 21.4236 0.0512614 0.0176428
725 300 20.8599 21.1753 21.3357 21.8371 21.9095 21.4235 0.0301295 0.0065526
383 300 20.8599 21.1753 21.3355 21.8376 21.9095 21.4236 0.0503005 0.0202205
911 300 20.8599 21.1753 21.336 21.8373 21.9095 21.4236 0.0250994 0.00424991
267 300 20.8599 21.1753 21.3357 21.8371 21.9095 21.4235 0.0449079 0.0166439
466 300 20.8599 21.1753 21.3355 21.8376 21.9095 21.4236 0.0374748 0.00759373
385 300 20.8599 21.1753 21.336 21.8373 21.9095 21.4236 0.0481729 0.00902627
388 300 20.8599 21.1753 21.3357 21.8371 21.9095 21.4235 0.0365635 0.00671612
230 300 20.5076 20.8599 21.1753 21.2411 21.3355 21.0239 0.0402306 0.00856607
477 300 20.502 20.8599 21.1753 21.249 21.336 21.0244 0.0369719 0.00827095
198 238 20.502 20.8599 21.1753 21.2423 21.3357 21.023 0.0445289 0.00888788
769 300 19.4522 20.502 20.8599 21.1672 21.1753 20.6313 0.054327 0.0112393
190 72 19.4505 20.502 20.8599 21.166 21.1753 20.6307 0.0362595 0.00876238
334 300 19.273 19.2796 19.4505 19.7582 19.7648 19.5052 0.0381074 0.0147543
460 300 19.2666 19.2731 19.4505 19.7488 19.7553 19.4989 0.0440592 0.0173749
667 300 19.2666 19.2731 19.4505 19.7488 19.7553 19.4989 0.0356643 0.00469477
375 300 19.2666 19.2731 19.4505 19.7488 19.7553 19.4989 0.0375538 0.00918459
279 197 19.2666 19.2731 19.4505 19.7488 19.7553 19.4989 0.0428689 0.0109312
377 300 19.2666 19.2731 19.4505 19.7488 19.7553 19.4989 0.0492772 0.0175271
392 300 19.2666 19.2731 19.4505 19.7488 19.7553 19.4989 0.0329826 0.00771965
227 0 19.2666 19.2731 19.4505 19.7488 19.7553 19.4989 0.0131899 0.00854811
344 300 19.2666 19.2731 19.4505 19.7488 19.7553 19.4989 0.0523674 0.0128333
521 300 19.2666 19.2731 19.4505 19.7488 19.7553 19.4989 0.0492327 0.0195474
587 300 19.2666 19.2731 19.4505 19.7488 19.7553 19.4989 0.0387661 0.00848916
210 120 19.2666 19.2731 19.4505 19.7488 19.7553 19.4989 0.0454176 0.0112389
731 300 19.2666 19.2731 19.4505 19.7488 19.7553 19.4989 0.0295378 0.00436825
161 60 19.2666 19.2731 19.4505 19.7488 19.7553 19.4989 0.030977 0.0092363
420 300 19.2666 19.2731 19.4505 19.7488 19.7553 19.4989 0.03873 0.0141638
282 300 19.2666 19.2731 19.4505 19.7488 19.7553 19.4989 0.0627076 0.00910646
665 300 19.2666 19.2731 19.4505 19.7488 19.7553 19.4989 0.0496505 0.0166866
652 300 19.2666 19.2731 19.4505 19.7488 19.7553 19.4989 0.0490684 0.0148902
476 300 19.2666 19.2731 19.4505 19.7488 19.7553 19.4989 0.0346405 0.00695603
205 270 19.2666 19.2731 19.4505 19.7488 19.7543 19.4986 0.0421612 0.00807781
677 300 19.2666 19.2731 19.4505 19.7488 19.7552 19.4988 0.0360217 0.00737203
255 251 19.2666 19.2731 19.4505 19.7488 19.7558 19.499 0.0368214 0.00885894
546 300 18.8332 19.2666 19.2731 19.4505 19.7206 19.3088 0.0327689 0.0150749
206 300 18.8327 18.8913 19.2666 19.2731 19.4505 19.1428 0.044963 0.00795521
327 300 18.8327 18.8902 19.2666 19.2731 19.4505 19.1426 0.0362214 0.00608987
232 0 18.8327 18.8897 19.2666 19.2731 19.4505 19.1425 0.0122181 0.00777199
275 100 18.8327 18.8913 19.2666 19.2731 19.4505 19.1428 0.0493595 0.0161067
184 10 18.8327 18.8902 19.2666 19.2731 19.4505 19.1426 0.0177398 0.0081869
293 300 18.8327 18.8897 19.2666 19.2731 19.4505 19.1425 0.0386568 0.00747094
219 300 18.8327 18.8913 19.2666 19.2731 19.4505 19.1428 0.0528357 0.0149428
635 300 18.8327 18.8902 19.2666 19.2731 19.4505 19.1426 0.0294677 0.00408647
331 300 18.8327 18.8897 19.2666 19.2731 19.4505 19.1425 0.0437305 0.00819339
476 300 18.8327 18.8913 19.2666 19.2731 19.4505 19.1428 0.0363603 0.00670303
391 300 18.8327 18.8902 19.2666 19.2731 19.4505 19.1426 0.046687 0.0178757
277 300 18.8327 18.8897 19.2666 19.2731 19.4505 19.1425 0.0482036 0.00737784
222 78 18.8327 18.8913 19.2666 19.2731 19.4505 19.1428 0.0342125 0.00854881
255 252 18.8327 18.8902 19.2666 19.2731 19.4505 19.1426 0.0469615 0.0179634
222 300 18.8327 18.8897 19.2666 19.2731 19.4505 19.1425 0.0460802 0.00833371
237 300 18.8327 18.8913 19.2666 19.2731 19.4505 19.1428 0.048397 0.00828507
242 144 18.8327 18.8902 19.2666 19.2731 19.4505 19.1426 0.0520713 0.0170786
443 300 18.8327 18.8897 19.2666 19.2731 19.4505 19.1425 0.0445129 0.00762278
183 0 18.8327 18.8913 19.2666 19.2731 19.4505 19.1428 0.0131017 0.00873729
307 300 18.8327 18.8902 19.2666 19.2731 19.4505 19.1426 0.0412872 0.0116382
214 0 18.8327 18.8897 19.2666 19.2731 19.4505 19.1425 0.0157224 0.0113338
481 300 18.8327 18.8913 19.2666 19.2731 19.4505 19.1428 0.0476526 0.0170693
227 285 18.8327 18.8902 19.2666 19.2731 19.4505 19.1426 0.0491575 0.0165663
338 300 18.8327 18.8897 19.1966 19.2666 19.2731 19.0917 0.0475279 0.00710197
268 0 18.8327 18.8913 19.1965 19.2666 19.2731 19.092 0.0204765 0.0160796
560 300 18.8327 18.8902 19.1965 19.2666 19.2731 19.0918 0.0501096 0.0180262
360 300 18.8327 18.8897 19.1965 19.2666 19.2731 19.0917 0.035928 0.0119567
284 300 18.8327 18.8913 19.1965 19.2666 19.2731 19.092 0.0404508 0.00718509
379 300 18.8327 18.8902 19.1965 19.2666 19.2731 19.0918 0.0488524 0.0173038
317 300 18.8327 18.8897 19.1965 19.2534 19.2666 19.0878 0.0318222 0.00670126
206 75 18.8327 18.8913 19.1965 19.2533 19.2666 19.0881 0.0248108 0.00847635
339 300 18.8327 18.8902 19.1965 19.2533 19.2666 19.0879 0.0375658 0.00737087
264 300 18.8327 18.8897 19.1965 19.2533 19.2666 19.0878 0.042035 0.00878605
750 300 18.8327 18.8913 19.1965 19.2533 19.2666 19.0881 0.0283481 0.00455467
181 130 18.8327 18.8902 19.1965 19.2533 19.2666 19.0879 0.0468884 0.00847326
331 300 18.8327 18.8897 19.1965 19.2533 19.2666 19.0878 0.0470374 0.00686523
263 300 18.8327 18.8913 19.1965 19.2533 19.2666 19.0881 0.0354586 0.00819536
431 300 18.8327 18.8902 19.1965 19.2533 19.2666 19.0879 0.0443065 0.00840986
227 0 18.8327 18.8897 19.1965 19.2533 19.2666 19.0878 0.0122543 0.00752621
308 300 18.8327 18.8913 19.1965 19.2533 19.2666 19.0881 0.0365813 0.0050891
311 300 18.8327 18.8902 19.1965 19.2533 19.2666 19.0879 0.0412751 0.0124427
224 188 18.8327 18.8897 19.1965 19.2533 19.2666 19.0878 0.038443 0.0094881
225 111 18.8327 18.8913 19.1965 19.2533 19.2666 19.0881 0.0444863 0.0108277
495 300 18.8327 18.8902 19.1965 19.2533 19.2666 19.0879 0.0313054 0.00713553
183 0 18.8327 18.8897 19.1965 19.2533 19.2666 19.0878 0.0131324 0.00878064
298 180 18.8327 18.8913 19.1965 19.2533 19.2666 19.0881 0.0572738 0.01735
227 300 18.8327 18.8902 19.1965 19.2533 19.2666 19.0879 0.0379183 0.00849017
252 35 18.8327 18.8897 19.1965 19.2533 19.2666 19.0878 0.0363623 0.0155589
794 300 18.8327 18.8913 19.1965 19.2533 19.2666 19.0881 0.0301488 0.00603117
301 300 18.8327 18.8902 19.1965 19.2533 19.2666 19.0879 0.0521848 0.0138383
246 0 18.8327 18.8897 19.1965 19.2533 19.2666 19.0878 0.0151326 0.00859727
543 300 18.8327 18.8913 19.1965 19.2533 19.2666 19.0881 0.0410878 0.0150675
294 300 18.8327 18.8902 19.1965 19.2533 19.2666 19.0879 0.0347586 0.00849139
568 300 18.8327 18.8897 19.1965 19.2533 19.2666 19.0878 0.0381923 0.0114288
257 300 18.8327 18.8913 19.1965 19.2533 19.2666 19.0881 0.0398087 0.0161627
398 300 18.8327 18.8902 19.1965 19.2533 19.2666 19.0879 0.0317215 0.00748287
345 120 18.8327 18.8897 19.1965 19.2533 19.2533 19.0851 0.038073 0.0138683
317 300 18.8327 18.8913 19.1965 19.2533 19.261 19.087 0.038442 0.0158089
237 300 18.8327 18.8902 19.1965 19.2533 19.261 19.0867 0.0482557 0.00830088
485 300 18.8327 18.8897 19.1965 19.2533 19.261 19.0866 0.0264855 0.00741213
780 300 18.8327 18.8913 19.1965 19.2533 19.261 19.087 0.0260809 0.0064138
243 300 18.8327 18.8902 19.1965 19.2533 19.261 19.0867 0.0351088 0.0135259
218 54 18.8327 18.8897 19.1965 19.2533 19.261 19.0866 0.0301528 0.00833411
306 34 18.8327 18.8913 19.1965 19.2533 19.261 19.087 0.0254409 0.0159062
219 16 18.8327 18.8902 19.1965 19.2533 19.261 19.0867 0.0164306 0.00816127
193 0 18.8327 18.8897 19.1965 19.2533 19.261 19.0866 0.0191273 0.014789
581 300 18.8327 18.8913 19.1965 19.2533 19.261 19.087 0.062916 0.0182857
837 300 18.8327 18.8902 19.1965 19.2533 19.261 19.0867 0.0303825 0.0040748
715 300 18.8327 18.8897 19.1965 19.2533 19.261 19.0866 0.0304875 0.00706921
838 300 18.8327 18.8913 19.1965 19.2533 19.261 19.087 0.0422238 0.00424145
844 300 18.8327 18.8902 19.1965 19.2533 19.261 19.0867 0.0248611 0.00410533
795 300 18.8327 18.8897 19.1965 19.2533 19.261 19.0866 0.0307062 0.0041225
787 300 18.8327 18.8913 19.1965 19.2533 19.261 19.087 0.0213307 0.00382326
777 300 18.8327 18.8902 19.1965 19.2533 19.261 19.0867 0.0248569 0.00404597
278 300 18.8327 18.8897 19.1965 19.2533 19.261 19.0866 0.0402608 0.00957635
525 300 18.8327 18.8913 19.1965 19.2533 19.261 19.087 0.0423575 0.00492098
229 280 18.8327 18.8902 19.1965 19.2533 19.261 19.0867 0.0314848 0.00880284
204 107 18.8327 18.8897 19.1965 19.2533 19.261 19.0866 0.0499079 0.0158503
484 300 18.8327 18.8913 19.1965 19.2533 19.261 19.087 0.0469608 0.0180947
235 106 18.8327 18.8902 19.1965 19.2533 19.261 19.0867 0.0503332 0.013364
790 300 18.8327 18.8897 19.1965 19.2533 19.261 19.0866 0.0464077 0.0171589
585 300 18.8327 18.8913 19.1965 19.2533 19.261 19.087 0.0530144 0.00586482
215 0 18.8327 18.8902 19.1965 19.2533 19.261 19.0867 0.0133746 0.00883874
539 300 18.8327 18.8897 19.1965 19.2533 19.261 19.0866 0.0455094 0.0187693
197 0 18.8327 18.8913 19.1965 19.2533 19.261 19.087 0.0131166 0.00862594
215 42 18.8327 18.8902 19.1965 19.2533 19.261 19.0867 0.0314068 0.0150571
209 300 18.8327 18.8897 19.1965 19.2533 19.261 19.0866 0.0353716 0.00904194
219 126 18.8327 18.8913 19.1965 19.2533 19.261 19.087 0.0498512 0.0157268
314 300 18.8327 18.8902 19.1965 19.2533 19.261 19.0867 0.0451092 0.0109851
322 300 18.8327 18.8897 19.1965 19.2533 19.261 19.0866 0.0422747 0.00563929
424 300 18.8327 18.8913 19.1965 19.2533 19.261 19.087 0.0505485 0.0166873
322 300 18.8327 18.8902 19.1965 19.2533 19.261 19.0867 0.0420559 0.00877121
349 300 18.8327 18.8897 19.1965 19.2533 19.261 19.0866 0.0411163 0.00930793
493 300 18.8327 18.8913 19.1965 19.2533 19.261 19.087 0.0327868 0.00491034
326 300 18.8327 18.8902 19.1965 19.2533 19.261 19.0867 0.0437488 0.0163188
315 300 18.8327 18.8897 19.1965 19.2533 19.261 19.0866 0.0488911 0.0124825
319 300 18.8327 18.8913 19.1965 19.2533 19.261 19.087 0.0393709 0.00875472
238 204 18.8327 18.8902 19.1965 19.2533 19.261 19.0867 0.0452549 0.0106346
222 146 18.8327 18.8897 18.9406 19.1965 19.2533 19.0226 0.0464733 0.00836393
260 282 18.8327 18.8913 18.9421 19.1893 19.1965 19.0104 0.0348432 0.00826478
209 0 18.8327 18.8902 18.9421 19.1896 19.1965 19.0102 0.013369 0.00899401
211 72 18.8327 18.8897 18.9421 19.1896 19.1965 19.0101 0.0448982 0.0189386
357 300 18.8327 18.8913 18.9421 19.1896 19.1965 19.0104 0.055334 0.0207307
358 300 18.8327 18.8902 18.9421 19.1896 19.1965 19.0102 0.0333891 0.00820062
307 300 18.8327 18.8897 18.9421 19.1896 19.1965 19.0101 0.0467726 0.0178184
312 300 18.8327 18.8913 18.9421 19.1896 19.1965 19.0104 0.0431578 0.0108135
228 300 18.8327 18.8902 18.9421 19.1896 19.1965 19.0102 0.0512555 0.00850003
342 300 18.8327 18.8897 18.9421 19.1896 19.1965 19.0101 0.0350568 0.00788711
478 300 18.8327 18.8913 18.9421 19.1896 19.1965 19.0104 0.0438085 0.0177234
325 300 18.8327 18.8902 18.9421 19.0722 19.1896 18.9854 0.040094 0.0106095
214 203 18.8327 18.8897 18.9421 19.0713 19.1896 18.9851 0.0479749 0.00830039
339 300 18.8327 18.8913 18.9421 19.0708 19.1896 18.9853 0.0680875 0.00797654
