147 0 0 0 0 0 0 -1 0.00512847 0.000217037
161 0 0 0 0 0 0 -1 0.00472376 0.000362641
173 64 25.4475 25.4548 26.7184 26.7258 26.9597 26.2612 0.0462072 0.00031756
163 0 0 0 0 0 0 -1 0.00479041 0.000207091
136 0 0 0 0 0 0 -1 0.00466438 0.000367591
189 28 18.6398 18.9019 20.944 23.1689 23.4066 21.0122 0.0164562 0.000234144
251 0 0 0 0 0 0 -1 0.0045389 0.000325399
147 0 0 0 0 0 0 -1 0.00463433 0.000338299
179 0 0 0 0 0 0 -1 0.00471571 0.000322961
164 45 18.8902 19.4462 20.4502 20.9418 22.1591 20.3775 0.0280856 0.000303369
140 3 20.9275 27.5165 0 0 0 24.222 0.00637147 0.000352803
267 0 0 0 0 0 0 -1 0.00478838 0.000325301
336 192 27.5178 27.5831 28.6819 28.7259 28.7471 28.2512 0.0786152 0.00030678
245 300 20.5548 21.2834 23.3069 24.1731 24.9017 22.844 0.0597113 0.000193483
211 168 24.3305 24.8308 25.1857 25.3883 25.8878 25.1246 0.0842261 0.000252219
240 48 29.591 30.2812 31.0694 31.7761 33.1987 31.1833 0.0364411 0.000165336
165 0 0 0 0 0 0 -1 0.00476035 0.000394481
147 8 23.2806 23.571 23.6026 24.3756 26.394 24.2448 0.00881788 0.000274619
173 40 22.4906 23.704 24.3799 25.5929 25.8467 24.4028 0.0251795 0.000331938
157 3 19.4935 27.7767 28.5159 0 0 25.262 0.00656096 0.000333937
128 0 0 0 0 0 0 -1 0.0046531 0.000281175
208 44 22.3805 22.5604 24.9094 25.6584 26.2157 24.3449 0.0332778 0.000132676
156 12 28.3763 31.3949 33.0026 33.3898 33.6069 31.9541 0.00719934 0.000334865
155 0 0 0 0 0 0 -1 0.00469115 0.000312168
163 0 0 0 0 0 0 -1 0.00463293 0.000340174
186 56 28.5882 29.2146 30.788 32.559 38.5102 31.932 0.0194288 0.000325867
166 4 21.789 22.1261 29.7409 33.2155 0 26.7179 0.00705108 0.000358316
165 0 0 0 0 0 0 -1 0.00463293 0.000322793
135 27 23.7073 24.5591 26.4895 27.4393 27.5472 25.9485 0.00986297 0.000318685
250 14 22.6644 23.9692 28.4678 29.7945 30.1627 27.0117 0.0119232 0.000243298
385 300 19.3687 20.9634 22.7856 23.0886 24.5169 22.1446 0.0303311 0.00022423
162 8 22.4693 23.4808 29.0417 29.35 30.3628 26.9409 0.00927977 0.000304259
137 7 20.3602 20.9236 21.3674 21.5176 21.868 21.2073 0.00748034 0.000308792
139 0 0 0 0 0 0 -1 0.00465685 0.000319588
355 300 22.2125 23.1664 24.6894 24.79 24.7973 23.9311 0.0574212 0.000127722
172 0 0 0 0 0 0 -1 0.00461517 0.000253493
175 0 0 0 0 0 0 -1 0.00463892 0.00032945
447 300 22.8015 22.8083 24.9082 25.1212 25.8162 24.2911 0.0520303 0.000219406
156 0 0 0 0 0 0 -1 0.00464286 0.00025577
155 0 0 0 0 0 0 -1 0.00471181 0.000308393
152 0 0 0 0 0 0 -1 0.00474694 0.000308304
111 0 0 0 0 0 0 -1 0.0052327 0.000300947
157 0 0 0 0 0 0 -1 0.00479554 0.00030442
168 20 23.1793 24.4574 26.1738 27.4519 27.5119 25.7549 0.0220159 0.00030747
147 0 0 0 0 0 0 -1 0.00460923 0.000321977
167 72 26.9246 27.2724 27.9295 28.0446 28.4808 27.7304 0.0466328 0.000311793
133 0 0 0 0 0 0 -1 0.00463648 0.000311161
291 245 22.3783 22.7091 22.889 23.1673 23.2197 22.8727 0.0886831 0.000309175
341 300 30.7617 34.7336 34.797 35.9332 37.8223 34.8095 0.0755938 0.000102655
159 0 0 0 0 0 0 -1 0.00463895 0.000258485
152 0 0 0 0 0 0 -1 0.00479928 0.000459345
162 0 0 0 0 0 0 -1 0.00458853 0.00030422
156 0 0 0 0 0 0 -1 0.00463841 0.00030461
300 273 19.1534 21.5172 21.9744 22.9043 24.2347 21.9568 0.0464984 0.000329713
174 0 0 0 0 0 0 -1 0.00495697 0.000330706
141 0 0 0 0 0 0 -1 0.00471403 0.000340836
175 0 0 0 0 0 0 -1 0.00460367 0.000233074
164 7 23.9558 24.4478 32.2239 32.715 38.8923 30.4469 0.00827254 0.000309234
108 0 0 0 0 0 0 -1 0.00466636 0.000314115
149 0 0 0 0 0 0 -1 0.004615 0.000250794
143 0 0 0 0 0 0 -1 0.0045964 0.000332636
180 39 21.4473 22.0155 23.0772 23.6362 23.653 22.7658 0.0245867 0.00023161
172 0 0 0 0 0 0 -1 0.00459256 0.000267884
151 30 29.3766 29.7824 30.5832 30.9231 33.7198 30.877 0.0265331 0.000319382
221 0 0 0 0 0 0 -1 0.00466632 0.000290317
181 21 24.659 26.5511 27.1767 27.5529 27.6705 26.7221 0.0167785 0.000319125
160 0 0 0 0 0 0 -1 0.00479859 0.000324917
135 0 0 0 0 0 0 -1 0.0048082 0.000347513
161 10 24.2886 24.372 25.3134 27.1394 28.7147 25.9656 0.00906094 0.000304961
161 0 0 0 0 0 0 -1 0.00477661 0.000404124
144 0 0 0 0 0 0 -1 0.00454372 0.000242834
129 0 0 0 0 0 0 -1 0.00461355 0.000247611
369 0 0 0 0 0 0 -1 0.00493143 0.000233511
163 8 26.4749 28.223 31.9027 33.6502 34.0925 30.8687 0.00908224 0.000307791
153 0 0 0 0 0 0 -1 0.00474349 0.000245057
171 12 25.8432 27.8412 35.5343 35.7292 37.2145 32.4325 0.011196 0.000199799
164 140 21.4361 24.2334 24.5406 24.9059 25.9438 24.212 0.048598 0.000262849
167 16 20.5842 20.7519 21.4692 21.7864 21.7964 21.2776 0.0125931 0.000254044
178 0 0 0 0 0 0 -1 0.00479659 0.000308375
182 0 0 0 0 0 0 -1 0.00464002 0.000310467
395 252 27.3411 28.8032 30.8595 31.1156 31.1261 29.8491 0.0509217 0.000327326
122 6 25.4201 31.5327 31.7473 0 0 29.5667 0.00689813 0.000354872
191 8 22.5771 24.6135 30.6175 30.9792 0 27.1968 0.00555886 0.000262589
143 5 20.2834 23.3081 24.8661 26.8435 27.5747 24.5752 0.00550316 0.000319234
188 0 0 0 0 0 0 -1 0.0045866 0.00028221
288 300 20.5601 21.3095 21.5299 21.7367 22.0289 21.433 0.0429024 0.00029572
159 0 0 0 0 0 0 -1 0.00470172 0.000257516
176 65 25.7989 26.2284 27.5803 28.1094 28.1374 27.1709 0.0242953 0.000310997
342 128 28.5798 28.6739 29.1441 29.5696 29.8708 29.1676 0.0416922 0.000247648
173 0 0 0 0 0 0 -1 0.00471574 0.000292337
171 49 23.6466 24.6396 25.6895 26.5043 26.6761 25.4312 0.0202677 0.00025426
159 4 25.7196 30.9631 42.5523 48.7787 0 37.0034 0.00700659 0.000249209
150 31 25.7697 26.1045 27.4565 29.8535 31.6571 28.1683 0.0252801 0.000371417
142 0 0 0 0 0 0 -1 0.00504051 0.000326275
162 45 24.1043 25.06 26.122 26.3166 26.3391 25.5884 0.0308147 0.000297771
160 0 0 0 0 0 0 -1 0.00497278 0.000364611
153 0 0 0 0 0 0 -1 0.00455683 0.000299407
331 0 0 0 0 0 0 -1 0.00469697 0.000311501
176 0 0 0 0 0 0 -1 0.00457654 0.00025637
152 0 0 0 0 0 0 -1 0.00476729 0.000318504
170 3 20.0237 24.7173 25.4699 0 0 23.4036 0.00611584 0.000307538
150 0 0 0 0 0 0 -1 0.00477249 0.000250658
167 247 19.7717 20.3535 20.5857 21.0849 21.535 20.6662 0.058166 0.000245544
187 113 25.4505 27.9553 28.67 28.7764 29.0518 27.9808 0.0963865 0.00031524
256 300 24.6351 25.6772 25.7942 26.7468 26.8022 25.9311 0.067152 0.000188781
122 0 0 0 0 0 0 -1 0.00479355 0.000375649
175 12 20.3358 20.8283 22.2519 22.7408 26.5207 22.5355 0.00771912 0.000242085
178 0 0 0 0 0 0 -1 0.00468367 0.000303393
216 144 21.6335 21.9008 22.4625 22.5784 22.7635 22.2677 0.0699137 0.00027038
295 76 20.2729 20.3064 21.4438 22.2235 22.394 21.3281 0.0400158 0.000114531
152 0 0 0 0 0 0 -1 0.00464109 0.000331062
140 0 0 0 0 0 0 -1 0.00457774 0.000309329
395 300 31.1642 37.5887 37.9088 39.7473 40.6506 37.4119 0.0964744 0.000232791
390 300 22.8376 23.7737 25.1148 25.8306 26.7667 24.8647 0.0463332 0.000137806
158 0 0 0 0 0 0 -1 0.00480983 0.000265136
128 0 0 0 0 0 0 -1 0.00452882 0.000256049
176 0 0 0 0 0 0 -1 0.00463218 0.000298986
145 0 0 0 0 0 0 -1 0.00464116 0.000329282
174 9 23.6262 30.0781 32.4795 35.2536 37.4269 31.7729 0.0113081 0.000297935
149 0 0 0 0 0 0 -1 0.00455648 0.000253292
140 0 0 0 0 0 0 -1 0.00469964 0.000310408
123 20 21.0396 23.6249 24.7423 26.9025 27.327 24.7273 0.0105421 0.000306235
504 300 27.2164 27.7368 27.8998 27.9441 28.158 27.791 0.0280638 0.000128827
140 0 0 0 0 0 0 -1 0.00472023 0.00031858
185 211 19.443 21.0669 21.0994 21.9159 21.9485 21.0948 0.0533799 0.00026411
155 0 0 0 0 0 0 -1 0.00468463 0.00032988
158 24 23.2797 23.5722 24.5792 25.545 26.5486 24.705 0.0153959 0.000302827
171 10 20.8339 21.3279 21.7793 22.0472 22.2401 21.6457 0.0076163 0.000321503
131 21 22.4462 22.6269 23.6036 24.2202 24.3809 23.4556 0.0160737 0.000242012
187 98 18.8902 19.4506 25.6607 27.8776 28.1067 23.9972 0.0704968 0.000246249
343 135 23.3616 23.6543 23.688 23.9694 24.2477 23.7842 0.064756 0.000167548
134 22 27.1932 27.9966 30.719 32.8837 35.0863 30.7758 0.0188377 0.000297301
159 0 0 0 0 0 0 -1 0.00471774 0.000339573
175 10 20.8479 20.989 23.9198 26.3932 27.6511 23.9602 0.00776059 0.000243873
166 0 0 0 0 0 0 -1 0.00462148 0.000327094
147 45 24.0179 25.6186 26.1781 26.5109 26.9402 25.8531 0.0215445 0.000337815
158 3 20.3229 32.402 0 0 0 26.3624 0.00615377 0.000308965
129 37 28.1749 32.0433 32.636 34.0178 34.3199 32.2384 0.0163396 0.000251374
148 8 25.7013 27.6539 29.558 32.3896 0 28.8257 0.00738574 0.000374214
145 0 0 0 0 0 0 -1 0.00455934 0.000320181
144 21 19.2463 19.2963 21.2365 21.3826 21.4423 20.5208 0.0190487 0.000234551
142 0 0 0 0 0 0 -1 0.00469384 0.000326976
143 0 0 0 0 0 0 -1 0.00467724 0.000273553
150 20 20.5695 21.7955 25.6159 27.2951 27.5315 24.5615 0.00804155 0.000244762
178 0 0 0 0 0 0 -1 0.0045832 0.000242823
156 12 27.3708 31.1996 32.1197 32.1786 34.0044 31.3746 0.0104466 0.000301502
172 0 0 0 0 0 0 -1 0.00473364 0.000307193
178 17 23.1077 24.8392 27.7826 27.925 28.5129 26.4335 0.0113046 0.00031742
169 15 24.281 24.6008 24.6028 25.5241 26.9741 25.1966 0.0131298 0.000319567
167 0 0 0 0 0 0 -1 0.00461533 0.000315628
167 21 30.8428 31.385 34.3464 35.5667 35.8508 33.5983 0.0139327 0.000243701
175 0 0 0 0 0 0 -1 0.00464171 0.000201519
128 4 21.2908 22.1821 24.9669 25.1627 0 23.4006 0.00611159 0.000337949
151 4 29.6021 33.0633 34.4002 0 0 32.3552 0.0071167 0.000319672
156 0 0 0 0 0 0 -1 0.00470183 0.000311376
177 8 21.3249 21.7861 22.6744 23.1355 24.1556 22.6153 0.00564522 0.000302941
194 79 19.2688 20.3022 20.9866 21.4562 22.0072 20.8042 0.034482 0.00031273
147 8 20.3485 22.8946 23.8155 26.3616 31.5897 25.002 0.00756565 0.000273558
