181 23 29.4775 31.1021 32.7194 32.9224 33.9739 32.0391 0.019228 0.000370523
151 0 28.6857 30.4862 31.8212 32.4685 32.7223 31.2368 0.0178397 0.013337
223 95 28.6857 30.1287 30.2027 30.4862 30.7625 30.0532 0.0680066 0.0132017
180 0 28.6857 30.1313 30.2031 30.4862 30.7671 30.0547 0.0132042 0.00884889
401 100 20.0525 20.4946 21.3206 21.4951 21.7762 21.0278 0.06545 0.0162519
274 0 19.9114 20.024 21.3074 21.3266 21.7961 20.8731 0.0133845 0.00837047
204 4 19.9114 20.024 21.3007 21.3266 21.634 20.8394 0.0248673 0.0148404
281 100 19.2531 19.9114 20.024 21.3008 21.3266 20.3632 0.0647825 0.0105301
232 30 19.2532 19.9114 20.024 21.3069 21.3074 20.3606 0.0347685 0.0114959
227 0 19.2532 19.4936 19.9114 20.024 21.3007 19.9966 0.0191682 0.0132295
241 100 19.2532 19.4936 19.9114 20.024 21.3008 19.9966 0.0754599 0.0162241
131 15 19.2532 19.4936 19.9114 20.024 21.3074 19.9979 0.0309241 0.0114861
161 0 19.2532 19.4936 19.9114 20.024 21.3007 19.9966 0.0121486 0.0078418
262 11 19.2505 19.2532 19.4936 19.9114 20.024 19.5865 0.0194308 0.00873518
129 0 19.2532 19.2601 19.4936 19.9114 20.024 19.5885 0.0121377 0.00786397
184 21 19.2532 19.2601 19.4936 19.9114 20.024 19.5885 0.0313535 0.0130408
137 0 19.2532 19.2601 19.4936 19.9114 20.024 19.5885 0.0220928 0.0177998
198 100 19.2532 19.2601 19.4936 19.9114 20.024 19.5885 0.105892 0.0177041
162 0 19.2532 19.2601 19.4936 19.9114 20.024 19.5885 0.0150523 0.0105136
212 0 19.2532 19.2601 19.4936 19.9114 20.024 19.5885 0.0149558 0.00843847
246 0 19.2532 19.2601 19.4936 19.9114 20.024 19.5885 0.0228602 0.0161716
763 100 19.2532 19.2601 19.4936 19.9114 20.024 19.5885 0.119592 0.00805953
411 100 19.2532 19.2601 19.4936 19.9114 20.024 19.5885 0.0663237 0.00714881
186 0 19.2532 19.2601 19.4936 19.9114 20.024 19.5885 0.0245804 0.0198532
238 0 19.2532 19.2601 19.4936 19.9114 20.024 19.5885 0.0136951 0.00733294
227 0 19.2532 19.2601 19.4936 19.9114 20.024 19.5885 0.0236069 0.017227
206 7 19.2532 19.2601 19.4936 19.9114 20.024 19.5885 0.0307176 0.0177552
233 100 19.2532 19.2601 19.4936 19.9114 20.024 19.5885 0.0604368 0.0121652
148 12 19.2532 19.2601 19.4936 19.9114 20.024 19.5885 0.0204562 0.00842865
176 1 19.2532 19.2601 19.4936 19.9114 20.024 19.5885 0.0232071 0.0179393
163 0 19.2532 19.2601 19.4936 19.9114 20.024 19.5885 0.0130053 0.00866566
258 0 19.2532 19.2601 19.4936 19.9114 20.024 19.5885 0.0243587 0.0177972
236 100 19.2532 19.2601 19.4936 19.9114 20.024 19.5885 0.0691933 0.00803783
180 0 19.2532 19.2601 19.4936 19.9114 20.024 19.5885 0.014171 0.00981558
192 0 19.2532 19.2601 19.4936 19.9114 20.024 19.5885 0.0235049 0.0170213
788 100 19.2532 19.2601 19.4936 19.9114 20.024 19.5885 0.0660638 0.0131815
145 0 19.2532 19.2601 19.4936 19.9114 20.024 19.5885 0.0128541 0.00851052
307 100 19.2532 19.2601 19.4936 19.9114 20.024 19.5885 0.0712306 0.0113963
171 22 19.2532 19.2601 19.4936 19.9114 20.024 19.5885 0.0239967 0.00842353
162 18 19.2532 19.2601 19.4936 19.9114 20.024 19.5885 0.0333145 0.0165523
324 100 19.2532 19.2601 19.4936 19.9114 20.024 19.5885 0.0545489 0.0188976
182 0 19.2532 19.2601 19.4936 19.9114 20.024 19.5885 0.0138203 0.00948396
227 100 19.2532 19.2601 19.2781 19.4936 19.8437 19.4257 0.064561 0.0189626
165 0 19.2532 19.2601 19.2731 19.4936 19.8402 19.424 0.0138611 0.00949156
171 100 19.2532 19.2601 19.2731 19.4936 19.8401 19.424 0.0608469 0.00888586
155 2 19.2532 19.2601 19.2731 19.4936 19.8397 19.4239 0.0165042 0.0103816
161 0 19.2532 19.2601 19.2731 19.4936 19.8402 19.424 0.0224829 0.0180337
180 32 19.2532 19.2601 19.2731 19.4936 19.8401 19.424 0.0436799 0.0159636
171 0 19.2532 19.2601 19.2731 19.4936 19.8397 19.4239 0.0231841 0.0184076
239 100 19.2532 19.2601 19.2731 19.4936 19.8402 19.424 0.0841302 0.00911031
158 0 19.2532 19.2601 19.2731 19.4936 19.8401 19.424 0.013206 0.00880138
226 100 19.2532 19.2601 19.2731 19.4936 19.8397 19.4239 0.0590166 0.0151346
178 0 19.2532 19.2601 19.2731 19.4936 19.8402 19.424 0.0174117 0.0128888
198 100 19.2532 19.2601 19.2731 19.4936 19.8401 19.424 0.0809039 0.0175998
139 14 19.2532 19.2601 19.2731 19.4936 19.8397 19.4239 0.0310344 0.0165489
281 53 19.2532 19.2601 19.2731 19.4936 19.8402 19.424 0.0472008 0.0143886
157 0 19.2532 19.2601 19.2731 19.4936 19.8401 19.424 0.0208057 0.0164397
218 1 19.2532 19.2601 19.2731 19.4936 19.8397 19.4239 0.0149354 0.00775703
196 8 19.2532 19.2601 19.2731 19.4936 19.8402 19.424 0.011467 0.00403923
151 48 19.2532 19.2601 19.2731 19.4936 19.8401 19.424 0.0491658 0.0179193
153 0 19.2532 19.2601 19.2731 19.4936 19.8397 19.4239 0.0226946 0.0182955
240 87 19.2532 19.2601 19.2731 19.4936 19.8402 19.424 0.0660129 0.0183716
158 0 19.2532 19.2601 19.2731 19.4936 19.8401 19.424 0.0092168 0.00490772
214 0 19.2532 19.2601 19.2731 19.4936 19.8397 19.4239 0.0227397 0.0159882
203 18 19.2532 19.2601 19.2731 19.4936 19.8402 19.424 0.0246611 0.00881534
188 0 19.2532 19.2601 19.2731 19.4936 19.8401 19.424 0.0221849 0.0178399
239 14 19.2532 19.2601 19.2731 19.4936 19.8397 19.4239 0.0262465 0.00917935
155 7 19.2532 19.2601 19.2731 19.4936 19.8402 19.424 0.0227611 0.015217
160 12 19.2532 19.2601 19.2731 19.4936 19.8401 19.424 0.0194271 0.00820319
170 6 19.1901 19.1986 19.2532 19.2601 19.2731 19.235 0.0254182 0.0177247
512 0 19.1896 19.1965 19.2532 19.2601 19.2731 19.2345 0.0230695 0.0128789
220 0 19.1896 19.1965 19.2532 19.2601 19.2731 19.2345 0.0216725 0.0150024
253 100 19.1896 19.1965 19.2532 19.2601 19.2731 19.2345 0.0688194 0.00924292
180 0 19.1896 19.1965 19.2532 19.2601 19.2731 19.2345 0.0128364 0.0084911
222 100 19.1896 19.1965 19.2532 19.2601 19.2731 19.2345 0.0594863 0.00852471
122 0 19.1896 19.1965 19.2532 19.2601 19.2731 19.2345 0.0127125 0.00829421
230 57 19.1896 19.1965 19.2532 19.2601 19.2731 19.2345 0.0535322 0.0170507
205 0 19.1896 19.1965 19.2532 19.2601 19.2731 19.2345 0.0165304 0.012276
207 0 19.1896 19.1965 19.2532 19.2601 19.2731 19.2345 0.0244961 0.0182041
385 100 19.1896 19.1965 19.2532 19.2601 19.2731 19.2345 0.0789295 0.00736218
162 15 19.1896 19.1965 19.2532 19.2601 19.2731 19.2345 0.0327623 0.0182256
164 5 19.1896 19.1965 19.2532 19.2601 19.2731 19.2345 0.0234322 0.0165777
143 0 19.1896 19.1965 19.2532 19.2601 19.2731 19.2345 0.0133701 0.00907169
256 100 19.1896 19.1965 19.2532 19.2601 19.2731 19.2345 0.0603185 0.0151863
266 0 19.1896 19.1965 19.2532 19.2601 19.2731 19.2345 0.00935224 0.00401313
200 16 19.1896 19.1965 19.2532 19.2601 19.2731 19.2345 0.0359205 0.0140091
172 0 19.1896 19.1965 19.2532 19.2601 19.2731 19.2345 0.0136504 0.0092404
428 80 19.1896 19.1965 19.2532 19.2601 19.2731 19.2345 0.0551735 0.011289
178 100 18.9433 19.1896 19.1965 19.2517 19.2532 19.1668 0.0807279 0.0182148
181 0 18.9395 19.1896 19.1965 19.2532 19.2536 19.1665 0.0186762 0.0143021
199 27 18.9395 19.1896 19.1965 19.2532 19.2536 19.1665 0.0274471 0.00916255
276 100 18.9395 19.1896 19.1965 19.2532 19.2536 19.1665 0.062032 0.0154687
182 21 18.9395 19.1896 19.1965 19.2532 19.2536 19.1665 0.0348318 0.0111465
175 17 18.9395 19.1896 19.1965 19.2532 19.2536 19.1665 0.037137 0.0188957
165 0 18.9395 19.1896 19.1965 19.2532 19.2536 19.1665 0.0129478 0.00860455
260 100 18.9395 19.1896 19.1965 19.2532 19.2536 19.1665 0.074997 0.0183408
172 0 18.9395 19.1896 19.1965 19.2532 19.2536 19.1665 0.0193851 0.0149529
226 6 18.9395 19.1896 19.1965 19.2532 19.2536 19.1665 0.0231393 0.0134161
166 0 18.9395 19.1896 19.1965 19.2532 19.2536 19.1665 0.0235302 0.0192607
259 87 18.9395 19.1594 19.1896 19.1965 19.2532 19.1476 0.0542162 0.0149486
346 0 18.9395 19.1609 19.1896 19.1965 19.2532 19.1479 0.0166311 0.0124096
471 100 18.9395 19.1609 19.1896 19.1965 19.2532 19.1479 0.0770328 0.0140584
126 0 18.9395 19.1609 19.1896 19.1965 19.2532 19.1479 0.0217987 0.0174074
300 0 18.9395 19.1609 19.1896 19.1965 19.2532 19.1479 0.0177772 0.0114426
220 31 18.9395 19.1609 19.1896 19.1965 19.2532 19.1479 0.0402039 0.0179985
598 100 18.9395 19.1609 19.1896 19.1965 19.2532 19.1479 0.0921495 0.00494025
500 100 18.9395 19.1609 19.1896 19.1965 19.2532 19.1479 0.0463802 0.00490923
173 0 18.9395 19.1609 19.1896 19.1965 19.2532 19.1479 0.0136598 0.00899735
239 92 18.9395 19.1609 19.1896 19.1965 19.2532 19.1479 0.0760501 0.0147798
142 0 18.9395 19.1609 19.1896 19.1965 19.2532 19.1479 0.0132339 0.00873021
298 100 18.9395 19.1609 19.1896 19.1965 19.2532 19.1479 0.0733572 0.0172141
267 75 18.9395 19.1609 19.1896 19.1965 19.2532 19.1479 0.0450156 0.0134323
158 0 18.9395 19.1609 19.1896 19.1965 19.2532 19.1479 0.020688 0.0161809
211 61 18.9395 19.1609 19.1896 19.1965 19.2532 19.1479 0.0456337 0.00900889
182 78 18.9395 19.1609 19.1896 19.1965 19.2532 19.1479 0.0470171 0.0121427
159 96 18.9395 19.1609 19.1896 19.1965 19.2532 19.1479 0.0695001 0.00897116
236 21 18.9395 19.1609 19.1896 19.1965 19.2532 19.1479 0.0251115 0.00846011
146 100 18.9395 19.1609 19.1896 19.1965 19.2532 19.1479 0.0531621 0.00887272
165 18 18.9395 19.1609 19.1896 19.1965 19.2532 19.1479 0.0322794 0.0165225
243 0 18.9395 19.1609 19.1896 19.1965 19.2532 19.1479 0.0193866 0.014839
406 100 18.9349 18.9395 19.1609 19.1896 19.1965 19.0843 0.0593842 0.00636115
154 0 18.9356 18.9395 19.1609 19.1896 19.1965 19.0844 0.0135813 0.0091064
218 100 18.9356 18.9395 19.1609 19.1896 19.1965 19.0844 0.0686614 0.0176898
136 0 18.9356 18.9395 19.1609 19.1896 19.1965 19.0844 0.0190724 0.0146687
199 100 18.9356 18.9395 19.1609 19.1896 19.1965 19.0844 0.0782846 0.0135655
134 1 18.9356 18.9395 19.1609 19.1896 19.1965 19.0844 0.0143431 0.00861074
170 0 18.9356 18.9395 19.1609 19.1896 19.1965 19.0844 0.0212349 0.0169906
193 100 18.9356 18.9395 19.1609 19.1896 19.1965 19.0844 0.0860162 0.0203771
180 11 18.9356 18.9395 19.1609 19.1896 19.1965 19.0844 0.0247398 0.0110533
194 94 18.9356 18.9395 19.1609 19.1896 19.1965 19.0844 0.0502304 0.00904175
174 0 18.9356 18.9395 19.1609 19.1896 19.1965 19.0844 0.0134258 0.00909926
242 4 18.9356 18.9395 19.1609 19.1896 19.1965 19.0844 0.0188018 0.00880048
193 0 18.9356 18.9395 19.1609 19.1896 19.1965 19.0844 0.0188022 0.0144954
238 0 18.9356 18.9395 19.1609 19.1896 19.1965 19.0844 0.0244959 0.0181652
200 0 18.9356 18.9395 19.1609 19.1896 19.1965 19.0844 0.0205758 0.0140384
182 100 18.9356 18.9395 19.1609 19.1896 19.1965 19.0844 0.0578711 0.00838646
147 1 18.9356 18.9395 19.1609 19.1896 19.1965 19.0844 0.0139424 0.00845506
164 0 18.9356 18.9395 19.1609 19.1896 19.1965 19.0844 0.0133929 0.00908003
225 24 18.9356 18.9395 19.1609 19.1896 19.1965 19.0844 0.0312236 0.0146535
127 0 18.9356 18.9395 19.1609 19.1896 19.1965 19.0844 0.0132042 0.00888564
412 100 18.9356 18.9395 19.1603 19.1609 19.1896 19.0772 0.0785052 0.0135809
218 0 18.9356 18.9395 18.9421 19.1609 19.1896 19.0335 0.0132179 0.00862094
244 0 18.9356 18.9395 18.9421 19.1609 19.1896 19.0335 0.0250092 0.0159668
187 0 18.9356 18.9395 18.9421 19.1609 19.1896 19.0335 0.0154009 0.00910939
485 100 18.9356 18.9395 18.9421 19.1609 19.1896 19.0335 0.0560563 0.00833916
393 100 18.9356 18.9395 18.9421 19.1609 19.1896 19.0335 0.0986007 0.0175895
170 0 18.9356 18.9395 18.9421 19.1609 19.1896 19.0335 0.0099401 0.00532364
212 100 18.9356 18.9395 18.9421 19.1609 19.1896 19.0335 0.059253 0.00831952
200 44 18.9356 18.9395 18.9421 19.1609 19.1896 19.0335 0.0430868 0.0109827
213 100 18.9356 18.9395 18.9421 19.1609 19.1896 19.0335 0.056209 0.00590416
166 0 18.9356 18.9395 18.9421 19.1609 19.1896 19.0335 0.0153267 0.0108332
193 2 18.9356 18.9395 18.9421 19.1609 19.1896 19.0335 0.0293145 0.0216007
312 100 18.9356 18.9395 18.9421 19.1609 19.1896 19.0335 0.0685661 0.0167649
167 4 18.9356 18.9395 18.9421 19.1609 19.1896 19.0335 0.0259261 0.0173139
186 0 18.9356 18.9395 18.9421 19.1609 19.1896 19.0335 0.0206979 0.0164196
478 100 18.9356 18.9395 18.9421 19.1609 19.1896 19.0335 0.0549121 0.00865081
182 66 18.9356 18.9395 18.9421 19.1609 19.1896 19.0335 0.0621841 0.0136027
313 100 18.9356 18.9395 18.9421 19.1609 19.1896 19.0335 0.065296 0.00868513
