48 1 18.4272 0 0 0 0 18.4272 0.00573594 0.000316602
111 1 18.4272 0 0 0 0 18.4272 0.00563289 0.000893804
111 1 18.4272 0 0 0 0 18.4272 0.00605349 0.00130768
47 1 18.4272 0 0 0 0 18.4272 0.00725114 0.00194706
44 1 18.4272 0 0 0 0 18.4272 0.0072584 0.00168938
123 1 18.4272 0 0 0 0 18.4272 0.00714053 0.00199532
51 1 18.4272 0 0 0 0 18.4272 0.00716831 0.00201771
259 1 18.4272 0 0 0 0 18.4272 0.00484971 0.000490902
189 1 18.4272 0 0 0 0 18.4272 0.00503414 0.000636065
91 1 18.4272 0 0 0 0 18.4272 0.00656146 0.00193121
46 1 18.4272 0 0 0 0 18.4272 0.00757609 0.00208503
49 1 18.4272 0 0 0 0 18.4272 0.00711131 0.00187373
50 1 18.4272 0 0 0 0 18.4272 0.00743624 0.00202918
53 1 18.4272 0 0 0 0 18.4272 0.0074295 0.00201619
48 1 18.4272 0 0 0 0 18.4272 0.0072145 0.00193669
53 1 18.4272 0 0 0 0 18.4272 0.00732948 0.00198587
47 1 18.4272 0 0 0 0 18.4272 0.00733993 0.00201114
54 1 18.4272 0 0 0 0 18.4272 0.00720823 0.0019018
51 1 18.4272 0 0 0 0 18.4272 0.00722569 0.00201433
55 1 18.4272 0 0 0 0 18.4272 0.00719675 0.00192563
99 1 18.4272 0 0 0 0 18.4272 0.0056289 0.00101729
49 1 18.4272 0 0 0 0 18.4272 0.00722377 0.00190337
52 1 18.4272 0 0 0 0 18.4272 0.00728295 0.00197324
48 1 18.4272 0 0 0 0 18.4272 0.0072884 0.00200408
51 1 18.4272 0 0 0 0 18.4272 0.00723486 0.00197116
47 1 18.4272 0 0 0 0 18.4272 0.00732687 0.00197014
52 1 18.4272 0 0 0 0 18.4272 0.00724716 0.00192605
47 1 18.4272 0 0 0 0 18.4272 0.00740477 0.00210541
49 1 18.4272 0 0 0 0 18.4272 0.00719934 0.00203495
52 1 18.4272 0 0 0 0 18.4272 0.00716121 0.00189591
43 1 18.4272 0 0 0 0 18.4272 0.00757859 0.0022176
145 1 18.4272 0 0 0 0 18.4272 0.00521983 0.00053774
45 1 18.4272 0 0 0 0 18.4272 0.00716708 0.00197865
43 1 18.4272 0 0 0 0 18.4272 0.00725845 0.00194343
161 1 18.4272 0 0 0 0 18.4272 0.0053217 0.000768303
59 1 18.4272 0 0 0 0 18.4272 0.00650829 0.00154255
52 1 18.4272 0 0 0 0 18.4272 0.00736308 0.00203136
58 1 18.4272 0 0 0 0 18.4272 0.00746701 0.00215162
51 1 18.4272 0 0 0 0 18.4272 0.00668606 0.00140141
125 1 18.4272 0 0 0 0 18.4272 0.00484309 0.000439022
126 1 18.4272 0 0 0 0 18.4272 0.00519695 0.00056598
78 1 18.4272 0 0 0 0 18.4272 0.00682989 0.00175182
49 1 18.4272 0 0 0 0 18.4272 0.00733116 0.0020129
48 1 18.4272 0 0 0 0 18.4272 0.00684637 0.00152927
51 1 18.4272 0 0 0 0 18.4272 0.00750854 0.00203174
224 1 18.4272 0 0 0 0 18.4272 0.00486875 0.000475256
254 1 18.4272 0 0 0 0 18.4272 0.00476375 0.000463247
246 1 18.4272 0 0 0 0 18.4272 0.00475254 0.000476696
163 1 18.4272 0 0 0 0 18.4272 0.00500116 0.000566942
177 1 18.4272 0 0 0 0 18.4272 0.00663684 0.00191955
264 1 18.4272 0 0 0 0 18.4272 0.00486038 0.000521662
58 1 18.4272 0 0 0 0 18.4272 0.00722821 0.00193879
52 1 18.4272 0 0 0 0 18.4272 0.00743493 0.00218018
61 1 18.4272 0 0 0 0 18.4272 0.00606162 0.00114927
52 1 18.4272 0 0 0 0 18.4272 0.00724699 0.00200424
50 1 18.4272 0 0 0 0 18.4272 0.00738557 0.00213164
49 1 18.4272 0 0 0 0 18.4272 0.00729511 0.00199794
48 1 18.4272 0 0 0 0 18.4272 0.00741621 0.00214166
50 1 18.4272 0 0 0 0 18.4272 0.00758859 0.00202574
43 1 18.4272 0 0 0 0 18.4272 0.00744779 0.00207513
50 1 18.4272 0 0 0 0 18.4272 0.00739416 0.00198225
48 1 18.4272 0 0 0 0 18.4272 0.0072024 0.00195295
47 1 18.4272 0 0 0 0 18.4272 0.00737918 0.00200708
50 1 18.4272 0 0 0 0 18.4272 0.00723799 0.00197966
44 1 18.4272 0 0 0 0 18.4272 0.00778313 0.00230497
50 1 18.4272 0 0 0 0 18.4272 0.00749346 0.00223973
115 1 18.4272 0 0 0 0 18.4272 0.0070078 0.00225148
58 1 18.4272 0 0 0 0 18.4272 0.00742302 0.00200493
56 1 18.4272 0 0 0 0 18.4272 0.00730442 0.00193788
34 1 18.4272 0 0 0 0 18.4272 0.00789772 0.00251719
42 1 18.4272 0 0 0 0 18.4272 0.00820409 0.00280052
51 1 18.4272 0 0 0 0 18.4272 0.00743251 0.0019834
53 1 18.4272 0 0 0 0 18.4272 0.00722987 0.00195742
42 1 18.4272 0 0 0 0 18.4272 0.0074287 0.00200103
46 1 18.4272 0 0 0 0 18.4272 0.00735982 0.00205235
47 1 18.4272 0 0 0 0 18.4272 0.00741538 0.00204473
41 1 18.4272 0 0 0 0 18.4272 0.00753117 0.00224926
48 1 18.4272 0 0 0 0 18.4272 0.00720372 0.00197725
34 1 18.4272 0 0 0 0 18.4272 0.00738807 0.00201192
115 1 18.4272 0 0 0 0 18.4272 0.00560842 0.000907234
49 1 18.4272 0 0 0 0 18.4272 0.007325 0.00209
44 1 18.4272 0 0 0 0 18.4272 0.0075368 0.00221214
47 1 18.4272 0 0 0 0 18.4272 0.0071514 0.00194334
45 1 18.4272 0 0 0 0 18.4272 0.00742063 0.00202881
46 1 18.4272 0 0 0 0 18.4272 0.00729751 0.00206423
49 1 18.4272 0 0 0 0 18.4272 0.00748841 0.00222939
52 1 18.4272 0 0 0 0 18.4272 0.00744701 0.00204395
52 1 18.4272 0 0 0 0 18.4272 0.00736098 0.00191038
35 1 18.4272 0 0 0 0 18.4272 0.00685502 0.00181073
42 1 18.4272 0 0 0 0 18.4272 0.00772499 0.00228265
53 1 18.4272 0 0 0 0 18.4272 0.00759001 0.00234137
49 1 18.4272 0 0 0 0 18.4272 0.00669473 0.00142113
45 1 18.4272 0 0 0 0 18.4272 0.00738234 0.00199419
45 1 18.4272 0 0 0 0 18.4272 0.00763218 0.00224991
156 1 18.4272 0 0 0 0 18.4272 0.00679053 0.00214501
54 1 18.4272 0 0 0 0 18.4272 0.00756444 0.00219771
51 1 18.4272 0 0 0 0 18.4272 0.00724068 0.00197189
50 1 18.4272 0 0 0 0 18.4272 0.0076032 0.00219601
37 1 18.4272 0 0 0 0 18.4272 0.00760184 0.0022097
229 1 18.4272 0 0 0 0 18.4272 0.00634397 0.00199542
49 1 18.4272 0 0 0 0 18.4272 0.00760614 0.00219412
47 1 18.4272 0 0 0 0 18.4272 0.00748465 0.00219984
51 1 18.4272 0 0 0 0 18.4272 0.00718243 0.00190121
49 1 18.4272 0 0 0 0 18.4272 0.00765751 0.00221104
47 1 18.4272 0 0 0 0 18.4272 0.00738764 0.00212265
45 1 18.4272 0 0 0 0 18.4272 0.00751035 0.00218971
46 1 18.4272 0 0 0 0 18.4272 0.00758679 0.00224088
50 1 18.4272 0 0 0 0 18.4272 0.0067891 0.00155719
49 1 18.4272 0 0 0 0 18.4272 0.00775339 0.00228852
99 1 18.4272 0 0 0 0 18.4272 0.00528717 0.000664255
233 1 18.4272 0 0 0 0 18.4272 0.00647451 0.00203613
48 1 18.4272 0 0 0 0 18.4272 0.00763318 0.00222415
44 1 18.4272 0 0 0 0 18.4272 0.00726592 0.00203321
50 1 18.4272 0 0 0 0 18.4272 0.00732 0.00203278
45 1 18.4272 0 0 0 0 18.4272 0.00731721 0.00201681
57 1 18.4272 0 0 0 0 18.4272 0.00611691 0.000768179
39 1 18.4272 0 0 0 0 18.4272 0.00662766 0.00133528
53 1 18.4272 0 0 0 0 18.4272 0.00736912 0.00210508
49 1 18.4272 0 0 0 0 18.4272 0.00727136 0.00197768
46 1 18.4272 0 0 0 0 18.4272 0.00739172 0.00214574
49 1 18.4272 0 0 0 0 18.4272 0.00716884 0.00192559
127 1 18.4272 0 0 0 0 18.4272 0.0065888 0.00207141
50 1 18.4272 0 0 0 0 18.4272 0.00721705 0.00197269
50 1 18.4272 0 0 0 0 18.4272 0.00741147 0.00205226
52 1 18.4272 0 0 0 0 18.4272 0.00732753 0.00200073
50 1 18.4272 0 0 0 0 18.4272 0.00714768 0.0019129
72 1 18.4272 0 0 0 0 18.4272 0.00667101 0.00219082
46 1 18.4272 0 0 0 0 18.4272 0.00742824 0.00215048
51 1 18.4272 0 0 0 0 18.4272 0.00743671 0.00212995
47 1 18.4272 0 0 0 0 18.4272 0.00735975 0.00203661
53 1 18.4272 0 0 0 0 18.4272 0.00734432 0.00200064
44 1 18.4272 0 0 0 0 18.4272 0.00735 0.00198409
47 1 18.4272 0 0 0 0 18.4272 0.00719322 0.00194349
42 1 18.4272 0 0 0 0 18.4272 0.00779301 0.00241381
48 1 18.4272 0 0 0 0 18.4272 0.00712853 0.00191
46 1 18.4272 0 0 0 0 18.4272 0.00743525 0.0021419
44 1 18.4272 0 0 0 0 18.4272 0.00739 0.00217404
47 1 18.4272 0 0 0 0 18.4272 0.00738946 0.00212799
249 1 18.4272 0 0 0 0 18.4272 0.00491897 0.000528139
74 1 18.4272 0 0 0 0 18.4272 0.00579806 0.000675029
56 1 18.4272 0 0 0 0 18.4272 0.00791214 0.00262683
46 1 18.4272 0 0 0 0 18.4272 0.00706006 0.00192637
40 1 18.4272 0 0 0 0 18.4272 0.007301 0.00198237
45 1 18.4272 0 0 0 0 18.4272 0.00700731 0.00196861
139 1 18.4272 0 0 0 0 18.4272 0.00643872 0.00205916
50 1 18.4272 0 0 0 0 18.4272 0.00720689 0.00190739
51 1 18.4272 0 0 0 0 18.4272 0.00719159 0.0019497
49 1 18.4272 0 0 0 0 18.4272 0.00721303 0.00202952
40 1 18.4272 0 0 0 0 18.4272 0.00708524 0.00189933
85 1 18.4272 0 0 0 0 18.4272 0.00563471 0.000833922
43 1 18.4272 0 0 0 0 18.4272 0.0070653 0.00194849
108 1 18.4272 0 0 0 0 18.4272 0.00652913 0.00198409
50 1 18.4272 0 0 0 0 18.4272 0.00747409 0.0021889
53 1 18.4272 0 0 0 0 18.4272 0.00731133 0.00202471
53 1 18.4272 0 0 0 0 18.4272 0.0074477 0.00213665
50 1 18.4272 0 0 0 0 18.4272 0.00698452 0.00183805
47 1 18.4272 0 0 0 0 18.4272 0.00718632 0.00193993
28 1 18.4272 0 0 0 0 18.4272 0.00668492 0.00195265
