10 1 18.4272 0 0 0 0 18.4272 0.00579028 0.000336845
35 1 18.4272 0 0 0 0 18.4272 0.00654105 0.00171196
12 1 18.4272 0 0 0 0 18.4272 0.00783725 0.0023941
35 1 18.4272 0 0 0 0 18.4272 0.00723817 0.00203463
50 1 18.4272 0 0 0 0 18.4272 0.00490904 0.000453858
9 1 18.4272 0 0 0 0 18.4272 0.0075993 0.00207488
9 1 18.4272 0 0 0 0 18.4272 0.00788472 0.00235593
11 1 18.4272 0 0 0 0 18.4272 0.00736277 0.00197012
9 1 18.4272 0 0 0 0 18.4272 0.00779365 0.00200781
10 1 18.4272 0 0 0 0 18.4272 0.00802336 0.00207521
21 1 18.4272 0 0 0 0 18.4272 0.00739545 0.00198772
8 1 18.4272 0 0 0 0 18.4272 0.00868746 0.00263932
50 1 18.4272 0 0 0 0 18.4272 0.00576511 0.00133885
13 1 18.4272 0 0 0 0 18.4272 0.00713194 0.00206165
12 1 18.4272 0 0 0 0 18.4272 0.00751271 0.00203166
11 1 18.4272 0 0 0 0 18.4272 0.00772055 0.0020337
10 1 18.4272 0 0 0 0 18.4272 0.00758681 0.00210506
11 1 18.4272 0 0 0 0 18.4272 0.00732229 0.00198477
11 1 18.4272 0 0 0 0 18.4272 0.00770983 0.00226046
11 1 18.4272 0 0 0 0 18.4272 0.00726784 0.001979
10 1 18.4272 0 0 0 0 18.4272 0.0072422 0.00203896
11 1 18.4272 0 0 0 0 18.4272 0.00784751 0.00219349
13 1 18.4272 0 0 0 0 18.4272 0.00740334 0.00215125
10 1 18.4272 0 0 0 0 18.4272 0.00649387 0.00123415
12 1 18.4272 0 0 0 0 18.4272 0.00748779 0.00194609
8 1 18.4272 0 0 0 0 18.4272 0.00754035 0.0019746
12 1 18.4272 0 0 0 0 18.4272 0.00726168 0.0019654
12 1 18.4272 0 0 0 0 18.4272 0.00658487 0.0020331
10 1 18.4272 0 0 0 0 18.4272 0.00720629 0.00200122
11 1 18.4272 0 0 0 0 18.4272 0.00764509 0.00202819
10 1 18.4272 0 0 0 0 18.4272 0.00750818 0.00198472
32 1 18.4272 0 0 0 0 18.4272 0.00593895 0.00149896
8 1 18.4272 0 0 0 0 18.4272 0.00759898 0.00222803
12 1 18.4272 0 0 0 0 18.4272 0.00766069 0.00213893
9 1 18.4272 0 0 0 0 18.4272 0.00776132 0.00203637
12 1 18.4272 0 0 0 0 18.4272 0.00734242 0.00218616
11 1 18.4272 0 0 0 0 18.4272 0.00725365 0.00202672
11 1 18.4272 0 0 0 0 18.4272 0.00744536 0.00198677
17 1 18.4272 0 0 0 0 18.4272 0.00598359 0.000672863
18 1 18.4272 0 0 0 0 18.4272 0.00686142 0.00207913
13 1 18.4272 0 0 0 0 18.4272 0.00770585 0.00213641
12 1 18.4272 0 0 0 0 18.4272 0.00760935 0.0022138
12 1 18.4272 0 0 0 0 18.4272 0.0065752 0.00117273
9 1 18.4272 0 0 0 0 18.4272 0.00717665 0.00195759
11 1 18.4272 0 0 0 0 18.4272 0.00746794 0.00201215
10 1 18.4272 0 0 0 0 18.4272 0.00718494 0.00191995
11 1 18.4272 0 0 0 0 18.4272 0.00753113 0.00199622
51 1 18.4272 0 0 0 0 18.4272 0.00513464 0.000509437
56 1 18.4272 0 0 0 0 18.4272 0.00519086 0.000758941
54 1 18.4272 0 0 0 0 18.4272 0.00504913 0.000542575
56 1 18.4272 0 0 0 0 18.4272 0.00488501 0.000559984
36 1 18.4272 0 0 0 0 18.4272 0.00523096 0.000780516
52 1 18.4272 0 0 0 0 18.4272 0.00496996 0.000519091
55 1 18.4272 0 0 0 0 18.4272 0.00487625 0.00054505
55 1 18.4272 0 0 0 0 18.4272 0.00478185 0.000460496
51 1 18.4272 0 0 0 0 18.4272 0.00500224 0.000541844
21 1 18.4272 0 0 0 0 18.4272 0.00532747 0.000468247
13 1 18.4272 0 0 0 0 18.4272 0.00755161 0.00200064
11 1 18.4272 0 0 0 0 18.4272 0.00637041 0.000968852
55 1 18.4272 0 0 0 0 18.4272 0.00488776 0.000475345
56 1 18.4272 0 0 0 0 18.4272 0.00487369 0.000616623
58 1 18.4272 0 0 0 0 18.4272 0.00500232 0.000522372
48 1 18.4272 0 0 0 0 18.4272 0.00473624 0.000450711
51 1 18.4272 0 0 0 0 18.4272 0.00487852 0.000457419
52 1 18.4272 0 0 0 0 18.4272 0.00488268 0.000438695
52 1 18.4272 0 0 0 0 18.4272 0.00477182 0.000454858
50 1 18.4272 0 0 0 0 18.4272 0.00479737 0.000502792
52 1 18.4272 0 0 0 0 18.4272 0.00514095 0.0005581
57 1 18.4272 0 0 0 0 18.4272 0.00507321 0.000521211
49 1 18.4272 0 0 0 0 18.4272 0.00488992 0.000473877
28 1 18.4272 0 0 0 0 18.4272 0.0049941 0.000453074
53 1 18.4272 0 0 0 0 18.4272 0.00499562 0.000504332
55 1 18.4272 0 0 0 0 18.4272 0.00492202 0.000545461
49 1 18.4272 0 0 0 0 18.4272 0.00506078 0.000657402
55 1 18.4272 0 0 0 0 18.4272 0.00481851 0.000469005
51 1 18.4272 0 0 0 0 18.4272 0.00516262 0.000581215
39 1 18.4272 0 0 0 0 18.4272 0.0056399 0.00103652
11 1 18.4272 0 0 0 0 18.4272 0.00745798 0.0019621
9 1 18.4272 0 0 0 0 18.4272 0.00732845 0.00202047
10 1 18.4272 0 0 0 0 18.4272 0.00729295 0.0019351
9 1 18.4272 0 0 0 0 18.4272 0.00802333 0.00197991
10 1 18.4272 0 0 0 0 18.4272 0.00745815 0.00190569
9 1 18.4272 0 0 0 0 18.4272 0.00754873 0.00216024
11 1 18.4272 0 0 0 0 18.4272 0.00742627 0.00206883
10 1 18.4272 0 0 0 0 18.4272 0.00756476 0.00197538
10 1 18.4272 0 0 0 0 18.4272 0.00751182 0.00193002
12 1 18.4272 0 0 0 0 18.4272 0.00782061 0.00199282
22 1 18.4272 0 0 0 0 18.4272 0.00613755 0.000766677
14 1 18.4272 0 0 0 0 18.4272 0.00668256 0.00121407
13 1 18.4272 0 0 0 0 18.4272 0.00742056 0.00193673
11 1 18.4272 0 0 0 0 18.4272 0.00612679 0.000560522
9 1 18.4272 0 0 0 0 18.4272 0.00763371 0.00196313
9 1 18.4272 0 0 0 0 18.4272 0.00760968 0.00222028
11 1 18.4272 0 0 0 0 18.4272 0.00774678 0.00222677
12 1 18.4272 0 0 0 0 18.4272 0.0074286 0.00200973
10 1 18.4272 0 0 0 0 18.4272 0.00760643 0.00198809
11 1 18.4272 0 0 0 0 18.4272 0.00747944 0.00195604
10 1 18.4272 0 0 0 0 18.4272 0.00777977 0.00201925
14 1 18.4272 0 0 0 0 18.4272 0.00581001 0.000796355
12 1 18.4272 0 0 0 0 18.4272 0.00744467 0.0019657
10 1 18.4272 0 0 0 0 18.4272 0.00788755 0.00200583
18 1 18.4272 0 0 0 0 18.4272 0.00655304 0.00201613
13 1 18.4272 0 0 0 0 18.4272 0.0071592 0.00194128
9 1 18.4272 0 0 0 0 18.4272 0.0077067 0.00214041
15 1 18.4272 0 0 0 0 18.4272 0.00662694 0.00220654
11 1 18.4272 0 0 0 0 18.4272 0.00802502 0.00229292
7 1 18.4272 0 0 0 0 18.4272 0.00741615 0.00199429
11 1 18.4272 0 0 0 0 18.4272 0.00820171 0.00226794
11 1 18.4272 0 0 0 0 18.4272 0.00773388 0.00200633
19 1 18.4272 0 0 0 0 18.4272 0.00578209 0.000662173
9 1 18.4272 0 0 0 0 18.4272 0.00797758 0.00224291
13 1 18.4272 0 0 0 0 18.4272 0.00756679 0.00203357
10 1 18.4272 0 0 0 0 18.4272 0.00756027 0.00216209
18 1 18.4272 0 0 0 0 18.4272 0.00561249 0.000554681
11 1 18.4272 0 0 0 0 18.4272 0.00744909 0.00201432
8 1 18.4272 0 0 0 0 18.4272 0.00784431 0.00221792
11 1 18.4272 0 0 0 0 18.4272 0.00772553 0.00201967
13 1 18.4272 0 0 0 0 18.4272 0.00610002 0.0011465
10 1 18.4272 0 0 0 0 18.4272 0.00768337 0.00222295
9 1 18.4272 0 0 0 0 18.4272 0.00783086 0.002149
11 1 18.4272 0 0 0 0 18.4272 0.00737623 0.00199687
12 1 18.4272 0 0 0 0 18.4272 0.00760426 0.00200568
14 1 18.4272 0 0 0 0 18.4272 0.00754007 0.00197533
10 1 18.4272 0 0 0 0 18.4272 0.0076355 0.00203958
11 1 18.4272 0 0 0 0 18.4272 0.0072928 0.00192046
12 1 18.4272 0 0 0 0 18.4272 0.00733068 0.00200494
11 1 18.4272 0 0 0 0 18.4272 0.00784009 0.00217927
13 1 18.4272 0 0 0 0 18.4272 0.00816891 0.00202466
33 1 18.4272 0 0 0 0 18.4272 0.00620172 0.00168517
12 1 18.4272 0 0 0 0 18.4272 0.0078704 0.0019575
12 1 18.4272 0 0 0 0 18.4272 0.00737729 0.00194863
12 1 18.4272 0 0 0 0 18.4272 0.00743778 0.00195611
12 1 18.4272 0 0 0 0 18.4272 0.00737564 0.00205322
9 1 18.4272 0 0 0 0 18.4272 0.00759241 0.00224727
12 1 18.4272 0 0 0 0 18.4272 0.00748036 0.00198236
11 1 18.4272 0 0 0 0 18.4272 0.00787948 0.00232941
13 1 18.4272 0 0 0 0 18.4272 0.00714724 0.00197319
9 1 18.4272 0 0 0 0 18.4272 0.00764907 0.00224823
9 1 18.4272 0 0 0 0 18.4272 0.00632751 0.00126341
32 1 18.4272 0 0 0 0 18.4272 0.00508014 0.00050442
12 1 18.4272 0 0 0 0 18.4272 0.007862 0.00203506
10 1 18.4272 0 0 0 0 18.4272 0.00742545 0.00201798
10 1 18.4272 0 0 0 0 18.4272 0.0079163 0.00220072
12 1 18.4272 0 0 0 0 18.4272 0.00740503 0.00206791
10 1 18.4272 0 0 0 0 18.4272 0.00732075 0.00251223
8 1 18.4272 0 0 0 0 18.4272 0.00781143 0.00220782
8 1 18.4272 0 0 0 0 18.4272 0.00787837 0.00226739
12 1 18.4272 0 0 0 0 18.4272 0.00726781 0.00197944
10 1 18.4272 0 0 0 0 18.4272 0.00705117 0.00218236
11 1 18.4272 0 0 0 0 18.4272 0.00739459 0.00201295
12 1 18.4272 0 0 0 0 18.4272 0.00825966 0.00289711
11 1 18.4272 0 0 0 0 18.4272 0.0079868 0.00240261
12 1 18.4272 0 0 0 0 18.4272 0.00760379 0.00194839
11 1 18.4272 0 0 0 0 18.4272 0.00726633 0.00200196
12 1 18.4272 0 0 0 0 18.4272 0.00738352 0.00197674
11 1 18.4272 0 0 0 0 18.4272 0.0072571 0.00191305
9 1 18.4272 0 0 0 0 18.4272 0.00764741 0.00222306
10 1 18.4272 0 0 0 0 18.4272 0.00774351 0.00219687
