-6.6731 -5.10587
12.3921 3.13188
10.7329 -1.38066
-5.68204 -7.19336
5.75164 -4.29785
2.20938 -5.2104
-4.19134 4.55202
0.754038 6.64337
-3.27537 2.11155
9.40226 0.633437
-1.76288 -2.13535
-1.45425 -1.00961
-9.29491 6.59524
4.472 -6.06858
10.0819 -3.771
-5.91913 3.30384
-3.85812 -0.806381
7.1055 -0.143291
-11.2109 5.36929
1.79748 3.90279
10.2128 -3.60317
-4.55938 5.20697
11.9905 -5.17091
-6.37341 -2.04494
4.87321 6.51378
-6.0234 -6.41592
7.5108 5.95352
-10.6991 -2.76067
9.40762 0.0718879
1.63165 5.85623
-8.63677 -4.32524
12.3902 -6.58602
-4.87866 -3.68923
12.1 -5.05883
-10.6513 -6.36303
-8.78984 -0.385854
8.71647 2.40134
-10.0153 -3.61874
-10.6468 -6.86162
-4.15939 -3.58323
-12.0587 -7.18812
-0.0530414 -0.529871
-4.36868 5.78322
-4.02144 0.015044
-8.75069 5.60805
-10.1501 -3.36187
4.31385 -3.89438
-1.78192 3.85631
-4.54153 -3.09145
-4.3916 -4.10669
-1.14481 2.44102
5.41291 -6.09711
3.66441 6.34362
-9.25442 6.73156
-12.1236 0.381155
1.36029 2.27101
9.3916 -1.84845
0.62723 4.96603
5.17868 6.79489
12.497 -2.26489
-4.52035 -2.77394
8.44892 -4.44602
-4.0062 -5.08121
4.94228 5.99126
6.65281 1.8998
11.3758 -5.55747
5.32521 -4.92621
12.4962 -6.08093
6.45886 -3.69859
-7.70937 -4.88313
-0.910867 -4.20674
-9.61244 -0.235119
-10.0321 -7.44964
-8.59382 -5.5734
9.04228 1.81948
-12.3985 3.69467
3.03253 4.41718
1.84042 2.23514
-1.75889 1.72205
9.55984 1.93213
-2.214 -6.04781
4.61003 5.6092
-7.26924 -1.89443
-6.43434 5.27137
4.4554 -1.66974
10.9834 4.42098
-2.37801 -5.3548
-12.478 -3.43964
7.16068 5.48774
-11.416 -2.74923
-5.62853 6.67968
1.49264 3.27615
-1.66882 -4.95874
0.229352 -7.15591
10.188 -0.279748
-7.19196 0.641428
0.650465 -6.32072
-2.88008 -0.183985
-5.47105 -4.37809
-4.81131 2.94118
0.138598 0.684007
-3.31659 -0.790677
10.8339 4.61011
10.2843 -0.758399
5.09493 -6.37456
4.69962 5.81774
-4.43189 2.68089
-3.35782 3.97272
-1.02837 -2.36114
-7.90671 -2.78083
-3.8057 -1.77243
8.86197 2.8668
10.241 5.51168
9.03907 -7.49833
2.08311 2.13746
-5.28861 6.24787
-7.60022 -2.3552
7.97136 2.40456
5.2583 -0.268408
-1.2904 -0.148167
-2.76058 3.05814
3.56799 4.96783
-1.45888 -3.5258
3.85201 -5.76877
-10.9908 -4.46378
9.24464 -6.76138
-6.94652 6.13998
4.28317 0.539303
3.63298 0.695316
7.04252 0.334155
5.96377 -4.1538
-3.52893 -3.67789
-4.28512 5.65068
-10.8037 5.39106
-0.0274649 7.27839
4.12722 -4.23134
-0.254436 6.37397
3.31812 7.14555
0.547807 -3.09446
10.3287 -5.52692
-2.902 -4.4245
-6.90832 0.713592
-7.7381 -4.47352
11.6472 4.26699
-5.8983 -6.41635
-7.87231 -3.84522
8.84038 1.07153
-3.67296 5.8348
10.3577 0.918912
-4.28626 -1.61382
9.19332 -5.90415
7.6687 -4.65079
10.5685 3.29771
7.58736 4.84509
-1.54696 7.24186
9.65665 -3.53124
5.65961 7.16291
-6.13743 4.12543
-4.39964 -3.57452
-1.35964 2.18171
0.424623 6.73793
-1.61509 -0.397259
8.67528 -3.02152
-7.20948 -0.218696
-10.183 -7.30147
-11.5225 5.15479
4.42051 -5.68722
-10.3217 -2.77837
-5.89216 2.82492
3.27521 -7.19045
8.58317 5.71868
-7.39623 -1.06575
-8.77984 -4.02476
-4.28525 -0.361483
-3.90738 -3.53868
1.89214 -0.837556
-7.54485 -2.48563
9.29344 -1.83147
-4.5877 2.97882
-6.34506 1.62701
1.59204 -1.54742
10.2319 0.598518
-11.5624 -2.29166
-6.84419 -5.4742
5.32712 -2.5356
0.0542997 6.43041
-4.17734 0.555985
-1.68388 3.23022
-8.97433 5.7792
2.90225 -3.90731
1.49399 -3.06895
0.214854 -0.114878
4.28071 3.06023
6.61431 2.45415
-2.5241 -0.191778
-1.23281 -5.1828
-11.8479 6.19246
8.34498 -4.1905
-7.10571 -7.48959
7.58878 -1.33622
-3.80367 -2.60155
-8.14708 -3.55062
-9.9611 -2.2144
-1.407 -4.44142
-2.74753 -6.66843
-4.79141 0.913412
-11.8187 -3.99924
12.3967 0.912239
2.37286 0.118304
-3.83437 -1.03481
-5.34408 -1.39859
-2.11795 5.88384
10.5608 7.48152
4.97759 -5.34064
0.582473 -6.0112
-3.72288 -5.94528
-10.3168 -1.37174
7.28964 -0.308601
3.84961 2.40768
-0.469597 -2.27326
8.53715 5.54558
6.73736 2.50627
0.73969 3.33068
8.71242 -3.48875
6.78113 -7.17902
7.48487 -6.02532
4.49857 2.36137
11.0675 4.9681
7.6021 -5.71357
11.9515 4.47808
-4.89556 2.1373
-8.99825 4.00961
11.5068 -7.19183
-11.9391 7.48797
-1.28219 -7.16627
-1.5306 5.40673
3.63204 -6.9562
-7.02698 6.00461
10.6065 -6.08427
0.646459 0.062578
8.64715 0.874192
-7.94752 5.67834
-8.91931 4.52765
4.6246 4.13502
-6.286 -2.41642
3.4912 -1.09774
-4.83838 1.14012
