266 49 30.2014 30.559 31.3431 31.7007 32.1211 31.1851 0.0254796 0.000341432
295 44 36.8837 38.714 39.4157 40.4821 43.7328 39.8456 0.0116774 0.00022008
201 6 32.8641 34.0727 34.3852 54.506 0 38.957 0.0101725 0.000218855
243 0 0 0 0 0 0 -1 0.00688592 0.000315292
384 100 29.8055 30.5742 31.2208 31.3126 31.5943 30.9015 0.0295774 0.000237229
325 13 33.9206 34.0705 48.5041 49.3832 51.5561 43.4869 0.00904518 0.000142652
238 15 40.9612 41.9843 42.0003 43.31 43.6313 42.3774 0.0123106 0.000321649
686 100 29.8768 30.1289 30.6898 30.7315 31.1598 30.5174 0.0260162 0.000264383
291 0 0 0 0 0 0 -1 0.00669018 0.000257024
345 6 30.9521 32.6412 0 0 0 31.7967 0.0111815 0.000250379
188 45 46.1535 47.0126 47.0235 47.6614 47.675 47.1052 0.0212041 0.000293443
363 100 31.6405 31.7035 32.5121 32.5751 33.464 32.379 0.0308484 0.000247016
375 100 30.7464 31.2393 31.6506 31.7991 32.1975 31.5266 0.0189929 0.000238703
205 45 32.8279 34.3825 35.7657 35.8561 38.5005 35.4665 0.0189801 0.000322198
379 42 32.8545 33.4051 34.0107 34.3558 34.4109 33.8074 0.0129731 0.000196076
344 0 0 0 0 0 0 -1 0.00667992 0.000272081
336 0 0 0 0 0 0 -1 0.00969568 0.000326353
476 100 28.0081 28.4043 29.3869 29.9985 30.6723 29.294 0.0318699 0.000309353
390 42 32.1804 32.4984 32.81 33.312 33.6077 32.8817 0.0153339 0.000259608
217 45 30.9431 31.1513 31.233 31.2492 35.0974 31.9348 0.0179824 0.00032785
312 14 31.5114 33.8955 47.3898 49.3529 49.7556 42.3811 0.0101238 0.000321961
304 100 34.5658 34.8978 35.0722 35.0839 35.2583 34.9756 0.0326593 0.000313552
301 4 35.8284 43.9432 49.9437 0 0 43.2384 0.00782484 0.000261202
191 0 0 0 0 0 0 -1 0.00662063 0.000327184
297 37 31.5855 32.1955 32.2225 32.7073 33.3054 32.4032 0.0200357 0.000292938
983 100 30.0868 30.1744 30.6092 31.3386 31.8392 30.8096 0.0212866 0.000237014
275 8 57.3376 57.9508 57.9766 58.5898 59.405 58.2519 0.0124862 0.000301876
372 0 0 0 0 0 0 -1 0.00651469 0.000333765
376 100 29.3477 30.2802 31.18 32.1553 32.5006 31.0928 0.0375189 0.000314725
258 0 0 0 0 0 0 -1 0.00660477 0.000305798
459 100 30.0175 30.1322 31.132 31.7496 32.9683 31.1999 0.0366032 0.000278903
292 0 0 0 0 0 0 -1 0.00686032 0.000275466
336 100 28.0379 28.7371 29.1598 29.8043 29.859 29.1196 0.0240873 0.000321193
199 0 0 0 0 0 0 -1 0.00690074 0.000378068
305 100 29.5252 30.1362 31.2424 31.2429 31.5114 30.7316 0.0302956 0.000318672
460 56 56.013 56.0829 56.2344 56.3043 56.8628 56.2995 0.0226572 0.000209387
415 100 29.2722 29.4254 29.8818 29.9707 30.1241 29.7348 0.0199299 0.00032865
582 41 30.0876 31.0195 31.0898 32.0273 32.5787 31.3606 0.0123598 0.00024926
339 100 30.5537 31.7114 32.255 33.3084 34.563 32.4783 0.0360907 0.000258814
271 17 30.0939 32.5781 33.3555 36.4046 41.7088 34.8282 0.0118644 0.000243302
244 0 0 0 0 0 0 -1 0.00782764 0.000328904
300 0 0 0 0 0 0 -1 0.00981949 0.000340377
329 100 29.9779 31.0192 31.7779 32.3051 32.3908 31.4942 0.026147 0.000294381
305 0 0 0 0 0 0 -1 0.00675896 0.00033599
295 100 28.527 29.1307 29.5619 31.5587 31.6385 30.0834 0.029957 0.000327658
366 25 32.5989 32.8657 33.3267 35.2116 35.4872 33.898 0.0131593 0.000331493
260 0 0 0 0 0 0 -1 0.00665707 0.000317285
856 100 30.1249 30.5804 31.1887 31.2419 31.8556 30.9983 0.0287461 0.000311199
322 78 28.7366 29.8589 29.9435 31.0658 31.8167 30.2843 0.0253907 0.000204289
216 0 0 0 0 0 0 -1 0.00676294 0.000332588
338 100 30.2545 31.5943 32.1573 33.497 34.1107 32.3228 0.0363545 0.000317556
279 0 0 0 0 0 0 -1 0.00677368 0.000267661
934 100 30.7309 31.5256 31.9707 32.1824 32.9156 31.865 0.031861 0.000331217
294 0 0 0 0 0 0 -1 0.00667103 0.000252313
335 100 30.575 32.1307 34.0073 35.5549 35.9128 33.6362 0.0343732 0.000328839
270 6 29.6135 30.9529 31.5155 0 0 30.6939 0.00786552 0.000244593
234 7 30.7314 33.4685 39.3427 45.3441 0 37.2217 0.00901928 0.000250663
227 21 28.3567 29.3786 32.5818 32.9779 33.6814 31.3953 0.0142964 0.000307193
394 100 29.2601 29.7854 30.0912 30.7688 31.0495 30.191 0.0237327 0.000326633
388 100 29.9498 30.0717 30.3168 30.4069 30.9836 30.3458 0.0351567 0.000174467
170 0 0 0 0 0 0 -1 0.00686993 0.000270941
346 100 30.7374 30.7377 30.9913 31.1516 32.1917 31.1619 0.0306765 0.000329719
654 100 29.4237 29.8695 30.1431 30.2378 30.5981 30.0544 0.0313227 0.000162961
248 24 54.7307 54.9111 55.0001 55.1804 55.7896 55.1224 0.0150817 0.000316164
380 100 31.6264 32.9206 33.5384 34.4509 35.9015 33.6875 0.0243277 0.00039
249 51 28.3561 29.3854 30.0896 31.1188 31.6124 30.1125 0.0144639 0.000319529
195 10 44.4457 44.618 45.4756 45.6544 47.6676 45.5723 0.012116 0.000263123
553 100 28.3603 31.273 31.674 31.6796 32.0806 31.0135 0.0172654 0.000243147
882 100 28.7552 29.8643 30.2045 30.6623 31.6709 30.2315 0.0221018 0.000217838
273 26 34.7656 36.1114 39.9025 41.9303 49.9296 40.5279 0.0177575 0.000316417
239 4 33.1658 34.2253 36.3988 0 0 34.5967 0.00919666 0.000272482
268 32 30.0401 30.1327 31.0232 31.1196 31.6828 30.7997 0.0152246 0.000284507
258 0 0 0 0 0 0 -1 0.00642466 0.000257443
284 83 28.7371 28.8208 30.0107 30.333 30.4169 29.6637 0.0337354 0.000243946
193 0 0 0 0 0 0 -1 0.00693881 0.00022021
328 0 0 0 0 0 0 -1 0.00966411 0.00031093
692 100 29.9875 31.058 31.5156 31.6745 32.1685 31.2808 0.0300027 0.0003095
208 34 34.4628 34.9656 35.4342 37.132 37.8502 35.969 0.0177224 0.000349302
312 16 33.3529 34.2309 35.1534 36.0518 47.1495 37.1877 0.0114034 0.000233721
170 0 0 0 0 0 0 -1 0.00661341 0.000312142
350 59 31.5668 33.5386 33.9199 35.8917 36.2713 34.2377 0.0278209 0.00031871
360 41 32.0106 34.0109 34.0366 34.0595 34.2202 33.6675 0.0169972 0.000254095
383 100 29.6096 30.9522 31.5188 31.5774 32.1808 31.1677 0.0303818 0.000320684
218 11 31.6262 34.0285 42.8049 45.8494 48.5131 40.5644 0.0101495 0.000352091
250 100 30.9555 31.5097 31.599 32.8457 32.9224 31.9665 0.0243505 0.000339106
458 100 32.9994 33.5587 34.2723 34.8669 36.0865 34.3568 0.0293309 0.000264996
504 100 31.9978 32.1819 34.379 34.6819 35.1928 33.6867 0.0284443 0.000296932
204 0 0 0 0 0 0 -1 0.00650467 0.000158261
390 100 29.6834 30.2506 30.8643 31.1664 31.1866 30.6303 0.0322273 0.00026194
428 0 0 0 0 0 0 -1 0.00732134 0.000244707
815 100 29.1796 30.1874 31.0012 31.1463 31.364 30.5757 0.0295882 0.000330366
313 100 33.3051 34.3793 35.4319 35.8551 39.8589 35.7661 0.0290109 0.000236738
289 100 29.2633 29.6093 29.9584 30.9531 30.9814 30.1531 0.024542 0.000327659
334 0 0 0 0 0 0 -1 0.00662241 0.000249784
364 0 0 0 0 0 0 -1 0.0116452 0.000329148
411 100 29.2592 30.0382 31.1197 32.1689 32.2396 30.9651 0.029169 0.000160437
452 96 32.0996 32.2446 32.6939 33.1082 33.1644 32.6621 0.0295571 0.000137572
810 100 30.5242 31.9655 32.5381 34.5379 34.7012 32.8534 0.0294319 0.000122422
