162 4 33.1255 37.7063 39.2494 0 0 36.6938 0.00711635 0.000276993
176 0 33.1221 37.7064 39.2569 0 0 36.6952 0.0081341 0.00392895
243 30 32.6994 32.9218 33.1221 33.4813 35.8783 33.6206 0.0254602 0.00604924
718 100 31.3006 31.5506 31.9948 32.7458 32.7964 32.0777 0.0400102 0.0069278
516 100 30.9756 31.1641 31.2409 31.5115 31.7389 31.3262 0.0390636 0.0152095
653 100 29.4687 29.881 30.9756 31.1513 31.162 30.5277 0.0309045 0.010555
724 100 29.2731 29.4249 29.8721 30.2773 30.9756 29.9646 0.0451355 0.0188511
606 100 29.2737 29.4249 29.8721 30.2763 30.9756 29.9645 0.0501698 0.0209767
733 100 29.2737 29.4249 29.8721 30.2763 30.9756 29.9645 0.0399181 0.0134428
678 100 29.2737 29.4249 29.8721 30.2763 30.9756 29.9645 0.0309299 0.00653726
297 2 29.2737 29.4249 29.8721 30.2763 30.381 29.8456 0.0159981 0.0108203
644 100 29.2737 29.4249 29.8721 30.2763 30.3788 29.8452 0.0410656 0.0105227
429 10 29.2737 29.4249 29.8721 30.2763 30.3788 29.8452 0.0128907 0.00638774
725 100 29.2737 29.4249 29.8721 30.2763 30.3788 29.8452 0.0442494 0.0207189
609 100 29.2737 29.4249 29.8721 30.2763 30.3788 29.8452 0.0514651 0.0223831
418 42 29.2737 29.4249 29.8721 30.2763 30.3788 29.8452 0.0306998 0.0124335
619 100 29.2737 29.4249 29.8721 30.2763 30.3788 29.8452 0.0550258 0.0220813
719 100 28.7446 29.2737 29.4249 29.796 29.8721 29.4223 0.0376507 0.0135303
810 100 28.7371 29.2737 29.4249 29.805 29.8721 29.4226 0.0316879 0.0117878
318 0 28.7371 29.2737 29.4249 29.805 29.8721 29.4226 0.0270121 0.0227856
631 100 28.7371 29.2737 29.4249 29.805 29.8721 29.4226 0.0413737 0.0089151
722 100 28.7371 29.2737 29.4249 29.805 29.8721 29.4226 0.0557803 0.0223701
678 100 28.7371 29.2737 29.4249 29.805 29.8721 29.4226 0.0382245 0.0142127
357 40 28.7371 29.2737 29.4249 29.805 29.8721 29.4226 0.0380317 0.0262973
589 100 28.7371 29.2737 29.4249 29.805 29.8721 29.4226 0.0338601 0.0128205
646 100 28.7371 29.2737 29.4249 29.6136 29.805 29.3709 0.0332813 0.0123838
553 100 28.7371 29.2737 29.4249 29.6137 29.805 29.3709 0.0568158 0.0318507
639 100 28.5275 28.7371 29.2737 29.4249 29.6137 29.1154 0.05845 0.0228129
717 100 28.294 28.7371 29.2737 29.4249 29.6137 29.0687 0.0353152 0.009635
731 100 28.294 28.3567 28.4612 28.7371 29.2737 28.6245 0.0271461 0.00742323
750 100 28.294 28.3562 28.4608 28.7371 29.2737 28.6244 0.0504551 0.0224793
344 96 28.294 28.3562 28.4608 28.7371 29.2737 28.6244 0.0518339 0.0162367
597 100 28.294 28.3562 28.4608 28.7371 29.2737 28.6244 0.0367541 0.0116563
741 100 28.294 28.3562 28.4608 28.7371 29.2737 28.6244 0.0320697 0.0114538
821 100 28.294 28.3562 28.4608 28.7371 29.2737 28.6244 0.0435083 0.0219369
565 100 28.294 28.3562 28.4608 28.7371 29.2737 28.6244 0.0538058 0.0240285
712 100 28.294 28.3562 28.4608 28.7371 29.2737 28.6244 0.0511015 0.0171557
783 100 28.294 28.3562 28.4608 28.7371 29.2737 28.6244 0.027206 0.0136794
613 100 28.294 28.3562 28.4608 28.7371 29.2737 28.6244 0.0317549 0.00728428
718 100 28.294 28.3562 28.4608 28.7371 29.2737 28.6244 0.0513283 0.0220917
631 100 28.294 28.3562 28.4608 28.7371 29.2737 28.6244 0.0426994 0.0182496
787 100 28.294 28.3562 28.4608 28.7371 29.2737 28.6244 0.0294478 0.0115214
692 100 28.294 28.3562 28.4608 28.7371 29.2737 28.6244 0.0491209 0.0230386
608 100 28.294 28.3562 28.4608 28.7371 29.2737 28.6244 0.0531015 0.0162902
574 100 28.294 28.3562 28.4608 28.7371 29.2737 28.6244 0.0410769 0.00822737
646 100 28.294 28.3562 28.4608 28.7371 29.2737 28.6244 0.031455 0.00839489
598 100 28.294 28.3562 28.4608 28.7371 29.2737 28.6244 0.0483283 0.00806666
492 100 28.294 28.3562 28.4608 28.7371 29.2737 28.6244 0.0290789 0.00735154
603 100 28.294 28.3562 28.4608 28.7371 28.8421 28.538 0.0339632 0.00748044
779 100 27.9589 28.294 28.3562 28.4608 28.7371 28.3614 0.0488122 0.00734856
768 100 27.9589 28.294 28.3562 28.4608 28.7371 28.3614 0.0500968 0.0225494
677 1 27.9589 28.294 28.3562 28.4608 28.7371 28.3614 0.0122471 0.00777941
618 100 27.9589 28.294 28.3562 28.4608 28.7371 28.3614 0.0402563 0.0116081
670 100 27.9589 28.294 28.3562 28.4608 28.7371 28.3614 0.0711855 0.0296977
612 100 27.9589 28.294 28.3562 28.4608 28.7371 28.3614 0.0402138 0.016129
643 100 27.9589 28.294 28.3562 28.4608 28.7371 28.3614 0.0441632 0.0240008
347 74 27.9589 28.294 28.3562 28.4608 28.7371 28.3614 0.0511111 0.0239635
675 100 27.9589 28.294 28.3562 28.4608 28.7371 28.3614 0.0474606 0.016893
834 100 27.9589 28.294 28.3562 28.4608 28.7371 28.3614 0.0343809 0.0117367
760 100 27.9589 28.294 28.3562 28.4608 28.7371 28.3614 0.0487361 0.0234497
346 19 27.9589 28.294 28.3562 28.4608 28.7371 28.3614 0.0285435 0.0197614
583 100 27.9589 28.294 28.3562 28.4608 28.7371 28.3614 0.050692 0.0228337
754 100 27.9589 28.294 28.3562 28.4608 28.7371 28.3614 0.0461212 0.0173931
519 100 27.9589 28.294 28.3562 28.4608 28.7371 28.3614 0.0492053 0.016197
627 100 27.9589 28.294 28.3562 28.4608 28.7371 28.3614 0.0357061 0.0149702
823 100 27.9589 28.294 28.3562 28.4608 28.7371 28.3614 0.0425205 0.0159672
782 100 27.9589 28.294 28.3562 28.4608 28.7371 28.3614 0.0381991 0.0116685
626 100 27.9589 28.294 28.3562 28.4608 28.7371 28.3614 0.0399502 0.0116947
646 100 27.9589 28.294 28.3562 28.4608 28.7371 28.3614 0.0484436 0.0243619
655 100 27.9589 28.294 28.3562 28.4608 28.7371 28.3614 0.0334581 0.0123657
542 100 27.9589 28.294 28.3562 28.4608 28.7371 28.3614 0.039358 0.0122002
659 100 27.9589 28.294 28.3562 28.4608 28.7371 28.3614 0.0367865 0.0137767
599 100 27.9589 28.294 28.3562 28.4608 28.7371 28.3614 0.0401305 0.0121845
739 100 27.9589 28.294 28.3562 28.4608 28.7371 28.3614 0.0452319 0.0156869
567 100 27.9589 28.294 28.3562 28.4608 28.7371 28.3614 0.0374415 0.0116539
729 100 27.9589 28.294 28.3562 28.4608 28.7371 28.3614 0.054502 0.0235436
613 100 27.9589 28.294 28.3562 28.4608 28.7371 28.3614 0.0350424 0.0120013
258 12 27.9589 28.294 28.3562 28.4608 28.7371 28.3614 0.0229395 0.0146506
833 100 27.9589 28.294 28.3562 28.4608 28.7371 28.3614 0.0563502 0.0226525
615 100 27.9589 28.294 28.3562 28.4608 28.7371 28.3614 0.0417926 0.0138934
366 65 27.9589 28.294 28.3562 28.4608 28.7371 28.3614 0.0425729 0.0166339
553 100 27.9589 28.294 28.3562 28.4608 28.7371 28.3614 0.0505104 0.0233548
472 100 27.9589 28.294 28.3562 28.4608 28.7371 28.3614 0.0445809 0.0181207
679 100 27.9589 28.294 28.3562 28.4608 28.7371 28.3614 0.046366 0.0161144
657 100 27.9589 28.294 28.3562 28.4608 28.7371 28.3614 0.0354462 0.0205377
769 100 27.9589 28.294 28.3562 28.4608 28.7371 28.3614 0.0461358 0.0240462
572 100 27.9589 28.294 28.3562 28.4608 28.7371 28.3614 0.0416435 0.023043
294 11 27.9589 28.294 28.3562 28.4608 28.7371 28.3614 0.0292789 0.0205361
571 100 27.9589 28.294 28.3562 28.4608 28.7371 28.3614 0.044912 0.0117946
661 100 27.9589 28.294 28.3562 28.4608 28.7371 28.3614 0.0330639 0.0117601
563 100 27.9589 28.294 28.3562 28.4608 28.7371 28.3614 0.0295489 0.00981853
757 100 27.9589 28.294 28.3562 28.4608 28.7371 28.3614 0.0594965 0.0239044
699 100 27.9589 28.294 28.3562 28.4608 28.7371 28.3614 0.0453444 0.0144674
686 100 27.9589 28.294 28.3562 28.4608 28.7371 28.3614 0.0416135 0.0226622
736 100 27.9589 28.294 28.3562 28.4608 28.7371 28.3614 0.0350799 0.0121279
701 100 27.9589 28.294 28.3562 28.4608 28.7371 28.3614 0.0419317 0.0126693
613 100 27.9589 28.294 28.3562 28.4608 28.7371 28.3614 0.0302096 0.01188
709 100 27.9589 28.294 28.3562 28.4608 28.7371 28.3614 0.031406 0.0118726
707 100 27.9589 28.294 28.3562 28.4608 28.7371 28.3614 0.0389181 0.0124336
682 100 27.9589 28.294 28.3562 28.4608 28.7371 28.3614 0.0319902 0.012288
788 100 27.9589 28.294 28.3562 28.4608 28.7371 28.3614 0.0385748 0.0234412
702 100 27.9589 28.294 28.3562 28.4608 28.7371 28.3614 0.0295665 0.0123049
776 100 27.9589 28.294 28.3562 28.4608 28.7371 28.3614 0.0440925 0.0198478
238 0 27.9589 28.294 28.3562 28.4608 28.7371 28.3614 0.0235214 0.0192313
887 100 27.9589 28.294 28.3562 28.4608 28.7371 28.3614 0.0386575 0.0122678
804 100 27.9589 28.294 28.3562 28.4608 28.7371 28.3614 0.049558 0.0123077
682 100 27.9589 28.294 28.3562 28.4608 28.7371 28.3614 0.0410233 0.0145379
761 100 27.9589 28.294 28.3562 28.4608 28.7371 28.3614 0.0320443 0.012403
610 100 27.9589 28.294 28.3562 28.4608 28.7371 28.3614 0.0500818 0.0283003
585 100 27.9589 28.294 28.3562 28.4608 28.7371 28.3614 0.0413856 0.0250622
826 100 27.9589 28.294 28.3562 28.4608 28.7371 28.3614 0.0344201 0.0118051
304 56 27.9589 28.294 28.3562 28.4608 28.7371 28.3614 0.0461452 0.0270338
749 100 27.9589 28.294 28.3562 28.4608 28.7371 28.3614 0.0566971 0.0213243
773 84 27.9589 28.294 28.3562 28.4608 28.7371 28.3614 0.0344813 0.0141333
617 100 27.9589 28.294 28.3562 28.4608 28.7371 28.3614 0.0551536 0.0216151
623 100 27.9589 28.294 28.3562 28.4608 28.7371 28.3614 0.0415387 0.0134109
589 100 27.9589 28.294 28.3562 28.4608 28.7371 28.3614 0.0647909 0.0278603
625 100 27.9589 28.294 28.3562 28.4608 28.7371 28.3614 0.0417169 0.0134767
551 22 27.9589 28.294 28.3562 28.4608 28.7371 28.3614 0.0203801 0.011914
734 100 27.9589 28.294 28.3562 28.4608 28.7371 28.3614 0.0482351 0.0232673
741 100 27.9589 28.294 28.3562 28.4608 28.7371 28.3614 0.0553378 0.0232606
629 100 27.9589 28.294 28.3562 28.4608 28.7371 28.3614 0.0398837 0.0213521
713 100 27.9589 28.294 28.3562 28.4608 28.7371 28.3614 0.0381858 0.0123729
663 100 27.9589 28.294 28.3562 28.4608 28.7371 28.3614 0.0445983 0.014812
747 100 27.9589 28.294 28.3562 28.4608 28.7371 28.3614 0.043294 0.0206578
731 100 27.9589 28.294 28.3562 28.4608 28.7371 28.3614 0.0506192 0.0180605
674 100 27.9589 28.0325 28.294 28.3562 28.4608 28.2205 0.0439599 0.019137
732 100 27.9589 28.0324 28.294 28.3562 28.4608 28.2204 0.0384013 0.0134822
631 100 27.9589 28.0324 28.294 28.3562 28.4608 28.2204 0.0366486 0.0121539
791 100 27.9589 28.0324 28.294 28.3562 28.4608 28.2204 0.0557078 0.0237798
663 100 27.9589 28.0324 28.294 28.3562 28.4608 28.2204 0.0418846 0.0157542
794 100 27.9589 28.0324 28.294 28.3562 28.4608 28.2204 0.0392504 0.0122992
479 75 27.9589 28.0324 28.294 28.3562 28.4608 28.2204 0.0496927 0.0237644
666 100 27.9589 28.0324 28.294 28.3562 28.4608 28.2204 0.0539634 0.0214177
730 100 27.9589 28.0324 28.294 28.3562 28.4608 28.2204 0.0403206 0.0203696
676 100 27.9589 28.0324 28.294 28.3562 28.4608 28.2204 0.0334916 0.012241
507 100 27.9589 28.0324 28.294 28.3562 28.4608 28.2204 0.03602 0.00947506
652 100 27.9589 28.0324 28.294 28.3562 28.4608 28.2204 0.0451119 0.0228724
440 69 27.9589 28.0324 28.294 28.3562 28.4608 28.2204 0.0505233 0.0307929
626 100 27.9589 28.0324 28.294 28.3562 28.4608 28.2204 0.0373226 0.00895064
650 100 27.9589 28.0324 28.294 28.3562 28.4608 28.2204 0.051079 0.0238995
702 100 27.9589 28.0324 28.294 28.3562 28.4608 28.2204 0.0526895 0.0215072
592 100 27.9589 28.0324 28.294 28.3562 28.4608 28.2204 0.0457093 0.0235955
693 100 27.9589 28.0324 28.294 28.3562 28.4608 28.2204 0.0361487 0.0120831
645 100 27.9589 28.0324 28.294 28.3562 28.4608 28.2204 0.0411291 0.0161118
632 100 27.9589 28.0324 28.294 28.3562 28.4608 28.2204 0.0398344 0.0123393
547 100 27.9589 28.0324 28.294 28.3562 28.4608 28.2204 0.0428735 0.0119381
854 100 27.9589 28.0324 28.294 28.3562 28.4608 28.2204 0.0541866 0.022775
707 100 27.9589 28.0324 28.294 28.3562 28.4608 28.2204 0.0364203 0.0162449
772 100 27.9589 28.0324 28.294 28.3562 28.4608 28.2204 0.0265356 0.00716264
717 100 27.9589 28.0324 28.294 28.3562 28.4608 28.2204 0.0476334 0.0201689
647 100 27.9589 28.0324 28.294 28.3562 28.4608 28.2204 0.0327226 0.0114776
631 100 27.9589 28.0324 28.294 28.3562 28.4608 28.2204 0.0447315 0.0120705
661 100 27.9589 28.0324 28.294 28.3562 28.4608 28.2204 0.0400624 0.0127406
810 100 27.9589 28.0324 28.294 28.3562 28.4608 28.2204 0.0495838 0.0229114
617 100 27.9589 28.0324 28.294 28.3562 28.4608 28.2204 0.0364849 0.016375
728 100 27.9589 28.0324 28.294 28.3562 28.4608 28.2204 0.0381935 0.0124127
894 100 27.9589 28.0324 28.294 28.3562 28.4608 28.2204 0.0325021 0.0119831
