226 0 0 0 0 0 0 -1 0.00459847 0.000144896
242 8 33.1709 33.3574 34.3809 36.4149 46.5787 36.7805 0.00885489 0.000110124
463 77 32.0506 33.0003 33.6693 34.6296 35.2012 33.7102 0.0215168 0.00017321
164 4 54.6747 55.4584 57.7036 0 0 55.9456 0.00860825 0.000392211
167 0 0 0 0 0 0 -1 0.00469138 0.000259633
364 240 29.8942 31.1862 32.8712 33.0824 33.9065 32.1881 0.0296734 0.000151598
178 0 0 0 0 0 0 -1 0.00473252 0.000263416
185 0 0 0 0 0 0 -1 0.00469021 0.000253129
204 9 31.5204 32.8521 33.4265 49.9378 51.2764 39.8026 0.00884187 0.000240964
167 0 0 0 0 0 0 -1 0.00483938 0.000423021
146 0 0 0 0 0 0 -1 0.00461049 0.000200182
142 28 39.5321 40.4067 40.8961 41.7713 42.5773 41.0367 0.0140634 0.000308421
161 3 32.2193 35.1454 0 0 0 33.6824 0.00704676 0.000299669
407 45 31.35 31.8078 32.3267 32.7845 33.1612 32.286 0.0173783 0.000206147
266 22 32.7085 33.3573 35.8483 36.4058 37.6665 35.1973 0.012427 0.00015969
204 0 0 0 0 0 0 -1 0.00469373 0.000248474
256 30 46.7466 47.1876 48.5256 49.0911 49.1273 48.1357 0.0152578 0.000277831
269 112 34.0206 34.1972 34.5116 34.6845 34.7495 34.4327 0.0364477 0.000169816
339 0 0 0 0 0 0 -1 0.00451004 0.000134964
189 0 0 0 0 0 0 -1 0.00481783 0.000364831
156 0 0 0 0 0 0 -1 0.00469242 0.000243438
324 33 32.0635 33.3156 37.9711 45.5562 46.9352 39.1683 0.0159179 0.000156068
687 300 28.312 28.9313 29.4339 30.8873 31.6726 29.8474 0.0285189 0.00014619
221 12 30.9559 31.9637 32.9254 37.6645 49.3563 36.5732 0.00933656 0.000319574
170 32 28.4621 29.4822 31.9462 32.578 32.7555 31.0448 0.0159437 0.000316019
175 0 0 0 0 0 0 -1 0.00474706 0.000247071
441 300 30.732 30.9655 31.7975 32.1819 32.7265 31.6807 0.0329247 0.000212672
199 3 54.4524 55.3369 57.4982 0 0 55.7625 0.00812889 0.000350947
152 0 0 0 0 0 0 -1 0.00475584 0.000253911
185 24 34.401 34.8971 35.1749 35.7458 36.2379 35.2913 0.0182317 0.000295777
167 0 0 0 0 0 0 -1 0.00475868 0.000316659
195 0 0 0 0 0 0 -1 0.00466289 0.000246188
142 18 29.168 29.8666 30.9384 31.8749 33.306 31.0308 0.0118186 0.000311256
134 0 0 0 0 0 0 -1 0.00472857 0.00031493
154 0 0 0 0 0 0 -1 0.00471424 0.000265785
205 0 0 0 0 0 0 -1 0.00473137 0.000229123
157 0 0 0 0 0 0 -1 0.00474542 0.000241768
220 0 0 0 0 0 0 -1 0.00464022 0.000239649
145 6 32.1052 33.1512 36.6158 40.0636 41.1092 36.609 0.00806297 0.00023353
187 6 28.3631 30.0641 31.063 32.578 43.716 33.1568 0.00724523 0.000247519
222 10 35.7137 36.1603 36.3852 36.8318 37.7341 36.565 0.00822697 0.000224582
178 0 0 0 0 0 0 -1 0.00523982 0.000225819
636 300 41.6282 43.159 43.473 43.7147 43.8724 43.1694 0.0223988 0.000174872
374 222 30.4008 30.6255 31.1927 32.0093 32.057 31.2571 0.0216703 0.000137983
789 300 31.9074 32.0989 33.1226 33.465 33.5253 32.8239 0.0186131 0.000143234
604 300 32.8111 34.1452 34.4951 34.6608 35.01 34.2244 0.0277127 0.000253256
175 0 0 0 0 0 0 -1 0.00479297 0.000331141
555 300 29.1543 30.0826 30.1634 30.9128 30.9524 30.2531 0.0272437 0.000334376
758 89 29.3048 30.1228 30.1367 31.127 31.1627 30.3708 0.0145153 0.00019702
205 0 0 0 0 0 0 -1 0.00493935 0.000304277
296 54 28.7344 30.1747 30.5225 30.57 32.0121 30.4027 0.0167477 0.000311111
287 60 30.7366 30.9671 31.7613 31.9928 32.1877 31.5291 0.0214495 0.000148484
274 15 39.593 40.4668 42.6465 45.092 45.9665 42.753 0.00899566 0.000250042
653 300 28.7687 29.8389 29.9052 30.5333 30.5801 29.9253 0.0252634 0.000245529
538 300 30.2422 31.2686 31.4347 32.1769 32.2467 31.4738 0.0330575 0.000137711
201 36 42.9747 43.1461 43.6348 44.5177 44.6957 43.7938 0.0136111 0.00025577
204 2 32.5234 34.3808 0 0 0 33.4521 0.00704159 0.000236297
564 110 29.6771 30.1353 31.675 33.5726 34.0309 31.8182 0.0327934 0.000115379
388 178 28.7365 29.8039 29.8187 29.8668 30.6376 29.7727 0.0322973 0.000224867
463 300 29.4212 30.1752 30.4042 31.0799 32.1735 30.6508 0.0353957 0.000162811
235 3 37.502 38.1572 40.3441 0 0 38.6677 0.00563821 0.000154663
381 20 34.0202 35.5629 39.0583 40.0374 40.2997 37.7957 0.00844727 0.000150949
243 0 0 0 0 0 0 -1 0.00447936 0.000136061
323 91 31.5083 31.6052 31.6086 32.7277 32.8246 32.0549 0.0320007 0.000174623
153 2 32.8091 35.7377 0 0 0 34.2734 0.0073087 0.000338537
252 7 37.1524 40.0682 48.8573 49.7542 54.0168 45.9698 0.00755758 0.000120311
393 0 0 0 0 0 0 -1 0.00445254 0.000149614
528 210 34.7008 34.8772 34.9266 35.1029 36.232 35.1679 0.0318194 0.000189898
144 0 0 0 0 0 0 -1 0.00472925 0.000269201
134 0 0 0 0 0 0 -1 0.00474912 0.000347254
551 288 29.337 30.0815 30.2485 30.3555 30.9434 30.1932 0.0317306 0.000121025
390 178 28.4625 29.1558 29.8056 30.0272 30.5521 29.6006 0.0313652 0.000137796
330 52 31.5113 32.3256 32.8659 33.6802 34.9379 33.0642 0.018233 0.000215498
324 121 33.6576 33.8437 33.8943 34.3056 34.4909 34.0384 0.0572385 0.00016676
720 300 31.2595 32.6264 32.8608 32.9202 34.7397 32.8813 0.0261205 0.000195884
166 0 0 0 0 0 0 -1 0.00472665 0.000262211
192 0 0 0 0 0 0 -1 0.00473282 0.000320742
166 0 0 0 0 0 0 -1 0.00538773 0.000215834
178 18 31.5112 32.2154 32.8657 33.5699 38.5976 33.752 0.0109785 0.000235413
133 0 0 0 0 0 0 -1 0.00485549 0.000360295
286 0 0 0 0 0 0 -1 0.00448722 0.000157644
156 0 0 0 0 0 0 -1 0.00478339 0.000385124
191 0 0 0 0 0 0 -1 0.00470593 0.000283859
286 11 29.1549 29.6167 30.7373 30.9528 31.5177 30.3959 0.00616038 0.000139243
162 0 0 0 0 0 0 -1 0.00491729 0.000371248
157 8 31.1192 40.1313 40.5303 0 0 37.2603 0.0112353 0.000270366
211 12 28.8074 28.9018 29.8074 32.1692 32.9255 30.5223 0.0122282 0.000309444
152 0 0 0 0 0 0 -1 0.00468866 0.000248898
217 6 30.087 31.091 31.0953 32.1039 0 31.0943 0.00658759 0.000323114
207 12 36.1623 40.3606 46.2559 46.9282 47.7043 43.4823 0.011599 0.000343525
262 0 0 0 0 0 0 -1 0.00457586 0.00023722
737 300 28.6758 29.1864 29.4619 29.5816 30.3316 29.4475 0.0317972 0.000124101
199 0 0 0 0 0 0 -1 0.00474183 0.000269512
203 8 37.1518 38.1426 40.3407 54.4268 55.2103 45.0545 0.00881424 0.000313047
183 18 35.9783 36.3756 37.0394 37.1138 37.4155 36.7845 0.0118588 0.000304637
230 15 30.0334 32.1574 32.5816 36.0707 38.2544 33.8195 0.0117125 0.000313704
176 0 0 0 0 0 0 -1 0.00472328 0.000312913
183 0 0 0 0 0 0 -1 0.00477491 0.000302809
166 66 31.2045 33.2091 33.2754 34.3533 35.4205 33.4926 0.0270977 0.000204721
152 0 0 0 0 0 0 -1 0.00471593 0.000236464
165 3 55.9332 56.8658 59.0093 0 0 57.2694 0.00882144 0.000321107
199 0 0 0 0 0 0 -1 0.00467484 0.000251269
162 5 33.6678 36.8968 46.623 46.6441 0 40.9579 0.0070329 0.000248516
170 0 0 0 0 0 0 -1 0.00479276 0.000298723
348 26 31.3468 32.0138 33.9424 34.2203 34.2682 33.1583 0.0142289 0.000237849
221 1 32.578 0 0 0 0 32.578 0.0058621 0.000249179
178 3 36.1126 37.0214 39.6367 0 0 37.5902 0.00730225 0.000245439
204 2 34.3813 35.8494 0 0 0 35.1154 0.00623334 0.000255418
217 0 0 0 0 0 0 -1 0.00464596 0.000323811
191 4 31.1217 32.1419 34.3317 48.4418 0 36.5093 0.00746953 0.000242089
192 8 47.9225 48.4129 48.9358 49.4261 58.0818 50.5558 0.00711758 0.000314599
151 1 30.7314 0 0 0 0 30.7314 0.0065573 0.000324475
211 4 31.9674 36.4655 36.7635 43.6533 0 37.2124 0.00765166 0.000218222
185 3 32.7286 33.3685 36.4 0 0 34.1657 0.0069512 0.000334563
137 0 0 0 0 0 0 -1 0.00473392 0.000333417
190 0 0 0 0 0 0 -1 0.00469516 0.000270952
134 2 34.3447 48.8498 0 0 0 41.5973 0.00723508 0.000301731
175 0 0 0 0 0 0 -1 0.00484032 0.000310358
167 0 0 0 0 0 0 -1 0.00470238 0.000240427
431 168 31.7779 32.5015 32.6046 32.8691 33.5284 32.6563 0.0378625 0.000282505
663 84 29.9984 30.0456 30.9543 31.0706 31.5653 30.7268 0.0178605 0.000126258
463 60 32.5259 34.3856 35.4317 40.356 42.1792 36.9757 0.0172232 0.00011642
204 0 0 0 0 0 0 -1 0.00457793 0.000175527
249 0 0 0 0 0 0 -1 0.00447738 0.000157651
143 0 0 0 0 0 0 -1 0.00510397 0.000219553
168 0 0 0 0 0 0 -1 0.0051725 0.00022848
162 1 36.7125 0 0 0 0 36.7125 0.00506745 0.000270725
140 175 30.1756 30.6654 30.9538 31.1828 31.1975 30.835 0.0230092 0.000304813
167 0 0 0 0 0 0 -1 0.00473335 0.000279017
153 0 0 0 0 0 0 -1 0.00476717 0.000310624
219 8 30.7316 31.7489 32.0549 36.4081 0 32.7359 0.00718159 0.000298108
185 0 0 0 0 0 0 -1 0.00517821 0.000216184
238 0 0 0 0 0 0 -1 0.00471662 0.000303866
159 3 31.8914 32.9318 35.8866 0 0 33.5699 0.00666015 0.000218644
137 0 0 0 0 0 0 -1 0.00466604 0.000226258
152 0 0 0 0 0 0 -1 0.00522149 0.00029542
196 0 0 0 0 0 0 -1 0.0046208 0.000206694
132 4 40.0671 46.1661 0 0 0 43.1166 0.00732091 0.000300122
141 2 35.7768 55.7175 0 0 0 45.7472 0.00747212 0.00029607
177 2 31.1197 34.0268 0 0 0 32.5733 0.00687367 0.000317329
182 0 0 0 0 0 0 -1 0.00469362 0.000241552
388 0 0 0 0 0 0 -1 0.00445313 0.000138724
228 0 0 0 0 0 0 -1 0.00458305 0.000167513
149 0 0 0 0 0 0 -1 0.00474543 0.000312069
159 0 0 0 0 0 0 -1 0.00479683 0.00030958
255 66 29.8695 30.4013 30.6092 31.1929 31.6482 30.7442 0.0301753 0.000307949
162 0 0 0 0 0 0 -1 0.00472599 0.00025418
202 20 39.4522 39.9004 40.2543 40.7083 41.2983 40.3227 0.0113451 0.000234075
164 6 34.9085 35.0916 36.4381 39.0747 59.8425 41.0711 0.00902075 0.000251521
192 20 34.0896 34.3793 35.1208 39.2364 43.603 37.2858 0.0113087 0.000245908
131 0 0 0 0 0 0 -1 0.00515406 0.000249683
214 0 0 0 0 0 0 -1 0.00476829 0.000330764
145 0 0 0 0 0 0 -1 0.00471653 0.000240024
137 8 28.7487 33.1774 35.7293 49.0682 51.6414 39.673 0.00979813 0.000309159
146 0 0 0 0 0 0 -1 0.00476995 0.00024243
484 41 30.9539 32.0986 33.1393 33.576 34.9575 32.9451 0.0135609 0.00017597
149 0 0 0 0 0 0 -1 0.00482711 0.000288914
172 0 0 0 0 0 0 -1 0.00463776 0.000224679
