301 35 28.3635 29.3897 31.603 33.8909 33.956 31.4406 0.00960369 0.000380213
245 12 28.3562 29.3856 31.5948 33.8825 33.953 31.4344 0.0239289 0.0134781
317 84 28.3562 29.3856 31.5548 31.5948 31.6427 30.5068 0.0349592 0.0105571
244 28 28.3562 29.3856 31.5115 31.5948 31.5985 30.4893 0.0267653 0.0124757
402 300 28.3562 29.3856 31.248 31.5115 31.5948 30.4192 0.0443974 0.0181298
600 300 28.3562 29.3856 29.6263 29.8865 29.9568 29.4423 0.0428393 0.00712058
288 10 28.3562 29.3856 29.6137 29.8996 29.9471 29.4404 0.0173501 0.0104362
658 44 28.3562 29.3856 29.6137 29.8996 29.9471 29.4404 0.0267981 0.0167231
271 39 28.3562 29.3856 29.6137 29.8996 29.9471 29.4404 0.0262655 0.0110631
743 300 28.3562 29.1659 29.3856 29.6137 29.8996 29.2842 0.0354244 0.0127698
327 61 28.3562 29.1659 29.3856 29.6137 29.8996 29.2842 0.0347167 0.0165492
375 120 28.3562 29.1659 29.3856 29.6137 29.8996 29.2842 0.044681 0.0126459
624 300 28.3562 29.1659 29.3856 29.6137 29.8789 29.2801 0.05466 0.0227901
680 300 28.3562 29.1659 29.3856 29.6137 29.8328 29.2708 0.0419821 0.0094977
479 300 28.3562 29.1659 29.3856 29.6137 29.8328 29.2708 0.0409131 0.0110405
659 300 28.3562 29.1659 29.3856 29.6137 29.8328 29.2708 0.0417955 0.00631758
673 300 28.3562 29.1659 29.3856 29.6137 29.8328 29.2708 0.0579043 0.0228792
717 300 28.3562 29.1659 29.3856 29.6137 29.8328 29.2708 0.0414627 0.00746014
314 8 28.3562 29.1659 29.3856 29.6137 29.8328 29.2708 0.0177529 0.011071
621 300 28.3562 29.1659 29.3856 29.6137 29.8328 29.2708 0.049055 0.0174995
362 152 28.3562 28.742 29.1659 29.3856 29.6137 29.0527 0.0505484 0.0111802
591 52 28.3562 28.7371 29.1659 29.3856 29.6137 29.0517 0.0237645 0.00665225
311 0 28.3562 28.7371 29.1659 29.3856 29.6137 29.0517 0.0160471 0.011688
733 300 28.3562 28.7371 29.1659 29.3856 29.6137 29.0517 0.0448212 0.0188813
279 28 28.3562 28.7371 29.1659 29.3856 29.6137 29.0517 0.0260571 0.011098
393 300 28.3562 28.7371 29.1659 29.3856 29.6137 29.0517 0.0512348 0.0207456
240 0 28.3562 28.7371 29.1659 29.3856 29.6137 29.0517 0.0158208 0.0114379
427 300 28.3562 28.7371 29.1659 29.3856 29.6137 29.0517 0.0381772 0.0107331
268 63 28.3562 29.1659 29.3856 29.6137 30.1725 29.3388 0.0526104 0.023535
711 300 28.3562 29.1659 29.3856 29.6137 29.8204 29.2684 0.0249963 0.00642059
339 28 28.3562 29.1659 29.3856 29.6137 29.805 29.2653 0.0249346 0.0118002
238 6 28.3562 29.1659 29.3856 29.6137 29.805 29.2653 0.0234277 0.016455
483 300 28.3562 29.1659 29.3856 29.6137 29.805 29.2653 0.0400037 0.0112415
512 0 28.3562 29.1659 29.3856 29.6137 29.805 29.2653 0.0115721 0.00726019
273 21 28.3562 29.1659 29.3856 29.6137 29.805 29.2653 0.0195046 0.011128
389 66 28.3562 29.1659 29.3856 29.6137 29.805 29.2653 0.0401254 0.0199509
513 300 28.3562 29.1659 29.3856 29.6137 29.805 29.2653 0.0403014 0.016706
564 300 28.3562 29.1659 29.3856 29.6137 29.805 29.2653 0.0286069 0.00699485
243 126 27.9637 28.3562 28.9517 29.1659 29.3447 28.7564 0.0380463 0.0118032
584 300 27.9631 28.3562 28.9526 29.1659 29.3456 28.7567 0.034409 0.00862545
611 300 27.9631 28.3562 28.9526 29.1659 29.3456 28.7567 0.0570474 0.0291537
676 300 27.9631 28.3562 28.9526 29.1659 29.3456 28.7567 0.044996 0.00911427
209 0 27.9631 28.3562 28.9526 29.1659 29.3456 28.7567 0.0160144 0.0116185
440 168 27.9631 28.3562 28.9526 29.2592 29.3456 28.7753 0.0473143 0.0162663
617 300 27.9631 28.3562 28.9526 29.2589 29.3456 28.7753 0.0445107 0.0152759
567 292 27.9631 28.3562 28.9526 29.2589 29.3456 28.7753 0.0453251 0.00721444
205 0 27.9631 28.3562 28.9526 29.2589 29.3456 28.7753 0.0162932 0.0118707
892 300 27.9631 28.3562 28.9526 29.2589 29.3456 28.7753 0.0459659 0.0209441
801 300 27.9631 28.3562 28.9526 29.2589 29.3456 28.7753 0.0465705 0.0221096
747 300 27.9631 28.3562 28.9526 29.2589 29.3456 28.7753 0.0314741 0.00715322
178 0 27.9631 28.3562 28.9526 29.2589 29.3456 28.7753 0.0200372 0.0155026
404 30 27.9631 28.3562 28.9526 29.2589 29.3456 28.7753 0.0223435 0.0135361
263 12 27.9631 28.3562 28.9526 29.2589 29.3456 28.7753 0.0211062 0.0108178
545 87 27.9631 28.3562 28.9526 29.2589 29.3456 28.7753 0.0475168 0.0120915
317 0 27.9631 28.3562 28.9526 29.2589 29.3456 28.7753 0.0298959 0.0255239
573 277 27.9631 28.3562 28.9526 29.2589 29.3456 28.7753 0.0396696 0.0100245
673 300 27.9631 28.3562 28.9526 29.2589 29.3456 28.7753 0.0510679 0.0206572
675 33 27.9631 28.3562 28.9526 29.2589 29.3456 28.7753 0.0176393 0.00675217
227 4 29.9568 34.7875 35.0183 36.9562 55.5907 38.4619 0.016537 0.0105956
654 216 29.9568 32.783 32.8642 33.2704 33.826 32.5401 0.0372523 0.0129393
655 0 29.9568 32.7788 32.8607 33.267 33.7715 32.527 0.0269549 0.0226371
729 0 29.9568 32.7788 32.8607 33.267 33.7506 32.5228 0.0253083 0.0210002
320 0 29.9568 32.7788 32.8607 33.267 33.7005 32.5127 0.0162928 0.0119332
325 9 29.9568 32.7788 32.8607 33.267 33.8319 32.539 0.0270467 0.0196924
775 0 29.9568 32.7788 32.8607 33.267 33.7648 32.5256 0.0111944 0.00689708
699 0 29.9568 32.7788 32.8607 33.267 33.7045 32.5136 0.0195536 0.0152416
864 300 29.9568 31.2165 31.6218 32.0481 32.174 31.4034 0.0523906 0.0202346
798 300 29.9568 31.2468 31.6369 32.0551 32.1838 31.4159 0.0278109 0.0068609
359 36 29.9568 31.2468 31.5113 31.6369 31.9255 31.2554 0.0258334 0.0112337
484 81 29.9568 30.7289 30.7381 30.9685 30.9708 30.6726 0.0377193 0.0145982
747 300 29.9568 30.7315 30.7376 30.963 30.9691 30.6716 0.047159 0.0205632
401 144 29.9568 30.7315 30.7376 30.963 30.9691 30.6716 0.053364 0.00847593
651 300 29.9568 30.7315 30.7376 30.963 30.9691 30.6716 0.0451961 0.0239922
488 0 29.9568 30.7315 30.7376 30.963 30.9691 30.6716 0.0131314 0.00878411
459 91 29.9568 30.7315 30.7376 30.963 30.9691 30.6716 0.0447207 0.0162351
813 300 29.9568 30.7315 30.7376 30.963 30.9691 30.6716 0.0287329 0.00690573
736 150 29.9568 30.7315 30.7376 30.963 30.9691 30.6716 0.0463918 0.0231887
587 33 29.9568 30.7315 30.7376 30.963 30.9691 30.6716 0.0167337 0.00866531
689 168 29.9568 30.7315 30.7376 30.963 30.9691 30.6716 0.0564481 0.0235257
743 300 29.9568 30.7315 30.7376 30.963 30.9691 30.6716 0.0331904 0.00747102
444 91 29.9568 30.7315 30.7376 30.963 30.9691 30.6716 0.0385758 0.0116644
560 0 29.9568 30.7315 30.7376 30.963 30.9691 30.6716 0.012201 0.00789258
658 228 29.9568 30.7315 30.7376 30.963 30.9691 30.6716 0.0452409 0.0226111
733 300 29.9568 30.7315 30.7376 30.963 30.9691 30.6716 0.0310809 0.00702152
626 0 29.9568 30.7315 30.7376 30.963 30.9691 30.6716 0.0291137 0.0247685
561 0 29.9568 30.7315 30.7376 30.963 30.9691 30.6716 0.0153941 0.0111073
285 0 29.9568 30.7315 30.7376 30.963 30.9691 30.6716 0.0164503 0.0121348
468 112 29.9568 30.7315 30.7376 30.963 30.9691 30.6716 0.052735 0.011555
785 0 29.9568 30.7315 30.7376 30.963 30.9691 30.6716 0.0250314 0.0206852
674 0 29.9568 30.7315 30.7376 30.963 30.9691 30.6716 0.0243717 0.0200858
672 300 29.9568 30.7315 30.7376 30.963 30.9691 30.6716 0.0513488 0.0246008
795 0 29.9568 30.7315 30.7376 30.963 30.9691 30.6716 0.0114729 0.00714375
706 300 29.9568 30.3958 30.7315 30.7376 30.963 30.557 0.0486381 0.0220403
634 24 29.9568 30.4025 30.7315 30.7376 30.963 30.5583 0.0187237 0.01031
245 0 29.9568 30.4025 30.7315 30.7376 30.963 30.5583 0.0161096 0.0116926
940 300 29.9568 30.4025 30.7315 30.7376 30.963 30.5583 0.0548367 0.0207698
517 273 29.9568 30.4025 30.7315 30.7376 30.963 30.5583 0.0315544 0.0103312
720 300 29.9568 30.4025 30.7315 30.7376 30.963 30.5583 0.0344318 0.0134736
271 21 29.9568 30.4025 30.7315 30.7376 30.963 30.5583 0.0215044 0.0118562
350 39 29.9568 30.4025 30.7315 30.7376 30.963 30.5583 0.0258298 0.0108856
774 198 29.9568 30.4025 30.7315 30.7376 30.963 30.5583 0.0495247 0.0217676
616 0 29.9568 30.4025 30.7315 30.7376 30.963 30.5583 0.0129729 0.00866558
594 208 29.9568 30.4025 30.7315 30.7376 30.963 30.5583 0.0430226 0.0147093
706 300 29.9568 30.4025 30.7315 30.7376 30.963 30.5583 0.0452373 0.00727469
328 0 29.9568 30.4025 30.7315 30.7376 30.963 30.5583 0.0156316 0.0112624
709 300 29.9568 30.4025 30.7315 30.7376 30.963 30.5583 0.0491067 0.0162329
734 0 29.9568 30.4025 30.7315 30.7376 30.963 30.5583 0.0215845 0.017279
700 0 29.9568 30.4025 30.7315 30.7376 30.963 30.5583 0.013877 0.00954124
721 162 29.9568 30.4025 30.7315 30.7376 30.963 30.5583 0.0489086 0.0214865
625 175 29.9568 30.4025 30.7315 30.7376 30.963 30.5583 0.0329219 0.00955819
314 10 29.9568 30.4025 30.7315 30.7376 30.963 30.5583 0.0198489 0.0114651
659 26 29.9568 30.4025 30.7315 30.7376 30.963 30.5583 0.0225087 0.0159075
660 0 29.9568 30.4025 30.7315 30.7376 30.963 30.5583 0.0251667 0.0208797
617 171 29.9568 30.4025 30.7315 30.7376 30.963 30.5583 0.049557 0.0205968
473 80 29.9568 30.4025 30.7315 30.7376 30.963 30.5583 0.0424778 0.0111368
747 12 29.9568 30.4025 30.7315 30.7376 30.963 30.5583 0.0137819 0.00798774
373 0 29.9568 30.4025 30.7315 30.7376 30.963 30.5583 0.0160356 0.0117161
832 300 29.9568 30.4025 30.7315 30.7376 30.963 30.5583 0.0369206 0.0165534
330 12 30.7315 30.7376 30.963 31.5113 31.7747 31.1436 0.0199242 0.0122441
502 24 30.7315 30.7376 30.963 31.5115 31.599 31.1085 0.0256663 0.0153667
444 0 30.7315 30.7376 30.963 31.5115 31.5985 31.1084 0.0164344 0.0121202
792 273 30.7315 30.7376 30.963 31.5115 31.599 31.1085 0.0482877 0.0206037
459 0 30.7315 30.7376 30.963 31.5115 31.599 31.1085 0.0165802 0.0122469
755 300 30.7315 30.7376 30.963 31.421 31.5115 31.0729 0.044145 0.0138342
722 135 30.7315 30.7376 30.963 31.2513 31.5115 31.039 0.044958 0.0241917
919 300 30.7315 30.7376 30.963 31.2513 31.5115 31.039 0.0371314 0.00810509
753 300 30.7315 30.7376 30.963 31.2513 31.5115 31.039 0.0453671 0.0206213
577 0 30.7315 30.7376 30.963 31.2513 31.5115 31.039 0.0127653 0.00844462
845 300 30.7315 30.7376 30.963 31.2513 31.3299 31.0027 0.0532205 0.0206068
571 300 30.7315 30.7376 30.963 31.2513 31.3284 31.0024 0.0504583 0.00730573
604 65 30.7315 30.7376 30.963 31.2513 31.3279 31.0023 0.0433991 0.0198483
726 300 30.7315 30.7376 30.963 31.2513 31.3284 31.0024 0.0359948 0.00801824
602 0 30.7315 30.7376 30.963 31.2513 31.3284 31.0024 0.0273451 0.0230061
654 144 30.7315 30.7376 30.963 31.2513 31.3279 31.0023 0.0389387 0.0114492
868 162 30.7315 30.7376 30.963 31.2513 31.3284 31.0024 0.0312992 0.00774314
455 12 30.7315 30.7376 30.963 31.2513 31.3284 31.0024 0.0311798 0.0238898
433 25 30.7315 30.7376 30.963 31.2513 31.3279 31.0023 0.0228018 0.0123856
521 0 30.7315 30.7376 30.963 31.2513 31.3284 31.0024 0.0190126 0.0147016
375 32 30.7315 30.7376 30.963 31.2513 31.3284 31.0024 0.025096 0.0125556
216 0 30.7315 30.7376 30.963 31.2513 31.3279 31.0023 0.017372 0.0128196
304 120 30.7315 30.7376 30.963 31.2513 31.3284 31.0024 0.047802 0.01172
632 112 30.7315 30.7376 30.963 31.2513 31.3284 31.0024 0.036809 0.00868377
414 0 30.7315 30.7376 30.963 31.2513 31.3279 31.0023 0.0153692 0.0110456
464 0 30.7315 30.7376 30.963 31.2513 31.3284 31.0024 0.0132238 0.00893056
418 0 30.7315 30.7376 30.963 31.2513 31.3284 31.0024 0.0136194 0.00927948
456 144 30.7315 30.7376 30.963 31.2513 31.3279 31.0023 0.0342712 0.00923505
477 154 30.7315 30.7376 30.963 31.2513 31.3284 31.0024 0.058014 0.0234925
748 121 30.7315 30.7376 30.963 31.2513 31.3284 31.0024 0.0327538 0.008582
796 300 30.7315 30.7376 30.963 31.2513 31.3279 31.0023 0.0511947 0.02366
739 300 30.7315 30.7376 30.963 31.2513 31.3284 31.0024 0.0351524 0.00787127
255 0 30.7315 30.7376 30.963 31.2513 31.3284 31.0024 0.0155214 0.0111565
822 300 30.1057 30.7315 30.7376 30.963 31.2513 30.7578 0.0529402 0.0211473
848 0 30.0812 30.7315 30.7376 30.963 31.2513 30.7529 0.023059 0.0187199
677 182 30.0812 30.7315 30.7376 30.963 31.2513 30.7529 0.0460661 0.0186764
530 60 30.0812 30.7315 30.7376 30.963 31.2513 30.7529 0.0269305 0.0122946
751 300 30.0812 30.7315 30.7376 30.963 31.2513 30.7529 0.0381256 0.0137922
708 300 30.0812 30.7315 30.7376 30.963 31.2513 30.7529 0.0531541 0.024581
724 108 30.0812 30.7315 30.7376 30.963 31.2513 30.7529 0.048044 0.0202573
324 5 31.2181 34.464 50.4684 50.5994 52.5457 43.8591 0.00794023 0.000264566
388 16 29.9854 31.1197 31.21 31.9392 32.3663 31.3241 0.0122164 0.00321439
357 12 29.6073 30.9531 31.1197 31.5158 32.1824 31.0757 0.0132652 0.00499149
309 60 29.6073 30.9531 31.0986 31.1197 31.5158 30.8589 0.034641 0.00938869
644 300 29.6073 30.9531 31.0932 31.1197 31.5158 30.8578 0.0327501 0.0117286
624 300 29.6073 30.9531 31.0932 31.1197 31.5158 30.8578 0.0359437 0.00786559
671 300 29.6073 30.9531 31.0932 31.1197 31.5158 30.8578 0.0267785 0.00665949
736 300 29.6073 30.9531 31.0932 31.1197 31.5158 30.8578 0.0311574 0.00710265
588 300 29.6073 30.9531 31.0932 31.1197 31.5115 30.857 0.0306658 0.00663482
611 300 29.6073 30.9531 31.0932 31.1109 31.1197 30.7769 0.0361055 0.00696942
666 300 28.7363 29.6073 29.857 29.8711 30.1041 29.6352 0.0349304 0.0096374
691 192 28.7371 29.6073 29.6844 29.8593 29.8711 29.5518 0.0456998 0.0068684
605 130 28.2108 28.7371 29.3322 29.6073 29.6766 29.1128 0.0380167 0.00669593
392 238 28.0324 28.7371 29.1546 29.4192 29.6073 28.9901 0.0298844 0.00686539
467 300 28.0324 28.7371 29.1546 29.1556 29.1882 28.8536 0.04114 0.0124626
617 300 28.0324 28.7371 29.1546 29.1556 29.1992 28.8558 0.0304347 0.0102836
386 0 28.0324 28.7371 29.1546 29.1556 29.1992 28.8558 0.0253326 0.0209463
754 300 28.0324 28.7371 29.1546 29.1556 29.1992 28.8558 0.0412532 0.0180135
654 300 28.0324 28.7371 29.1546 29.1556 29.1992 28.8558 0.0324618 0.00792851
694 300 28.0324 28.7371 29.1546 29.1556 29.1992 28.8558 0.0257192 0.0100982
671 300 28.0324 28.7371 29.1546 29.1556 29.1992 28.8558 0.0389026 0.0171328
658 300 28.0324 28.7371 29.1546 29.1556 29.1992 28.8558 0.031385 0.00655418
904 300 28.0324 28.7371 29.1546 29.1556 29.1992 28.8558 0.0402117 0.0128184
719 300 28.0324 28.7371 29.1546 29.1556 29.1992 28.8558 0.0281017 0.00927093
666 300 28.0324 28.7371 29.1546 29.1556 29.1992 28.8558 0.0333413 0.00999772
724 300 28.0324 28.7371 29.1546 29.1556 29.1992 28.8558 0.0363591 0.00729438
500 300 28.0324 28.7371 29.1546 29.1556 29.1992 28.8558 0.036648 0.00952454
663 300 28.0324 28.7371 29.1546 29.1556 29.1992 28.8558 0.0373315 0.00706369
730 300 29.1556 29.1992 31.847 32.7856 35.0847 31.6144 0.0402794 0.00775695
657 300 29.1556 29.1992 30.6594 31.1535 31.7783 30.3892 0.0349852 0.0119783
700 300 29.1556 29.1992 29.2595 29.6137 30.0361 29.4528 0.0375097 0.0165237
698 117 29.1556 29.1992 29.2589 29.6137 30.0361 29.4527 0.0535485 0.0111938
580 0 29.1556 29.1992 29.2589 29.6137 30.0361 29.4527 0.0158956 0.0115648
341 60 29.1556 29.1992 29.2589 29.6137 30.0361 29.4527 0.0359859 0.0211764
766 300 28.3658 29.1556 29.1992 29.2589 29.6137 29.1186 0.0469278 0.0267975
680 300 28.3562 29.1556 29.1992 29.2589 29.6137 29.1167 0.0336783 0.00768049
665 300 28.3562 29.1556 29.1992 29.2589 29.6137 29.1167 0.0376371 0.0120412
325 0 28.3562 29.1556 29.1992 29.2589 29.6137 29.1167 0.0183141 0.0140003
896 300 28.3562 29.1556 29.1992 29.2589 29.6137 29.1167 0.0482724 0.0178994
524 168 28.3562 29.1556 29.1992 29.2589 29.6137 29.1167 0.0808962 0.0117893
695 300 28.3562 28.5076 29.1556 29.1992 29.2589 28.8955 0.0316048 0.00706817
707 300 28.3562 28.4608 29.1556 29.1992 29.2589 28.8861 0.0346641 0.00722789
773 300 28.3562 28.4608 29.1556 29.1992 29.2589 28.8861 0.0433262 0.0141111
635 300 28.3562 28.4608 29.2589 36.2124 36.3 31.7177 0.0279857 0.00738647
392 12 28.3562 28.4608 29.2589 36.208 36.3037 31.7175 0.0208859 0.0120667
846 300 28.3562 28.4608 29.2589 31.6108 31.6675 29.8708 0.0377089 0.00728743
536 300 28.3562 28.4608 29.2589 31.5198 31.6098 29.8411 0.0479142 0.0115191
587 279 28.3562 28.4608 29.2589 30.7694 31.1272 29.5945 0.032739 0.0127381
727 300 28.3562 28.4608 29.2589 30.0361 31.1197 29.4463 0.0416762 0.0200641
681 300 28.3562 28.4608 29.2589 30.0361 31.1197 29.4463 0.0453795 0.0127636
794 300 28.3562 28.4608 29.2589 30.0361 31.104 29.4432 0.0411265 0.0109992
699 300 28.3562 28.4608 29.2589 30.0361 31.0779 29.438 0.0395583 0.0103115
397 25 28.3562 28.4608 29.2589 30.0361 31.0785 29.4381 0.02253 0.0116719
419 185 28.3562 28.4608 29.2589 29.3848 30.0361 29.0994 0.0388898 0.0107646
530 300 28.3562 28.4608 29.2589 29.3856 30.0361 29.0995 0.0426204 0.0122344
633 300 28.3562 28.4608 29.2589 29.3856 30.0361 29.0995 0.0349104 0.0102737
633 88 28.3562 28.4608 29.2589 29.3856 30.0361 29.0995 0.0405208 0.0106826
749 300 28.3562 28.4608 29.2589 29.3856 30.0361 29.0995 0.0359296 0.0123303
779 224 29.9568 30.7457 31.3287 31.3563 31.5716 30.9918 0.0508976 0.024385
701 300 29.9568 30.7457 31.2513 31.3284 31.5115 30.9587 0.0285929 0.00735048
600 300 29.9568 30.7457 31.062 31.2513 31.3284 30.8689 0.0319933 0.0118307
708 300 29.9568 30.7457 31.0704 31.2513 31.3279 30.8704 0.0461364 0.0159982
745 140 29.9568 30.6414 30.7457 30.9682 31.0709 30.6766 0.0530671 0.0239366
529 0 29.9568 30.4025 30.7315 30.7457 31.0709 30.5815 0.0142154 0.00989423
777 12 29.9568 30.4025 30.7315 30.7457 31.0704 30.5814 0.0165136 0.0106891
407 0 29.9568 30.4025 30.7315 30.7457 31.0709 30.5815 0.0165173 0.0121897
629 300 29.9568 30.4025 30.7315 30.7457 31.0709 30.5815 0.0484879 0.0232801
528 108 29.9568 30.4025 30.7315 30.7457 31.0704 30.5814 0.0487461 0.00720442
675 0 29.9568 30.4025 30.7315 30.7457 31.0709 30.5815 0.0241876 0.0198644
710 0 29.9568 30.4025 30.7315 30.7457 31.0709 30.5815 0.0199733 0.0156863
620 300 29.9568 30.4025 30.7315 30.7457 31.0704 30.5814 0.0416443 0.0231029
608 63 29.9568 30.0683 30.4025 30.7315 30.7457 30.381 0.026846 0.014553
763 80 29.9568 30.0793 30.4025 30.7315 30.7457 30.3832 0.0388854 0.0122701
747 300 29.5933 29.9568 30.0793 30.2106 30.4025 30.0485 0.034002 0.0134661
762 300 29.1853 29.5911 29.9568 30.0793 30.4025 29.843 0.0618272 0.0218551
493 0 29.1853 29.5911 29.9568 30.0793 30.4025 29.843 0.0159371 0.0116123
679 300 29.1853 29.5911 29.9568 30.0793 30.4025 29.843 0.0407169 0.0225421
735 300 29.1853 29.5911 29.9568 30.0793 30.4025 29.843 0.0365931 0.0143494
786 300 29.1853 29.5911 29.9568 30.0793 30.4025 29.843 0.0375099 0.00656228
705 300 29.1853 29.5911 29.9568 30.0793 30.4025 29.843 0.0389841 0.012835
784 252 29.1853 29.5911 29.9568 30.0793 30.4025 29.843 0.045307 0.0171791
759 300 29.1853 29.5911 29.9568 30.0793 30.4025 29.843 0.0420899 0.0143137
409 0 29.1853 29.5911 29.9568 30.0793 30.4025 29.843 0.0250391 0.0206814
381 0 29.1853 29.5911 29.9568 30.0793 30.4025 29.843 0.0196429 0.0153299
282 10 29.1853 29.5911 29.9568 30.0793 30.4025 29.843 0.0204357 0.0122306
274 24 29.1853 29.5911 29.9568 30.0793 30.4025 29.843 0.0299891 0.0150738
583 300 29.1853 29.5911 29.9568 30.0793 30.4025 29.843 0.0382252 0.0116464
708 300 29.1853 29.5911 29.9568 30.0793 30.4025 29.843 0.0436006 0.0137531
765 300 29.1853 29.5911 29.9568 30.0793 30.4025 29.843 0.0503455 0.0240997
699 187 29.1853 29.5911 29.9568 30.0793 30.4025 29.843 0.0324887 0.00728768
910 264 29.1853 29.5911 29.9568 30.0793 30.4025 29.843 0.0472234 0.0223771
776 300 29.1853 29.5911 29.9568 30.0793 30.4025 29.843 0.0339515 0.00682342
706 0 29.1853 29.5911 29.9568 30.0793 30.4025 29.843 0.0277045 0.0233812
366 0 29.1853 29.5911 29.9568 30.0793 30.4025 29.843 0.0216754 0.0172968
734 300 29.1853 29.5911 29.9568 30.0793 30.4025 29.843 0.0374545 0.0123889
707 300 29.1853 29.5911 29.9568 30.0793 30.4025 29.843 0.0395886 0.0111286
726 300 29.1853 29.5911 29.9568 30.0793 30.4025 29.843 0.0473719 0.0148773
726 117 29.1853 29.5911 29.9568 30.0793 30.4025 29.843 0.0348946 0.0110018
650 162 29.1853 29.5911 29.9568 30.0793 30.4025 29.843 0.0425468 0.0119932
695 300 29.1853 29.5911 29.9568 30.0793 30.2165 29.8058 0.0399926 0.014377
515 40 29.1853 29.5911 29.9568 30.0793 30.2156 29.8056 0.0250354 0.0117974
616 0 29.1853 29.5911 29.9568 30.0793 30.2156 29.8056 0.0182766 0.0139542
748 300 29.1853 29.5911 29.9568 30.0793 30.2156 29.8056 0.0567317 0.027232
718 0 29.9568 30.0793 31.1096 76.6636 79.0462 49.3711 0.0121994 0.00786611
781 186 29.9568 30.0793 30.6201 31.1096 31.8389 30.7209 0.0437325 0.0186502
744 112 29.9568 30.0793 30.6258 31.1096 31.2487 30.604 0.0400513 0.0115833
932 12 29.9568 30.0793 30.6258 31.1096 31.2409 30.6025 0.0187535 0.0127804
715 132 29.9568 30.0793 30.6258 31.1096 31.2409 30.6025 0.0380445 0.0101803
748 300 29.9568 30.0793 30.6258 31.1096 31.2409 30.6025 0.0578732 0.0212977
743 300 29.9568 30.0793 30.6258 31.1096 31.2409 30.6025 0.0258766 0.0072772
767 300 29.9568 30.0793 30.6258 30.8543 30.9711 30.4975 0.0498838 0.0255906
662 300 29.9568 30.0793 30.4025 30.6258 30.7315 30.3592 0.025637 0.00738555
747 300 29.9568 30.0793 30.4025 30.6258 30.7315 30.3592 0.0564408 0.0256389
676 66 29.9568 30.0793 30.4025 30.6258 30.7315 30.3592 0.0242439 0.00762949
333 0 29.9568 30.0793 30.4025 30.6258 30.7315 30.3592 0.0154187 0.0110835
690 38 29.9568 30.0793 30.4025 30.6258 30.7315 30.3592 0.0296467 0.0206946
545 300 29.9568 30.0793 30.4025 30.6258 30.7315 30.3592 0.0488974 0.0124537
786 52 29.9568 30.0793 30.4025 30.6258 30.7315 30.3592 0.0286759 0.011478
746 44 30.0793 30.7315 30.7386 30.9701 32.2777 30.9594 0.0271383 0.0126916
426 0 30.0793 30.7315 30.7386 30.9701 32.2777 30.9594 0.0203896 0.0160657
894 154 30.0793 30.7315 30.7386 30.9701 32.2777 30.9594 0.048016 0.0182465
822 300 30.0793 30.7315 30.7386 30.9701 31.5136 30.8066 0.0338849 0.00860892
700 300 30.0793 30.7315 30.7386 30.9701 31.4478 30.7935 0.0361149 0.0115165
681 3 30.0793 30.7315 30.7386 30.9701 31.2409 30.7521 0.0222645 0.0172815
681 300 30.0793 30.7315 30.7386 30.9701 31.2409 30.7521 0.0360682 0.0114305
641 176 30.0793 30.7315 30.7386 30.9701 31.2409 30.7521 0.0471811 0.0153727
643 0 30.0793 30.7315 30.7386 30.9701 31.2409 30.7521 0.0160622 0.0117152
604 33 30.0793 30.7315 30.7386 30.9701 31.2409 30.7521 0.0317901 0.02121
704 0 30.0793 30.7315 30.7386 30.9701 31.2409 30.7521 0.0223983 0.018038
772 300 30.0793 30.7315 30.7386 30.9701 31.2409 30.7521 0.0467692 0.0179404
740 60 30.0793 30.7315 30.7386 30.9701 31.2409 30.7521 0.0402135 0.0194613
694 178 30.0793 30.7315 30.7386 30.9701 31.2409 30.7521 0.0361848 0.0145989
457 235 30.0793 30.7315 30.7386 30.9701 31.2409 30.7521 0.0545684 0.0230027
560 78 30.0793 30.7315 30.7386 30.9701 31.2409 30.7521 0.0433228 0.0120519
567 0 30.0793 30.7315 30.7386 30.9701 31.2409 30.7521 0.027955 0.0236603
332 0 30.0793 30.7315 30.7386 30.9701 31.2409 30.7521 0.020591 0.0161947
695 126 30.0793 30.7315 30.7386 30.9701 31.2409 30.7521 0.0338088 0.0125383
699 25 30.0793 30.7315 30.7386 30.9701 31.2409 30.7521 0.021758 0.0117153
752 9 30.0793 30.7315 30.7386 30.9701 31.2409 30.7521 0.029974 0.0241696
702 276 30.0793 30.7315 30.7386 30.9701 31.2409 30.7521 0.0311436 0.00777127
422 12 30.0793 30.7315 30.7386 30.9701 31.2409 30.7521 0.0193994 0.0128449
571 0 30.0793 30.7315 30.7386 30.9701 31.2409 30.7521 0.0129666 0.00866252
762 18 30.0793 30.7315 30.7386 30.9701 31.2409 30.7521 0.0155042 0.00920264
702 234 30.0793 30.7315 30.7386 30.9701 31.2409 30.7521 0.0392267 0.0084727
643 0 30.0793 30.7315 30.7386 30.9701 31.2409 30.7521 0.0132883 0.00895532
552 0 30.0793 30.7315 30.7386 30.9701 31.2409 30.7521 0.0144322 0.0101539
795 300 30.0793 30.7315 30.7386 30.9701 31.2409 30.7521 0.02747 0.0124638
535 16 30.0793 30.7315 30.7386 30.9701 31.2409 30.7521 0.0260467 0.0190131
711 0 30.0793 30.7315 30.7386 30.9701 31.2409 30.7521 0.0301204 0.0258197
455 26 30.0793 30.7315 30.7386 30.9701 31.2409 30.7521 0.0272793 0.0130632
838 0 30.0793 30.7315 30.7386 30.9701 31.2409 30.7521 0.0337505 0.0294317
333 0 30.0793 30.7315 30.7386 30.9701 31.2409 30.7521 0.0167306 0.0124445
765 26 30.0793 30.7315 30.7386 30.9701 31.2409 30.7521 0.0293696 0.0210963
534 9 30.0793 30.7315 30.7386 30.9701 31.2409 30.7521 0.0167946 0.0113348
698 300 30.0793 30.7315 30.7386 30.9701 31.2409 30.7521 0.0547731 0.0236559
872 300 30.0793 30.7315 30.7386 30.9701 31.2409 30.7521 0.0269453 0.00782486
655 56 30.0793 30.7315 30.7386 30.9701 31.2409 30.7521 0.032923 0.0227663
664 18 30.0793 30.7315 30.7386 30.9701 31.111 30.7261 0.0279772 0.0219616
503 300 30.1762 31.0628 31.1881 32.1405 32.303 31.3741 0.0236721 0.000146821
670 300 28.3011 29.0096 29.8704 30.0801 30.1123 29.4747 0.0347075 0.0055074
453 50 28.0274 28.7371 29.8074 29.8711 30.0531 29.2992 0.0300879 0.0131707
318 72 28.0274 28.7371 29.8074 29.8711 30.1904 29.3267 0.0350432 0.0093997
261 0 28.0274 28.7371 29.8074 29.8711 30.1252 29.3136 0.0153828 0.01101
319 60 28.0274 28.7371 29.8074 29.8711 30.0931 29.3072 0.0329909 0.0111544
612 300 28.0274 28.7371 29.4228 29.7155 29.8074 29.142 0.0436271 0.0290148
697 300 28.0274 28.7371 29.2687 29.4157 29.8074 29.0513 0.0281188 0.00765225
369 62 28.0274 28.7371 29.2687 29.4157 29.8074 29.0513 0.0330788 0.0112207
451 48 28.0274 28.7371 29.2687 29.4157 29.8074 29.0513 0.0282587 0.0123751
618 300 28.0274 28.7371 29.1426 29.2687 29.4157 28.9183 0.0474031 0.0224244
640 300 28.0274 28.7371 29.1454 29.2687 29.4157 28.9189 0.0411915 0.0117678
626 300 28.0274 28.7371 29.1454 29.2687 29.4157 28.9189 0.0426103 0.020777
642 300 28.0274 28.7371 29.1454 29.2687 29.4157 28.9189 0.0421357 0.00919609
403 108 28.0274 28.7371 29.1454 29.1597 29.2687 28.8677 0.045251 0.0111508
738 300 28.0274 28.7371 29.1454 29.1556 29.2687 28.8668 0.0301075 0.00803858
435 300 28.0274 28.7371 29.1454 29.1556 29.2687 28.8668 0.0495584 0.0229663
684 300 28.0274 28.3119 28.453 28.7371 29.1454 28.535 0.0273566 0.0100216
396 0 28.0274 28.294 28.4608 28.7371 29.1454 28.5329 0.0151457 0.0108335
696 300 28.0274 28.294 28.4608 28.7371 29.1454 28.5329 0.0454017 0.0185991
697 300 28.0274 28.294 28.4608 28.7371 29.1454 28.5329 0.0473636 0.0216522
646 300 28.0274 28.294 28.4608 28.7371 29.1454 28.5329 0.029274 0.00944837
673 300 28.0274 28.294 28.4608 28.7371 29.1454 28.5329 0.0373278 0.0116643
673 300 28.0274 28.294 28.4608 28.7371 29.1454 28.5329 0.0297987 0.00849394
622 300 28.0274 28.294 28.4608 28.7371 29.1454 28.5329 0.0502132 0.0205883
216 5 28.0274 28.294 28.356 28.4608 28.7371 28.3751 0.0127617 0.00703663
663 300 28.0274 28.294 28.3562 28.4608 28.7371 28.3751 0.0421949 0.0201079
648 300 28.0274 28.294 28.3562 28.4608 28.7371 28.3751 0.0361963 0.00704986
607 300 28.3562 28.4608 29.9816 30.2544 30.3746 29.4855 0.0425223 0.0207718
793 300 28.3562 28.4608 29.9354 30.2545 30.3285 29.4671 0.0329022 0.00831446
681 300 28.3562 28.4608 29.9354 30.2545 30.3285 29.4671 0.0552083 0.0210005
714 300 28.3562 28.4608 29.9354 30.2545 30.3285 29.4671 0.033916 0.00879906
557 300 28.3562 28.4608 29.9354 30.1905 30.2545 29.4395 0.0351965 0.0114239
708 300 28.3562 28.4608 29.0848 29.4776 29.5914 28.9942 0.0414486 0.00920539
295 19 28.3562 28.4608 28.9878 29.3809 29.4868 28.9345 0.0222647 0.0122629
692 300 28.3562 28.4608 28.9878 29.3809 29.4868 28.9345 0.0484417 0.0178462
777 300 28.3562 28.4608 28.9878 29.3809 29.4868 28.9345 0.0553456 0.0222697
753 300 28.3562 28.4608 28.9878 29.3809 29.4868 28.9345 0.0322281 0.00973191
342 0 28.3562 28.4608 28.9878 29.3809 29.4868 28.9345 0.0155578 0.01118
641 0 28.3562 28.4608 28.9878 29.3809 29.4868 28.9345 0.0243727 0.020098
829 300 28.3562 28.4608 28.9878 29.3809 29.4868 28.9345 0.0307998 0.0103701
570 300 28.3562 28.4608 28.9878 29.3809 29.4868 28.9345 0.0419458 0.00687089
473 63 28.3562 28.4608 28.9878 29.3809 29.4868 28.9345 0.0322563 0.00845664
535 0 28.3562 28.4608 28.9878 29.3809 29.4868 28.9345 0.0171786 0.0128254
750 300 28.3562 28.4608 28.9878 29.3809 29.4868 28.9345 0.043174 0.0114618
647 75 28.1837 28.3562 28.4608 28.9878 29.269 28.6515 0.0302387 0.00952758
609 56 27.9631 28.3562 28.4608 28.9526 28.9878 28.5441 0.0291077 0.0114158
480 300 27.9631 28.3562 28.4608 28.9526 28.9878 28.5441 0.0263253 0.00726402
540 39 27.9631 28.3562 28.4608 28.9526 28.9878 28.5441 0.020483 0.0110587
744 300 27.9631 28.3562 28.4608 28.9526 28.9878 28.5441 0.0276941 0.00820429
784 300 27.9631 28.3562 28.4608 28.9526 28.9878 28.5441 0.0290383 0.00719977
659 50 27.9631 28.3562 28.4608 28.9526 28.9878 28.5441 0.0207889 0.0122326
429 170 27.9631 28.3562 28.4608 28.9526 28.9878 28.5441 0.0475512 0.00943226
712 300 27.9631 28.3562 28.4608 28.9526 28.9878 28.5441 0.0349437 0.00744954
668 300 27.9631 28.3562 28.4608 28.9526 28.9878 28.5441 0.02886 0.0144269
477 300 27.9631 28.3562 28.4608 28.9526 28.9878 28.5441 0.04091 0.0134332
521 96 27.9631 28.3562 28.4608 28.9526 28.9878 28.5441 0.0508732 0.0106414
645 75 27.9631 28.3562 28.4608 28.9526 28.9878 28.5441 0.0280848 0.0113884
476 0 73.7949 75.9519 75.9741 79.7724 82.1137 77.5214 0.0140263 0.00967609
764 300 31.8327 32.08 32.6846 32.8654 32.8953 32.4716 0.0345628 0.0145256
640 0 31.5115 31.599 32.3275 32.4258 32.8659 32.1459 0.0156044 0.0112903
395 80 31.5115 31.5985 31.6788 31.8604 32.3275 31.7953 0.0433197 0.0123046
462 0 31.5115 31.599 31.638 31.8598 32.3275 31.7871 0.0103173 0.00601032
444 130 31.5115 31.599 31.638 31.8598 32.3275 31.7871 0.033552 0.006838
437 0 31.5115 31.5985 31.638 31.8598 32.3275 31.787 0.0120812 0.0077521
470 0 31.5115 31.599 31.638 31.8598 32.3275 31.7871 0.0112289 0.00693695
367 2 31.5115 31.599 31.638 31.8598 32.3275 31.7871 0.0136087 0.00803317
704 0 31.5115 31.5985 31.638 31.8598 32.3275 31.787 0.015534 0.0112417
636 215 30.0795 31.1095 31.2014 31.5115 31.599 31.1002 0.0388949 0.00563429
302 0 30.0793 31.1096 31.202 31.5115 31.599 31.1003 0.0125289 0.0081308
683 300 30.0793 30.6464 31.1096 31.202 31.2825 30.864 0.042016 0.0194899
711 300 30.0793 30.6322 30.963 31.1096 31.202 30.7972 0.0277506 0.00659372
620 187 30.0793 30.6322 30.963 31.1096 31.202 30.7972 0.0535436 0.0176088
727 113 30.0793 30.6322 30.963 31.1096 31.202 30.7972 0.0425133 0.00852274
549 232 30.0793 30.6322 30.963 31.1096 31.202 30.7972 0.0366645 0.0127838
417 0 30.0793 30.6322 30.963 31.1096 31.202 30.7972 0.0128616 0.00851871
294 6 30.0793 30.6322 30.963 31.1096 31.202 30.7972 0.0132331 0.00743312
633 196 30.0793 30.6322 30.7314 30.963 31.1096 30.7031 0.0347894 0.0101636
643 300 30.0793 30.6322 30.7315 30.963 31.1096 30.7031 0.0411096 0.0108898
744 300 30.0793 30.6322 30.7315 30.963 31.1096 30.7031 0.0399122 0.00928133
544 189 30.0793 30.6322 30.7315 30.7382 30.963 30.6288 0.0378882 0.0109152
630 54 30.0793 30.6322 30.7315 30.7386 30.963 30.6289 0.0224708 0.00668119
541 83 30.0793 30.6322 30.7315 30.7386 30.963 30.6289 0.0292873 0.0107958
500 110 30.0793 30.6322 30.7315 30.7386 30.963 30.6289 0.0545041 0.0109747
583 300 30.0793 30.4003 30.6322 30.7315 30.7386 30.5164 0.0372256 0.0098763
400 0 30.0793 30.4025 30.6322 30.7315 30.7386 30.5168 0.0134585 0.00908351
437 230 30.0793 30.4025 30.6322 30.7315 30.7386 30.5168 0.0384323 0.0108547
403 0 30.0793 30.4025 30.6322 30.7315 30.7386 30.5168 0.0126708 0.00829879
569 13 30.0793 30.4025 30.6322 30.7315 30.7386 30.5168 0.0174616 0.010639
594 300 30.0793 30.4025 30.6322 30.7315 30.7386 30.5168 0.0388724 0.00904994
733 300 30.0793 30.4025 30.6322 30.7315 30.7386 30.5168 0.0502788 0.0224407
448 0 30.0793 30.4025 30.6322 30.7315 30.7386 30.5168 0.012745 0.00839744
731 300 30.0793 30.4025 30.6322 30.7315 30.7386 30.5168 0.0380196 0.0136776
755 300 30.0793 30.4025 30.6322 30.7315 30.7386 30.5168 0.0533563 0.00828775
815 0 30.0793 30.4025 30.6322 30.7315 30.7386 30.5168 0.0104382 0.00610747
581 17 30.0793 30.4025 30.6322 30.7315 30.7386 30.5168 0.0124878 0.00557861
420 60 30.0793 30.4025 30.6322 30.7315 30.7386 30.5168 0.0476625 0.0109294
666 300 30.0793 30.4025 30.6322 30.7315 30.7386 30.5168 0.0299344 0.0075344
580 288 30.0793 30.4025 30.6322 30.7315 30.7386 30.5168 0.0594178 0.0267104
653 117 30.0793 30.4025 30.6322 30.7315 30.7386 30.5168 0.0433873 0.00755554
755 300 30.0793 30.4025 30.6322 30.7315 30.7386 30.5168 0.0474335 0.0217435
737 300 30.0793 30.4025 30.6322 30.7315 30.7386 30.5168 0.0414466 0.0103069
591 195 30.0793 30.4025 30.6322 30.7315 30.7386 30.5168 0.038573 0.00752844
761 300 30.0793 30.4025 30.6322 30.7315 30.7386 30.5168 0.0328511 0.00755418
761 72 30.0793 30.4025 30.6322 30.7315 30.7386 30.5168 0.0373275 0.0159201
548 0 30.0793 30.4025 30.6322 30.7315 30.7386 30.5168 0.0119067 0.00760615
719 300 30.0793 30.4025 30.6322 30.7315 30.7386 30.5168 0.0459086 0.0127638
590 196 30.0793 30.4025 30.6322 30.7315 30.7386 30.5168 0.0305087 0.0111544
650 8 30.0793 30.4025 30.6322 30.7315 30.7386 30.5168 0.0188854 0.0126401
681 0 30.0793 30.4025 30.6322 30.7315 30.7386 30.5168 0.0172236 0.0129257
721 300 30.0793 30.4025 30.6322 30.7315 30.7386 30.5168 0.0338929 0.0119928
735 300 30.0793 30.4025 30.6322 30.7315 30.7386 30.5168 0.0293781 0.00734356
630 84 30.0793 30.4025 30.6322 30.7315 30.7386 30.5168 0.038931 0.0119406
774 300 30.0793 30.4025 30.6322 30.7315 30.7386 30.5168 0.0317775 0.00771578
735 300 30.0793 30.4025 30.6322 30.7315 30.7386 30.5168 0.0328776 0.00768788
666 0 30.0793 30.4025 30.6322 30.7315 30.7386 30.5168 0.0120582 0.00770863
617 0 30.0793 30.4025 30.6322 30.7315 30.7386 30.5168 0.0153509 0.0110401
755 264 30.0793 30.4025 30.6322 30.7315 30.7386 30.5168 0.0563283 0.0238059
765 300 30.0793 30.7315 30.7386 30.9691 31.646 30.8329 0.0584273 0.0214171
706 300 30.0793 30.7315 30.7386 30.9691 31.5115 30.806 0.034783 0.00972813
656 300 30.0793 30.7315 30.7386 30.9691 31.5115 30.806 0.0429012 0.0126594
818 208 30.0793 30.7315 30.7386 30.9691 30.9704 30.6978 0.0368712 0.00782672
663 26 30.0793 30.7315 30.7386 30.963 30.9691 30.6963 0.021475 0.011973
301 4 30.0793 30.7315 30.7386 30.963 30.9691 30.6963 0.0246617 0.0189866
582 8 30.0793 30.7315 30.7386 30.963 30.9691 30.6963 0.0154353 0.0101819
679 8 30.0793 30.7315 30.7386 30.963 30.9691 30.6963 0.0241769 0.0190022
651 0 30.0793 30.7315 30.7386 30.963 30.9691 30.6963 0.0162321 0.0119367
643 300 30.0793 30.7315 30.7386 30.963 30.9691 30.6963 0.0330709 0.0106362
679 126 30.0793 30.7315 30.7386 30.963 30.9691 30.6963 0.0603682 0.023573
715 13 30.0793 30.7315 30.7386 30.963 30.9691 30.6963 0.0141954 0.00757595
710 84 30.0793 30.7315 30.7386 30.963 30.9691 30.6963 0.0519822 0.0224729
746 300 30.0793 30.7315 30.7386 30.963 30.9691 30.6963 0.0249622 0.00760404
636 0 30.0793 30.7315 30.7386 30.963 30.9691 30.6963 0.0163401 0.0120227
446 0 30.0793 30.7315 30.7386 30.963 30.9691 30.6963 0.0258518 0.0215459
296 0 30.0793 30.7315 30.7386 30.963 30.9691 30.6963 0.0209396 0.0165587
502 0 30.0793 30.7315 30.7386 30.963 30.9691 30.6963 0.0156811 0.0113709
310 0 30.0793 30.7315 30.7386 30.963 30.9691 30.6963 0.0163339 0.0119964
778 288 30.0793 30.7315 30.7386 30.963 30.9691 30.6963 0.043041 0.0127295
542 300 30.0793 30.7315 30.7386 30.963 30.9691 30.6963 0.0436425 0.0128773
677 228 30.0793 30.7315 30.7386 30.963 30.9691 30.6963 0.0429969 0.00821181
647 162 30.0793 30.7315 30.7386 30.963 30.9691 30.6963 0.0389978 0.0178741
824 0 30.0793 30.7315 30.7386 30.963 30.9691 30.6963 0.0127164 0.00835502
681 0 30.0793 30.7315 30.7386 30.963 30.9691 30.6963 0.0136734 0.00938531
536 0 30.0793 30.7315 30.7386 30.963 30.9691 30.6963 0.0134622 0.00917314
251 0 30.0793 30.7315 30.7386 30.963 30.9691 30.6963 0.0139192 0.00961667
294 0 30.0793 30.7315 30.7386 30.963 30.9691 30.6963 0.0129422 0.00859716
459 7 30.0793 30.7315 30.7386 30.963 30.9691 30.6963 0.0307583 0.0246534
426 0 30.0793 30.7315 30.7386 30.963 30.9691 30.6963 0.0140491 0.00974594
831 138 30.0793 30.7315 30.7386 30.963 30.9691 30.6963 0.0356237 0.0118154
709 300 30.0793 30.7315 30.7386 30.963 30.9691 30.6963 0.0304711 0.0118012
632 286 30.0793 30.7315 30.7386 30.963 30.9691 30.6963 0.0341195 0.00920287
682 0 30.0793 30.7315 30.7386 30.963 30.9691 30.6963 0.0119186 0.00758883
769 35 30.0793 30.7315 30.7386 30.963 30.9691 30.6963 0.0270123 0.0167491
688 300 30.0793 30.7315 30.7386 30.963 30.9691 30.6963 0.0373544 0.00772362
462 5 30.0793 30.7315 30.7386 30.963 30.9691 30.6963 0.0296407 0.0239702
552 5 30.0793 30.7315 30.7386 30.963 30.9691 30.6963 0.0132987 0.00790484
794 18 30.0793 30.7315 30.7386 30.963 30.9691 30.6963 0.0188603 0.0120867
321 16 30.0793 30.7315 30.7386 30.963 30.9691 30.6963 0.0305717 0.0195224
508 253 31.1933 32.0968 32.1196 33.1164 33.4446 32.3941 0.0242586 0.000238915
272 252 29.9773 30.9811 32.0932 32.101 33.1303 31.6566 0.0346188 0.00907458
230 0 29.9784 30.9811 32.0932 32.101 33.1304 31.6568 0.0151256 0.0104929
419 0 29.9784 30.9811 32.0932 32.101 33.1304 31.6568 0.0202545 0.0157662
271 0 29.9784 30.9811 32.0932 32.101 33.1304 31.6568 0.0150067 0.0106522
642 300 29.3723 29.9784 30.1419 30.2086 30.9811 30.1364 0.0303424 0.00855141
237 3 29.4513 29.9784 30.2332 30.2829 30.9811 30.1854 0.0156566 0.0103216
274 121 29.417 29.9784 30.199 30.238 30.7776 30.122 0.0407267 0.0168605
775 300 29.3508 29.9784 30.1328 30.1839 30.7494 30.0791 0.0418918 0.0171671
552 300 29.3427 29.8801 29.9784 30.1247 30.1637 29.8979 0.031615 0.0086503
767 300 29.3088 29.8793 29.9784 30.0908 30.1371 29.8789 0.0485765 0.0187619
735 300 29.2618 29.4377 29.8793 29.9784 30.2196 29.7554 0.0349261 0.00859123
921 300 28.438 29.386 29.8793 29.9784 30.1679 29.5699 0.0385302 0.0213714
763 300 28.3872 29.3472 29.8793 29.9784 30.1291 29.5442 0.0323794 0.00750681
282 52 28.5675 29.3282 29.8793 29.9784 30.1102 29.5727 0.0272734 0.0107738
365 182 28.5392 29.2675 29.8793 29.9784 30.0494 29.5428 0.0378062 0.0124424
710 300 28.4888 29.398 29.8793 29.9784 30.1799 29.5849 0.0505146 0.023046
617 300 28.4487 29.334 29.8793 29.9784 30.1159 29.5513 0.0242337 0.00574457
235 0 28.43 29.2791 29.8793 29.9784 30.0611 29.5256 0.0148385 0.0103533
253 0 28.3695 29.4333 29.8793 29.9784 30.2153 29.5752 0.0251758 0.0208453
162 0 28.5008 29.3792 29.8793 29.9784 30.1612 29.5798 0.015205 0.0108408
291 77 28.4367 29.3357 29.8793 29.9784 30.1177 29.5495 0.0318179 0.0078312
337 8 28.3833 29.2838 29.8274 29.8793 29.9784 29.4704 0.0165646 0.0109422
801 300 28.5459 29.4496 29.6137 29.8793 29.9784 29.4934 0.047064 0.0166288
782 300 28.5024 29.4129 29.6137 29.8793 29.9784 29.4773 0.0426308 0.0194706
669 300 28.4381 28.5695 29.3471 29.6137 29.8793 29.1695 0.0318389 0.00905635
358 243 28.3874 28.5208 29.1554 29.3278 29.6137 29.001 0.0480588 0.0232729
516 300 28.5682 28.6745 29.1556 29.2669 29.6137 29.0558 0.0266336 0.00805434
393 0 28.5412 28.6642 29.1556 29.3964 29.6137 29.0742 0.0160364 0.0116556
670 300 28.4926 28.6275 29.1556 29.3326 29.6137 29.0444 0.0333729 0.0126928
747 300 28.4294 28.5695 29.1556 29.2757 29.6137 29.0088 0.0475884 0.0195038
667 300 28.3686 28.5122 29.1556 29.4223 29.6137 29.0145 0.0260406 0.00688428
697 300 28.4983 28.645 29.1556 29.355 29.6137 29.0535 0.0414356 0.0203041
690 300 28.4344 28.5978 29.1556 29.3073 29.6137 29.0218 0.0336182 0.00844366
628 300 28.3781 28.5342 29.1556 29.4346 29.6137 29.0232 0.0412985 0.0209333
656 300 28.475 28.5268 29.1556 29.3814 29.6137 29.0305 0.0297405 0.0068234
753 300 28.4665 28.6122 29.1556 29.339 29.6137 29.0374 0.0405551 0.0187782
482 173 28.4154 28.547 29.1556 29.2945 29.6137 29.0052 0.0249222 0.0069809
713 300 28.5123 28.5602 29.1556 29.4128 29.6137 29.0509 0.0498578 0.0226318
839 300 28.5193 28.6452 29.1556 29.3471 29.6137 29.0562 0.0373197 0.00966062
437 183 28.4602 28.5983 29.1556 29.3278 29.6137 29.0311 0.0482717 0.0234341
694 300 28.4467 28.5347 29.1556 29.2668 29.6137 29.0035 0.0284784 0.00705902
303 26 28.4203 28.4759 29.1556 29.3961 29.6137 29.0123 0.0363602 0.0227568
252 0 28.3602 28.6149 29.3323 63.7874 70.0405 44.027 0.0195588 0.0151299
680 264 28.4737 28.5494 29.2751 31.2484 31.3409 29.7775 0.0453624 0.0218896
679 45 28.4257 28.5227 29.4205 31.2409 31.3388 29.7897 0.0191275 0.00818976
359 0 28.3639 28.4624 29.3536 31.2409 31.3383 29.7518 0.0200879 0.0156579
733 300 28.4854 28.5788 29.3034 31.2409 31.3389 29.7895 0.0400706 0.017091
412 0 28.4442 28.5326 29.4269 31.2409 31.3388 29.7967 0.0157374 0.011272
680 300 28.4095 28.4722 29.15 29.3688 29.55 28.9901 0.0349433 0.0157182
737 300 28.539 28.604 28.9483 29.3187 29.3491 28.9518 0.0426677 0.0227947
689 300 28.4884 28.5398 28.9483 29.3491 29.463 28.9577 0.0279501 0.00721513
643 0 28.4482 28.4864 28.9483 29.3491 29.4507 28.9366 0.0285519 0.0241269
294 35 28.4277 28.6621 28.9483 29.3491 29.4155 28.9605 0.0300507 0.0176928
697 300 28.3661 28.6219 28.9483 29.3491 29.3495 28.927 0.0457613 0.0207961
705 300 28.4916 28.5649 28.9483 29.3374 29.3491 28.9383 0.0373652 0.00870075
594 300 28.4598 28.5496 28.9483 29.2889 29.3491 28.9191 0.0476341 0.0221846
811 300 28.4451 28.5233 28.9483 29.3491 29.4055 28.9343 0.0300826 0.00902518
342 270 30.0339 31.3792 31.4692 31.6348 31.7241 31.2482 0.0423828 0.0227981
393 30 29.9995 31.2409 31.3279 31.5115 31.5985 31.1356 0.0190547 0.0075246
472 0 30.115 31.2409 31.3284 31.5115 31.599 31.1589 0.0167999 0.0121761
753 300 30.0577 30.7374 31.2409 31.3284 31.5115 30.9752 0.033956 0.0134838
432 0 30.0058 30.7315 31.2409 31.3279 31.5115 30.9635 0.0163009 0.0112156
303 0 30.1264 30.7315 31.2409 31.3284 31.5115 30.9877 0.0134938 0.00918723
650 300 30.0761 30.7315 31.2409 31.3284 31.5115 30.9777 0.0504383 0.0182096
616 300 30.0302 30.7315 31.2409 31.3279 31.5115 30.9684 0.0377817 0.0152357
671 300 29.9837 30.7315 31.2409 31.3284 31.5115 30.9592 0.0470552 0.0261532
785 300 30.1608 30.7315 31.2409 31.3284 31.506 30.9935 0.0411735 0.0112515
495 300 29.195 30.0829 30.1356 30.4505 30.7315 30.1191 0.0478106 0.0260466
670 300 29.1853 30.0797 30.083 30.452 30.7315 30.1063 0.0277378 0.00753974
714 0 29.1853 30.0452 30.0797 30.452 30.7315 30.0988 0.0282783 0.0228357
673 300 29.1853 30.0245 30.0797 30.452 30.7315 30.0946 0.0451386 0.0186922
604 0 29.1853 29.9592 30.0797 30.452 30.7315 30.0816 0.0251573 0.020264
616 300 29.1853 30.0797 30.0949 30.452 30.7315 30.1087 0.0377893 0.010284
294 0 29.1853 30.0293 30.0797 30.452 30.7315 30.0956 0.0157282 0.0112485
413 0 29.1853 29.9812 30.0797 30.452 30.7315 30.086 0.0151529 0.0108446
365 0 29.1853 30.0797 30.1545 30.452 30.7315 30.1206 0.0159854 0.0115264
762 300 29.1853 29.8751 30.0797 30.1101 30.452 29.9405 0.0454405 0.0186458
499 196 29.1853 29.5911 30.0511 30.0797 30.452 29.8719 0.0382212 0.0113972
587 300 29.1853 29.5911 30.0357 30.0797 30.452 29.8688 0.0242364 0.00764803
473 142 29.1853 29.5911 30.0084 30.0797 30.452 29.8633 0.0340639 0.011897
594 0 29.1853 29.5911 30.0797 30.1373 30.452 29.8891 0.0152233 0.0107806
708 300 29.1853 29.5911 30.0797 30.086 30.452 29.8788 0.0398112 0.0195025
634 300 29.1853 29.5911 30.0521 30.0797 30.452 29.872 0.0383805 0.0149597
284 0 29.1853 29.5911 30.0429 30.0797 30.452 29.8702 0.0156074 0.0111809
632 105 29.1853 29.5911 30.0175 30.0797 30.452 29.8651 0.0377912 0.0186216
770 0 29.1853 29.5911 29.9424 30.0797 30.452 29.8501 0.0355397 0.0222316
334 28 29.1853 29.5911 30.0697 30.0797 30.452 29.8756 0.0223623 0.0103373
760 0 29.1853 29.5911 30.0221 30.0797 30.452 29.866 0.0229291 0.016478
381 0 29.1853 29.5911 29.952 30.0797 30.452 29.852 0.0180808 0.013539
763 300 29.1853 29.5911 30.0797 30.0834 30.452 29.8783 0.0439385 0.0235823
149 0 29.1853 29.5911 30.0459 30.0797 30.452 29.8708 0.0117472 0.00722474
344 26 29.1853 29.5911 30.0265 30.0797 30.452 29.8669 0.0227132 0.0119312
508 300 29.1853 29.5911 29.9664 30.0797 30.452 29.8549 0.0351427 0.0152945
449 74 29.1853 29.5911 30.0797 30.1073 30.452 29.8831 0.0439226 0.0223999
404 128 29.1853 29.5911 30.0461 30.0797 30.452 29.8709 0.0364089 0.00845159
548 0 29.1853 29.5911 30.0268 30.0797 30.452 29.867 0.0165649 0.0120714
703 300 29.1853 29.5911 29.9693 30.0797 30.452 29.8555 0.0409864 0.0214859
750 300 29.1853 29.5911 30.0797 30.1133 30.452 29.8843 0.0470416 0.0255727
635 96 29.1853 29.5911 30.0554 30.0797 30.4073 29.8638 0.0343635 0.0118198
369 2 29.1853 29.5911 30.0021 30.0797 30.4025 29.8522 0.0170839 0.0118363
460 210 29.1853 29.5911 30.0797 30.119 30.4025 29.8755 0.0380427 0.0110084
444 36 29.1853 29.5911 30.0644 30.0797 30.4025 29.8646 0.0200039 0.0112411
632 300 30.0154 30.0793 30.4025 31.6573 33.3209 31.0951 0.0314452 0.0112923
483 20 30.0793 30.1614 30.4025 30.7161 31.0263 30.4771 0.0326617 0.0254208
550 0 30.0793 30.1373 30.4025 30.7315 30.7386 30.4179 0.02173 0.0172699
773 182 30.0793 30.086 30.4025 30.7315 30.7386 30.4076 0.0513191 0.02394
667 202 30.0523 30.0793 30.4025 30.7315 30.7386 30.4009 0.0260316 0.00914912
808 260 30.0432 30.0793 30.4025 30.7315 30.7386 30.399 0.0440151 0.0245654
743 300 30.0185 30.0793 30.4025 30.7315 30.7386 30.3941 0.0262515 0.00713745
433 0 29.9441 30.0793 30.4025 30.7315 30.7386 30.3792 0.0230062 0.0185639
285 0 30.0721 30.0793 30.4025 30.7315 30.7386 30.4048 0.0189172 0.014591
691 300 30.0253 30.0793 30.4025 30.7315 30.7386 30.3955 0.0400572 0.0236247
570 300 29.962 30.0793 30.4025 30.7315 30.7386 30.3828 0.0291756 0.00731158
774 241 30.0793 30.0995 30.4025 30.7315 30.7386 30.4103 0.0547492 0.0293914
624 0 30.0329 30.0793 30.4025 30.7315 30.7386 30.397 0.0129438 0.00821624
770 78 29.9984 30.0793 30.4025 30.7315 30.7386 30.3901 0.0390431 0.0175734
757 0 30.0793 30.1133 30.4025 30.7315 30.7386 30.4131 0.0131131 0.00839286
723 0 30.0793 30.7315 30.7386 32.3762 65.1197 37.8091 0.0272766 0.0227502
284 0 30.0793 30.7315 30.7386 32.3228 65.1259 37.7996 0.0147723 0.0104043
390 0 30.0793 30.7315 30.7386 32.4397 65.1197 37.8218 0.0162498 0.0119557
846 30 30.0793 30.7315 30.7386 32.3851 32.7267 31.3322 0.0297831 0.0216863
743 300 30.0793 30.7315 30.7386 32.3359 32.596 31.2963 0.0420599 0.0230704
487 0 30.0793 30.7315 30.7386 32.481 32.6005 31.3262 0.0136247 0.00924599
330 133 30.0793 30.7315 30.7386 31.7598 32.4496 31.1518 0.035199 0.0109965
481 123 30.0793 30.7315 30.7386 31.3205 31.599 30.8938 0.0506914 0.0193025
311 2 30.0793 30.7315 30.7386 31.3284 31.599 30.8954 0.0170099 0.0117085
796 300 30.0793 30.7315 30.7386 31.3279 31.5985 30.8952 0.0453409 0.0217913
694 0 30.0793 30.7315 30.7386 31.3284 31.599 30.8954 0.0228182 0.0184074
783 0 30.0793 30.7315 30.7386 31.3284 31.599 30.8954 0.0244939 0.0195728
911 300 30.0793 30.7315 30.7386 31.3279 31.5562 30.8867 0.0520353 0.024787
742 300 30.0793 30.7315 30.7386 31.3284 31.5115 30.8779 0.0302687 0.00909204
367 300 30.0793 30.7315 30.7386 31.3284 31.5115 30.8779 0.048928 0.0239007
716 268 30.0793 30.7315 30.7386 31.3279 31.5115 30.8778 0.0222993 0.00743221
596 124 30.0793 30.7315 30.7386 31.3284 31.5115 30.8779 0.0400385 0.0149728
752 300 30.0793 30.7315 30.7386 31.3284 31.5115 30.8779 0.0309733 0.0108632
754 300 30.0793 30.7315 30.7386 31.3279 31.5115 30.8778 0.0454907 0.0225043
835 0 30.0793 30.7315 30.7386 31.3284 31.5115 30.8779 0.0155462 0.0111273
609 0 30.0793 30.7315 30.7386 31.3284 31.5115 30.8779 0.0283804 0.0239524
315 0 30.0793 30.7315 30.7386 31.3279 31.5115 30.8778 0.0196702 0.0153044
762 173 30.0793 30.7315 30.7386 31.3284 31.5115 30.8779 0.0462385 0.022022
755 0 30.0793 30.7315 30.7386 31.3284 31.5115 30.8779 0.0124889 0.008029
375 9 30.0793 30.7315 30.7386 31.3279 31.5115 30.8778 0.0176267 0.0117052
345 0 30.0793 30.7315 30.7386 31.3284 31.5115 30.8779 0.0218121 0.0174543
874 240 30.0793 30.7315 30.7386 31.3284 31.5115 30.8779 0.0450867 0.0245834
610 300 30.0793 30.7315 30.7386 31.3279 31.5115 30.8778 0.0255957 0.00775179
807 0 30.0793 30.7315 30.7386 31.3284 31.5115 30.8779 0.0246651 0.0195772
845 0 30.0793 30.7315 30.7386 31.3284 31.5115 30.8779 0.0225459 0.0162389
706 0 30.0793 30.7315 30.7386 31.3279 31.5115 30.8778 0.0271947 0.0228305
494 101 30.0793 30.7315 30.7386 31.3284 31.5115 30.8779 0.0337014 0.0130364
368 7 30.0793 30.7315 30.7386 31.3284 31.5115 30.8779 0.0225731 0.0171658
575 48 30.0793 30.7315 30.7386 31.3279 31.5115 30.8778 0.0241462 0.00958124
457 0 30.0793 30.7315 30.7386 31.3284 31.5115 30.8779 0.0165832 0.0121693
348 0 30.0793 30.7315 30.7386 31.3284 31.5115 30.8779 0.0115984 0.00725345
743 300 30.0793 30.7315 30.7386 31.3279 31.3897 30.8534 0.0459496 0.0215178
601 160 30.0793 30.7315 30.7386 30.963 31.3284 30.7682 0.0280806 0.00848956
471 44 30.0793 30.7315 30.7386 30.963 31.3284 30.7682 0.0242579 0.0104624
766 300 30.0793 30.7315 30.7386 30.963 30.9719 30.6969 0.0324354 0.0103124
168 0 0 0 0 0 0 -1 0.00481341 0.00032238
731 300 30.7314 31.0945 31.2269 31.7956 31.8041 31.3305 0.0218373 0.000198558
227 0 30.5549 30.7315 31.0952 31.6973 31.7606 31.1679 0.0133919 0.0089089
272 4 30.555 30.7315 31.0952 31.6973 31.7606 31.168 0.0185665 0.0127472
307 24 29.7943 30.555 30.7315 31.0952 31.2085 30.6769 0.0284209 0.0194453
233 60 29.805 30.555 30.7315 31.0952 31.133 30.664 0.0284322 0.00914147
332 7 29.805 30.555 30.7315 31.0952 31.1334 30.664 0.0173545 0.0107725
410 202 29.805 30.555 30.7315 31.0952 31.1329 30.6639 0.0419724 0.01535
309 32 29.805 30.555 30.7315 31.0952 31.1188 30.6611 0.0224636 0.010921
660 300 29.1542 29.805 30.2365 30.5539 30.555 30.0609 0.0330072 0.0139606
758 300 29.1556 29.805 29.9792 30.1299 30.1333 29.8406 0.0357114 0.0101839
254 67 29.1556 29.805 29.9784 30.1257 30.1329 29.8395 0.0304491 0.0118375
449 134 29.1556 29.805 29.9784 30.1257 30.1329 29.8395 0.0333662 0.0101209
257 205 28.7841 29.1556 29.805 29.8561 29.9784 29.5158 0.0361006 0.0148165
732 300 28.7371 29.1556 29.805 29.8074 29.9784 29.4967 0.0429423 0.0210767
570 300 28.7371 29.1556 29.805 29.8074 29.9784 29.4967 0.0273456 0.00566017
598 300 28.7371 29.1556 29.805 29.8074 29.9784 29.4967 0.0364307 0.0143469
342 46 28.7371 29.1556 29.805 29.8074 29.9784 29.4967 0.0263906 0.0118293
480 300 28.7371 29.1556 29.805 29.8074 29.9784 29.4967 0.0458592 0.0219903
799 300 28.7371 29.1556 29.759 29.805 29.8074 29.4528 0.0294741 0.00687493
635 300 28.4635 28.7371 29.1556 29.7189 29.805 29.176 0.0503597 0.0188669
551 52 27.9702 28.3568 28.4608 28.7371 29.1556 28.5361 0.0208975 0.0112908
660 300 27.9589 28.3562 28.4608 28.7371 29.1556 28.5337 0.0505906 0.0273054
803 300 27.9589 28.3562 28.4608 28.7371 29.1556 28.5337 0.0285074 0.00795998
274 32 27.9589 28.3562 28.4608 28.7371 29.1556 28.5337 0.0230013 0.010706
409 28 27.9589 28.3562 28.4608 28.7371 29.1556 28.5337 0.0285054 0.0162193
369 300 27.9589 28.3562 28.4608 28.7371 29.1556 28.5337 0.0348804 0.0120163
438 300 27.9589 28.3562 28.4608 28.7371 29.1556 28.5337 0.0420313 0.0167068
546 0 27.9589 28.3562 28.4608 29.1556 65.5163 35.8895 0.010959 0.00659022
670 0 27.9589 28.3562 28.4608 29.1556 65.5163 35.8895 0.0121774 0.006269
422 0 27.9589 28.3562 28.4608 29.1556 65.5163 35.8895 0.015887 0.0114675
706 300 27.9589 28.3562 28.4608 29.1556 32.7276 29.3318 0.0337598 0.0152351
261 0 27.9589 28.3562 28.4608 29.1556 32.7287 29.332 0.01576 0.0111749
804 300 27.9589 28.3562 28.4608 29.1556 30.7314 28.9326 0.0396397 0.0159682
311 17 27.9589 28.3562 28.4608 29.1556 30.7315 28.9326 0.019813 0.0112097
736 300 27.9589 28.3562 28.4608 29.1556 30.7315 28.9326 0.0408817 0.0154719
742 300 27.9589 28.3562 28.4608 29.1556 30.0372 28.7937 0.041232 0.0225728
342 104 27.9589 28.3562 28.4608 29.1556 29.9787 28.782 0.032125 0.0100817
685 0 27.9589 28.3562 28.4608 29.1556 30.0747 28.8012 0.0314977 0.0240144
383 115 27.9589 28.3562 28.4608 29.1556 29.2437 28.635 0.0419606 0.0135385
845 300 27.9589 28.3562 28.4608 29.1556 29.1951 28.6253 0.0437486 0.0230195
653 300 27.9589 28.3562 28.4608 29.1556 29.1951 28.6253 0.0373649 0.0143153
215 14 27.9589 28.3562 28.4608 29.1556 29.1951 28.6253 0.0202526 0.0115491
419 300 27.9589 28.3562 28.4608 31.053 31.1197 29.3897 0.0356268 0.00938057
336 163 27.9589 28.3562 28.4608 31.0663 31.1197 29.3924 0.0376342 0.0123247
329 0 27.9589 28.3562 28.4608 31.0663 31.1197 29.3924 0.0166061 0.0121617
728 300 27.9589 28.3562 28.4608 31.0663 31.1197 29.3924 0.0528937 0.0227565
579 300 27.9589 28.3562 28.4608 31.0663 31.1197 29.3924 0.0376406 0.00920845
313 124 27.9589 28.3562 28.4608 31.0663 31.1197 29.3924 0.04105 0.0112783
769 300 27.9589 28.3562 28.4608 29.9733 30.357 29.0212 0.0295999 0.0106491
355 24 27.9589 28.3562 28.4608 29.6285 30.0127 28.8834 0.0208713 0.0112524
301 0 27.9589 28.3562 28.4608 29.7545 30.1374 28.9335 0.0127078 0.0082108
276 9 27.9589 28.3562 28.4608 29.6969 30.0799 28.9105 0.0169215 0.0108658
584 300 27.9589 28.3562 28.4608 29.6457 30.03 28.8903 0.0436726 0.0170699
463 0 27.9589 28.3562 28.4608 29.5853 29.9693 28.8661 0.0261707 0.0216606
576 300 27.9589 28.3562 28.4608 29.7023 30.0852 28.9127 0.0346127 0.0136828
220 0 27.9589 28.3562 28.4608 29.6566 30.0396 28.8944 0.0160765 0.0116001
661 300 27.9589 28.3562 28.4608 28.9893 29.3865 28.6303 0.0527247 0.0202256
258 0 68.5876 68.7729 70.7234 76.4294 76.6337 72.2294 0.0161806 0.0116996
622 300 31.4029 31.4636 31.8593 33.0787 33.474 32.2557 0.0411163 0.0188259
807 145 31.4118 31.4289 31.4591 31.5931 31.6015 31.4989 0.0390916 0.019815
610 284 30.9761 31.4118 31.4296 31.4591 31.5202 31.3594 0.0234737 0.0061207
312 30 30.9761 31.4118 31.4296 31.4591 31.5211 31.3595 0.0202137 0.0106902
379 0 30.9761 31.4118 31.4296 31.4591 31.5211 31.3595 0.0184801 0.0140378
651 300 30.9761 31.4118 31.4296 31.4591 31.5211 31.3595 0.0404641 0.0174211
651 300 30.9761 31.4118 31.4296 31.4591 31.5211 31.3595 0.0264632 0.00663854
283 0 30.9761 31.4118 31.4296 31.4591 31.5211 31.3595 0.0153199 0.0108782
607 300 30.9761 31.2538 31.34 31.4118 31.4296 31.2823 0.0389819 0.0182289
552 0 30.9761 31.2409 31.3284 31.4118 31.4296 31.2774 0.0175754 0.0130473
703 300 30.9761 31.2409 31.3284 31.4118 31.4296 31.2774 0.0363814 0.011224
283 0 30.9761 31.2409 31.3279 31.4118 31.4296 31.2773 0.0143286 0.00984142
735 300 30.9761 31.2409 31.3284 31.4118 31.4296 31.2774 0.0412113 0.0174811
316 125 30.9761 31.2409 31.3284 31.4118 31.4296 31.2774 0.032394 0.010749
475 0 31.2409 31.3279 31.4118 31.9177 63.662 37.912 0.0186721 0.0138047
419 0 31.2409 31.3284 31.4118 31.9178 63.662 37.9122 0.0152914 0.0109066
708 300 31.2409 31.3284 31.4118 31.5113 31.599 31.4183 0.0451297 0.0225745
260 4 31.2409 31.3279 31.4118 31.5115 31.599 31.4182 0.0164511 0.0105336
828 300 31.2409 31.3284 31.4118 31.5115 31.5985 31.4182 0.0387345 0.016473
275 0 31.2409 31.3284 31.4118 31.5115 31.599 31.4183 0.0149599 0.0104133
683 300 31.2409 31.3279 31.4118 31.5115 31.5612 31.4107 0.0429241 0.0177631
709 300 31.2409 31.3284 31.4118 31.5115 31.513 31.4011 0.0414636 0.0237384
809 300 30.7358 31.2409 31.2414 31.3284 31.4118 31.1917 0.0236995 0.00663377
572 0 30.7315 31.2409 31.2419 31.3279 31.4118 31.1908 0.0182865 0.0113823
526 0 30.7315 31.2409 31.2419 31.3284 31.4118 31.1909 0.0195894 0.014529
371 0 30.7315 31.2409 31.2419 31.3284 31.4118 31.1909 0.0149886 0.0106725
394 300 30.7315 31.2409 31.2419 31.3279 31.4118 31.1908 0.0372644 0.0098874
369 0 30.7315 31.2409 31.2419 31.3284 31.4118 31.1909 0.015839 0.0113433
309 36 30.7315 31.2409 31.2419 31.3284 31.4118 31.1909 0.0271916 0.0139323
317 0 30.7315 31.2409 31.2419 31.3279 31.4118 31.1908 0.0151904 0.0108614
610 0 30.7315 31.2409 31.2419 31.3284 31.4118 31.1909 0.024933 0.0204449
686 300 30.7315 31.2409 31.2419 31.3284 31.4118 31.1909 0.0368339 0.0185277
563 0 30.7315 31.2409 31.2419 31.3279 31.4118 31.1908 0.011688 0.00705259
255 0 30.7315 31.2409 31.2419 31.3284 31.4118 31.1909 0.0147684 0.0101787
352 0 30.7315 31.2409 31.2419 31.3284 31.4118 31.1909 0.0203749 0.0159962
750 25 30.7315 31.2004 31.2409 31.2419 31.3279 31.1485 0.0294935 0.0213602
279 0 30.7315 31.1955 31.2409 31.2419 31.3284 31.1476 0.0164742 0.0121282
343 213 30.7315 30.9731 31.1955 31.2409 31.2419 31.0766 0.0334855 0.0105004
504 0 30.7315 30.963 31.1955 31.2409 31.2419 31.0746 0.0206266 0.0159547
376 87 30.7315 30.963 31.1955 31.2409 31.2419 31.0746 0.0311704 0.0106074
225 0 30.7315 30.963 31.1955 31.2409 31.2419 31.0746 0.0124634 0.00806453
290 0 30.7315 30.963 31.1955 31.2409 31.2419 31.0746 0.0152955 0.0108928
516 0 30.7315 30.963 31.1955 31.2409 31.2419 31.0746 0.0149808 0.0105174
261 0 30.7315 30.963 31.1955 31.2409 31.2419 31.0746 0.0147484 0.0103356
771 300 30.7315 30.963 31.1955 31.2409 31.517 31.1296 0.0340477 0.0157037
703 0 30.7315 30.963 31.1955 31.2409 31.5115 31.1285 0.0270222 0.0218006
703 300 30.7315 30.963 31.1955 31.2409 31.3316 31.0925 0.0408997 0.0171099
671 0 30.7315 30.963 31.1955 31.2409 31.3279 31.0918 0.0225297 0.0180265
744 300 29.7063 30.3366 30.4923 30.5997 30.7315 30.3733 0.0364458 0.0138005
759 300 29.706 30.3326 30.4987 30.5983 30.7315 30.3734 0.0362885 0.0221154
700 16 29.706 30.3326 30.4987 30.5983 30.7315 30.3734 0.0121919 0.00653799
663 0 29.706 30.3326 30.4987 30.5983 30.7315 30.3734 0.0289537 0.0244461
368 0 29.706 30.3326 30.4987 30.5983 30.7315 30.3734 0.0145706 0.0101917
684 300 29.706 30.3326 30.4987 30.5983 30.7315 30.3734 0.0399846 0.0144993
504 300 29.706 30.3326 30.4987 30.5983 30.7315 30.3734 0.0296909 0.00909159
763 102 28.6921 29.706 30.0951 30.3326 30.4987 29.8649 0.0410368 0.0162097
653 199 28.6757 29.706 30.0793 30.3326 30.4987 29.8585 0.0273645 0.00762785
346 45 28.6757 29.706 30.0793 30.3326 30.4987 29.8585 0.0258259 0.0112859
434 138 28.6757 29.706 30.0793 30.3326 30.4987 29.8585 0.0335791 0.0151987
398 0 30.0793 30.9619 31.992 32.9994 69.3293 39.0724 0.0168425 0.0122511
460 0 30.0793 30.9619 31.992 32.9994 69.3293 39.0724 0.023282 0.0189407
688 300 30.0793 30.9619 31.765 31.992 32.1495 31.3896 0.0449926 0.0216751
706 214 30.0793 30.9619 31.5985 31.992 32.0102 31.3284 0.0246399 0.00753382
662 300 30.0793 30.9619 31.5246 31.599 31.9361 31.2202 0.0398405 0.0201691
626 300 30.0793 30.9619 31.5115 31.599 31.6948 31.1693 0.0291532 0.00773722
706 158 30.0793 30.9619 31.2032 31.5115 31.5985 31.0709 0.0540596 0.0310183
773 0 30.0793 30.9619 31.2032 31.5115 31.599 31.071 0.0137272 0.00910889
376 0 30.0793 30.9619 31.2032 31.5115 31.599 31.071 0.0186068 0.0142828
508 135 30.0793 30.9619 30.9629 31.2032 31.5115 30.9438 0.0353784 0.0117695
399 44 30.0793 30.9619 30.963 31.2032 31.5115 30.9438 0.0252823 0.0121441
450 300 30.0793 30.9619 30.963 31.2032 31.5115 30.9438 0.0384561 0.0145094
712 300 30.0793 30.9619 30.963 31.2032 31.5115 30.9438 0.0460242 0.0231078
373 0 30.0793 30.9619 30.963 31.2032 31.5115 30.9438 0.0124515 0.00800133
634 247 30.0793 30.9052 30.9619 30.963 31.2032 30.8225 0.0329985 0.0112259
592 0 30.0793 30.7315 30.9619 30.963 31.2032 30.7878 0.019191 0.0148153
395 135 30.0793 30.7315 30.9619 30.963 31.2032 30.7878 0.0334366 0.0119781
389 11 30.0793 30.7315 30.9619 30.963 31.2032 30.7878 0.0210492 0.0139247
775 38 30.0793 30.7315 30.756 30.9619 30.963 30.6984 0.0303198 0.0217457
357 61 30.0793 30.7315 30.7386 30.9619 30.963 30.6949 0.0288779 0.0113945
534 300 30.0793 30.7315 30.7386 30.9619 30.963 30.6949 0.036838 0.0124876
527 300 30.0793 30.7315 30.7386 30.9619 30.963 30.6949 0.0311741 0.00885669
649 0 30.0793 30.7315 30.7386 30.9619 30.963 30.6949 0.0169922 0.0123942
626 54 30.0793 30.7315 30.7386 30.9619 30.963 30.6949 0.0315719 0.0203967
484 38 30.0793 30.7315 30.7386 30.9619 30.963 30.6949 0.0259297 0.0117123
606 300 30.0793 30.7315 30.7386 30.9619 30.963 30.6949 0.0365977 0.0146517
704 257 30.0793 30.7315 30.7386 30.9619 30.963 30.6949 0.0433708 0.0210008
652 300 30.0793 30.7315 30.7386 30.9619 30.963 30.6949 0.0327661 0.0132384
336 0 30.0793 30.7315 30.7386 30.9619 30.963 30.6949 0.0169992 0.0125696
657 94 30.0793 30.7315 30.7386 30.9619 30.963 30.6949 0.0413306 0.0208544
485 0 30.0793 30.7315 30.7386 30.9619 30.963 30.6949 0.0163164 0.0119412
439 33 30.0793 30.7315 30.7386 30.9619 30.963 30.6949 0.0225945 0.0113741
398 192 30.0793 30.7315 30.7386 30.9619 30.963 30.6949 0.0379544 0.012116
663 300 30.0793 30.7315 30.7386 30.9619 30.963 30.6949 0.0309006 0.00797753
885 300 30.0793 30.7315 30.7386 30.9619 30.963 30.6949 0.0362301 0.017607
724 175 30.0793 30.7315 30.7386 30.9619 30.963 30.6949 0.0263788 0.00804357
459 107 30.0793 30.7315 30.7386 30.9619 30.963 30.6949 0.041287 0.0117099
700 300 30.0793 30.7315 30.7386 30.9619 30.963 30.6949 0.027401 0.00873759
367 36 30.0793 30.7315 30.7386 30.9619 30.963 30.6949 0.0253937 0.0124217
366 2 30.0793 30.7315 30.7386 30.9619 30.963 30.6949 0.021552 0.0162832
331 114 30.9529 31.2321 31.4657 31.638 32.7114 31.6 0.0338945 0.00011539
670 300 28.4705 29.2647 30.2611 30.5749 30.9531 29.9048 0.0332789 0.00720867
772 300 28.4608 29.1556 29.2029 29.2589 29.6134 29.1383 0.0328898 0.0175129
576 300 28.4608 29.1556 29.1992 29.2589 29.6137 29.1376 0.0297456 0.00716269
547 186 28.431 28.4608 29.1556 29.1992 29.2589 28.9011 0.0348959 0.0118471
650 300 28.3761 28.4608 29.1556 29.1992 29.2589 28.8901 0.0364109 0.0169808
396 300 27.9902 28.3116 28.3568 28.4608 29.1556 28.455 0.046087 0.0202327
643 300 27.9589 28.3562 28.4465 28.4608 29.1556 28.4756 0.0345483 0.012362
756 300 27.9589 28.3562 28.3907 28.4608 29.1556 28.4644 0.0244973 0.00717119
755 300 27.9589 28.3515 28.3562 28.4608 29.1556 28.4566 0.0305966 0.00733977
575 264 27.9589 28.3562 28.4608 28.5014 29.1556 28.4866 0.03506 0.0210383
669 300 27.9589 28.3562 28.4608 28.4745 29.1556 28.4812 0.0404087 0.0188677
709 300 27.9589 28.3562 28.4217 28.4608 29.1556 28.4706 0.0383276 0.0189988
661 300 27.9589 28.3562 28.3765 28.4608 29.1556 28.4616 0.0382113 0.0177624
705 300 27.9589 28.3092 28.3562 28.4608 29.1556 28.4481 0.0263228 0.00698879
748 300 27.9589 28.3562 28.4485 28.4608 29.1556 28.476 0.0296158 0.00693227
497 300 27.9589 28.3562 28.3925 28.4608 29.1556 28.4648 0.0582175 0.0113419
802 300 27.9589 28.3562 28.366 28.4608 29.1556 28.4595 0.0317545 0.0070593
657 300 27.9589 28.3005 28.3562 28.4608 29.1556 28.4464 0.0399408 0.0141037
769 300 27.9589 28.3562 28.4285 28.4608 29.1556 28.472 0.023379 0.00821647
801 300 27.9589 28.3562 28.3841 28.4608 29.1556 28.4631 0.0530269 0.0291826
789 300 27.9589 28.3389 28.3562 28.4608 29.1556 28.4541 0.0311553 0.0110402
794 300 27.9589 28.3562 28.4608 28.4641 29.1556 28.4791 0.0359261 0.0187952
706 300 27.9589 28.3562 28.4148 28.4608 29.1556 28.4692 0.0293668 0.00837966
273 300 27.9589 28.3547 28.3562 28.4608 29.1556 28.4572 0.0420512 0.0116572
744 300 27.9589 28.2979 28.3562 28.4608 29.1556 28.4459 0.0354467 0.0125034
612 300 27.9589 28.3562 28.4178 28.4608 29.1556 28.4698 0.0474277 0.0210337
722 300 27.9589 28.3562 28.3699 28.4608 29.1556 28.4603 0.0275854 0.00712131
375 47 27.9589 28.3562 28.4608 29.1556 31.0559 28.9975 0.0275269 0.0171558
715 300 27.9589 28.3562 28.4608 29.1556 30.7315 28.9326 0.0319634 0.00776713
682 0 27.9589 28.3562 28.4608 29.1556 30.7315 28.9326 0.0166724 0.0108255
507 300 27.9589 28.3562 28.4608 29.1556 30.7315 28.9326 0.0337998 0.00841841
716 300 27.9589 28.3562 28.4608 29.1556 29.2413 28.6345 0.0476757 0.0235821
713 300 27.9589 28.3562 28.4608 29.1556 29.2589 28.6381 0.0320082 0.00726192
716 300 27.9589 28.3562 28.4608 28.9903 29.1556 28.5843 0.0334332 0.0119116
399 38 27.9589 28.3562 28.4608 28.9483 29.1556 28.5759 0.0229976 0.0140324
585 300 27.9589 28.3562 28.4608 28.9483 29.1556 28.5759 0.0383366 0.0200777
648 300 27.9589 28.3562 28.4608 28.9483 29.1556 28.5759 0.0395425 0.0142836
700 300 27.9589 28.3562 28.4608 28.9483 29.1556 28.5759 0.0411388 0.0229981
708 300 27.9589 28.3562 28.4608 28.9483 29.1556 28.5759 0.0378793 0.0156816
480 300 27.9589 28.3562 28.4608 28.9483 29.1556 28.5759 0.0422351 0.0140252
739 300 27.9589 28.3562 28.4608 28.9483 29.1556 28.5759 0.0401274 0.0145315
581 300 27.9589 28.3562 28.4608 28.9483 29.1556 28.5759 0.0268326 0.00710148
230 0 27.9589 28.3562 28.4608 28.9483 65.3101 35.8068 0.0185584 0.0141278
683 300 27.9589 28.3562 28.4608 28.9483 29.5804 28.6609 0.0263947 0.0124291
630 300 27.9589 28.3562 28.4608 28.9483 29.5835 28.6615 0.0313537 0.00795241
412 0 27.9589 28.3562 28.4608 28.9483 29.5835 28.6615 0.0163501 0.0119192
690 300 27.9589 28.3562 28.4608 28.9483 29.5835 28.6615 0.0534629 0.0272169
318 0 27.9589 28.3562 28.4608 28.9483 29.5835 28.6615 0.01864 0.0140883
361 154 27.9589 28.3562 28.4608 28.9483 29.5835 28.6615 0.0360926 0.011616
728 300 27.9589 28.3562 28.4608 28.9483 29.5835 28.6615 0.0317605 0.0155611
785 300 27.9589 28.3562 28.4608 28.9483 29.5835 28.6615 0.0410943 0.0147845
517 30 27.9589 28.3562 28.4608 28.9483 29.5835 28.6615 0.020178 0.0120378
399 300 27.9589 28.3562 28.4608 28.9483 29.2593 28.5967 0.0414474 0.0121658
657 24 27.9589 28.3562 28.4608 28.9483 29.2589 28.5966 0.028757 0.0213553
711 300 27.9589 28.3562 28.4608 28.9483 29.2589 28.5966 0.033262 0.0122189
483 171 27.9589 28.3562 28.4608 28.9483 29.2589 28.5966 0.0352063 0.0117089
678 300 27.9589 28.3562 28.4608 28.9483 29.2589 28.5966 0.0379255 0.0179052
607 300 29.9568 31.599 32.1289 33.9484 36.8712 32.9009 0.0391531 0.0145396
702 300 29.9568 31.5295 31.5809 31.599 32.0105 31.3353 0.0311271 0.008701
808 300 29.9568 31.5203 31.5985 31.6103 32.01 31.3392 0.0396033 0.0189742
745 300 29.9568 31.5198 31.599 31.6098 32.0105 31.3392 0.0410475 0.0154681
636 300 29.9568 31.5204 31.599 31.6103 31.902 31.3177 0.0449156 0.0213611
697 0 29.9568 30.8567 31.5203 31.5985 31.6103 31.1085 0.0703558 0.00747016
747 300 29.9568 30.8567 31.0743 31.5198 31.599 31.0013 0.0299071 0.00731653
516 0 29.9568 30.8567 31.0784 31.5204 31.599 31.0023 0.0227989 0.0177932
891 300 29.9568 30.8567 31.0779 31.5203 31.5985 31.002 0.0371738 0.0115632
598 300 29.9568 30.8567 31.0785 31.5198 31.599 31.0022 0.0341513 0.0139884
608 0 29.9568 30.8567 31.0784 31.5204 31.599 31.0023 0.0228825 0.0184723
271 10 29.9568 30.7385 30.7521 30.8567 31.0779 30.6764 0.024923 0.0173724
675 12 29.9568 30.7315 30.7386 30.8567 31.0785 30.6724 0.023828 0.0181747
632 300 29.9568 30.7315 30.7386 30.8567 31.0784 30.6724 0.0408851 0.016125
734 0 29.9568 30.7315 30.7386 30.8567 31.0779 30.6723 0.0227954 0.016111
522 0 29.9568 30.7315 30.7386 30.8567 31.3418 30.7251 0.0204099 0.0158471
630 300 29.9568 30.7315 30.7386 30.8567 31.3388 30.7245 0.0297902 0.0112936
624 234 29.9568 30.7315 30.7386 30.8567 31.3383 30.7244 0.0361025 0.0160077
595 300 29.9568 30.7315 30.7386 30.8567 31.3389 30.7245 0.0491139 0.026189
501 300 29.9568 30.7315 30.7386 30.8567 31.3388 30.7245 0.0311745 0.00740092
665 0 29.9568 30.7315 30.7386 30.8567 31.3383 30.7244 0.0296206 0.0251206
335 0 29.9568 30.7315 30.7386 30.8567 31.3389 30.7245 0.0190479 0.0142211
691 0 29.9568 30.7315 30.7386 30.8567 31.3388 30.7245 0.0269275 0.0221904
357 147 29.9568 30.7315 30.7386 30.8567 31.191 30.6949 0.0383835 0.0165323
675 300 29.9568 30.7315 30.7386 30.8567 31.1917 30.6951 0.0386233 0.0189744
452 0 29.9568 30.7315 30.7386 30.8567 31.1917 30.6951 0.0152421 0.0106583
746 300 29.9568 30.7315 30.7386 30.8567 31.1917 30.6951 0.0394939 0.0184177
400 0 29.9568 30.7315 30.7386 30.8567 31.1917 30.6951 0.0208747 0.0164188
613 300 29.9568 30.7315 30.7386 30.8567 31.1917 30.6951 0.0385834 0.022789
435 24 28.9521 29.9568 29.9811 30.0806 30.7315 29.9404 0.0250862 0.0144302
673 300 28.6757 29.706 29.9568 30.081 30.7315 29.8302 0.0420773 0.0238572
754 300 28.6757 29.706 29.9568 30.081 30.7315 29.8302 0.0293867 0.00822063
643 300 28.6757 29.706 29.9568 30.081 30.7315 29.8302 0.0336408 0.0177312
662 0 28.6757 29.706 29.9568 30.081 30.7315 29.8302 0.0175319 0.013115
692 300 28.6757 29.706 29.9568 30.081 30.4031 29.7645 0.0452742 0.0221385
749 300 28.6757 29.706 29.9568 30.081 30.4025 29.7644 0.0321861 0.00852898
560 0 28.6757 29.706 29.9568 30.081 30.4025 29.7644 0.018833 0.0124805
357 0 28.6757 29.706 29.9568 30.081 30.4025 29.7644 0.0215864 0.0170535
297 0 28.6757 29.706 29.9568 30.081 30.4025 29.7644 0.0255881 0.0212015
387 0 28.6757 29.706 29.9568 30.081 30.4025 29.7644 0.014139 0.00980146
696 206 28.6757 29.706 29.9568 30.081 30.4025 29.7644 0.0367718 0.0143029
607 300 28.6757 29.706 29.9568 30.081 30.4025 29.7644 0.0349001 0.0115138
747 2 28.6757 29.706 29.9568 30.081 30.4025 29.7644 0.0304864 0.0255411
345 0 28.6757 29.706 29.9568 30.081 30.4025 29.7644 0.014947 0.0104549
582 20 28.6757 29.706 29.9568 30.081 30.4025 29.7644 0.017526 0.0119234
246 0 28.6757 29.706 29.9568 30.081 30.4025 29.7644 0.0199114 0.0155738
636 300 28.6757 29.706 29.9568 30.081 30.4025 29.7644 0.0383649 0.0112911
670 300 28.6757 29.706 29.9568 30.081 30.4025 29.7644 0.0362124 0.0163038
701 233 28.6757 29.706 29.9568 30.081 30.4025 29.7644 0.0376515 0.0191323
679 290 28.6757 29.706 29.9568 30.081 30.4025 29.7644 0.0338626 0.0119114
291 0 28.6757 29.706 29.9568 30.081 30.4025 29.7644 0.0185919 0.0141194
279 0 28.6757 29.706 29.9568 30.081 30.4025 29.7644 0.0218626 0.01751
606 300 28.6757 29.706 29.9568 30.081 30.4025 29.7644 0.0350638 0.0123314
786 213 28.6757 29.706 29.9568 30.081 30.4025 29.7644 0.0375474 0.0206061
472 71 28.6757 29.706 29.9568 30.081 30.4025 29.7644 0.0382186 0.0240884
772 300 28.6757 29.706 29.9568 30.081 30.4025 29.7644 0.0461105 0.0167364
783 300 28.6757 29.706 29.9568 30.081 30.4025 29.7644 0.0436105 0.0189634
639 300 28.6757 29.706 29.9568 30.081 30.4025 29.7644 0.0318176 0.0115922
435 41 28.6757 29.706 29.9568 30.081 30.4025 29.7644 0.0339085 0.0199117
899 300 28.6757 29.706 29.9568 30.081 30.4025 29.7644 0.0341294 0.0147395
685 76 30.081 30.7386 30.9619 31.992 32.2777 31.2102 0.0291088 0.0116827
758 300 30.081 30.7316 30.7386 30.9619 31.992 30.901 0.0383977 0.0167631
825 300 30.081 30.7315 30.7386 30.9619 31.992 30.901 0.0466541 0.0239471
770 0 30.081 30.7315 30.7386 30.9619 31.992 30.901 0.0148727 0.0102993
720 300 30.081 30.7315 30.7386 30.9619 30.9731 30.6972 0.0342794 0.0131271
710 10 30.081 30.7315 30.7386 30.9619 30.963 30.6952 0.0213421 0.0162118
782 300 30.081 30.7315 30.7386 30.9619 30.963 30.6952 0.0376502 0.0235957
723 300 30.081 30.7315 30.7386 30.9619 30.963 30.6952 0.0433874 0.017329
295 11 30.081 30.7315 30.7386 30.9619 30.963 30.6952 0.0264648 0.0197741
461 0 30.081 30.7315 30.7386 30.9619 30.963 30.6952 0.0185656 0.0142538
754 300 30.081 30.7315 30.7386 30.9619 30.963 30.6952 0.0372666 0.0177814
313 0 30.081 30.7315 30.7386 30.9619 30.963 30.6952 0.0206191 0.0161647
750 300 30.081 30.7315 30.7386 30.9619 30.963 30.6952 0.0358911 0.0182045
507 0 30.081 30.7315 30.7386 30.9619 30.963 30.6952 0.0169374 0.0124798
504 32 30.081 30.7315 30.7386 30.9619 30.963 30.6952 0.024172 0.0144591
329 0 30.081 30.7315 30.7386 30.9619 30.963 30.6952 0.01988 0.0154732
707 38 30.081 30.7315 30.7386 30.9619 30.963 30.6952 0.028632 0.0211308
765 300 30.081 30.7315 30.7386 30.9619 30.963 30.6952 0.0343432 0.0146382
588 300 30.081 30.7315 30.7386 30.9619 30.963 30.6952 0.0380965 0.0169728
760 300 30.081 30.7315 30.7386 30.9619 30.963 30.6952 0.0337126 0.0195712
594 22 30.081 30.7315 30.7386 30.9619 30.963 30.6952 0.0294011 0.0211105
730 300 30.081 30.7315 30.7386 30.9619 30.963 30.6952 0.0377792 0.0179857
647 0 30.081 30.7315 30.7386 30.9619 30.963 30.6952 0.0275541 0.0229388
630 0 30.081 30.7315 30.7386 30.9619 30.963 30.6952 0.0200714 0.0157234
574 300 30.081 30.7315 30.7386 30.9619 30.963 30.6952 0.0432191 0.0239371
759 300 30.081 30.7315 30.7386 30.9619 30.963 30.6952 0.0269673 0.00752064
582 202 30.081 30.7315 30.7386 30.9619 30.963 30.6952 0.0415592 0.022553
415 3 30.081 30.7315 30.7386 30.9619 30.963 30.6952 0.020626 0.0151374
685 300 30.081 30.7315 30.7386 30.9619 30.963 30.6952 0.0379478 0.0148129
866 300 30.081 30.7315 30.7386 30.9619 30.963 30.6952 0.0379467 0.0158909
330 0 30.081 30.7315 30.7386 30.9619 30.963 30.6952 0.0251267 0.0206841
383 0 30.081 30.7315 30.7386 30.9619 30.963 30.6952 0.0162931 0.0119444
498 292 30.081 30.7315 30.7386 30.9619 30.963 30.6952 0.0407513 0.0222676
807 250 30.081 30.7315 30.7386 30.9619 30.963 30.6952 0.0384542 0.0187057
509 0 30.081 30.7315 30.7386 30.9619 30.963 30.6952 0.0272888 0.022943
679 300 30.081 30.7315 30.7386 30.9619 30.963 30.6952 0.0449634 0.0208732
576 298 30.081 30.7315 30.7386 30.9619 30.963 30.6952 0.040166 0.0215373
618 17 30.081 30.7315 30.7386 30.9619 30.963 30.6952 0.0170237 0.0114261
262 132 30.081 30.7315 30.7386 30.9619 30.963 30.6952 0.0363843 0.0139364
586 0 30.081 30.7315 30.7386 30.9619 30.963 30.6952 0.021104 0.0165536
