600 50 28.4429 30.0552 31.1191 31.6238 31.6338 30.575 0.0228986 0.000271813
600 50 28.3562 30.0409 31.0254 31.1197 31.6332 30.4351 0.0357383 0.0231077
600 50 28.3562 30.0409 30.955 31.1197 31.6332 30.421 0.0195184 0.00785085
600 50 28.3562 30.0409 30.9532 30.955 31.1197 30.285 0.0326754 0.0187762
600 50 28.3562 30.0409 30.9531 30.955 31.1197 30.285 0.0354623 0.0228345
600 50 28.3562 29.3081 29.7551 30.0409 30.7374 29.6395 0.027301 0.0165022
600 50 28.3562 29.2589 29.6137 30.0409 30.7315 29.6002 0.024228 0.0127953
600 50 28.3562 29.2589 29.6137 30.0409 30.7315 29.6002 0.0366178 0.0236816
600 50 28.3562 29.2589 29.6137 30.0409 30.7315 29.6002 0.0299295 0.0161125
600 50 28.3562 29.2589 29.6137 30.0409 30.7315 29.6002 0.0218617 0.0103471
600 50 28.3562 29.204 29.2589 29.6137 29.8965 29.2659 0.0306309 0.0204533
600 50 28.3562 29.1992 29.2589 29.6137 29.8996 29.2655 0.0260138 0.0121245
600 50 28.3562 29.1992 29.2589 29.6137 29.8996 29.2655 0.019977 0.0105769
600 50 28.3562 29.1992 29.2589 29.6137 29.8996 29.2655 0.0332114 0.0214526
600 50 28.3562 29.1992 29.2589 29.6137 29.8996 29.2655 0.0175006 0.0104899
600 50 28.3562 28.5583 29.1992 29.2589 29.6137 28.9973 0.0449541 0.0211874
600 50 28.3562 28.4608 29.1992 29.2589 29.6137 28.9778 0.0306312 0.0205497
600 50 28.3562 28.4608 29.1992 29.2589 29.6137 28.9778 0.0287412 0.0179784
600 50 28.3562 28.4608 29.1992 29.2589 29.6137 28.9778 0.0388589 0.023945
600 50 28.3562 28.4608 29.1992 29.2589 29.6137 28.9778 0.0364248 0.0192652
600 50 28.3562 28.4608 29.1992 29.2589 29.6137 28.9778 0.0315235 0.010582
600 50 28.3562 28.4608 29.1992 29.2589 29.6137 28.9778 0.0345478 0.0214923
600 50 28.3562 28.4608 29.1992 29.2589 29.6137 28.9778 0.0309923 0.0206971
600 50 28.3562 28.4608 29.1992 29.2589 29.6137 28.9778 0.0223009 0.0104979
600 13 28.3562 28.4608 29.1992 29.2589 29.6137 28.9778 0.0252017 0.0145949
600 50 28.3562 28.4608 29.1992 29.2589 29.6137 28.9778 0.0358024 0.0234243
600 50 28.3562 28.4608 29.1992 29.2589 29.6137 28.9778 0.0359288 0.0210251
600 50 28.3562 28.4608 29.1992 29.2589 29.6137 28.9778 0.0206943 0.0109888
600 50 28.3562 28.4608 29.1992 29.2589 29.6137 28.9778 0.0312766 0.0193484
600 50 28.3562 28.4608 29.1992 29.2589 29.6137 28.9778 0.0338862 0.0210022
600 50 28.3562 28.4608 29.1992 29.2589 29.6137 28.9778 0.0295091 0.0187183
600 0 28.3562 28.4608 29.1992 29.2589 29.6137 28.9778 0.0174601 0.0120717
600 50 28.3562 28.4608 29.1992 29.2589 29.6137 28.9778 0.0308321 0.0193293
600 50 28.3562 28.4608 29.1992 29.2589 29.6137 28.9778 0.0328661 0.0207237
600 50 28.3562 28.4608 29.1992 29.2589 29.6137 28.9778 0.0342956 0.0234762
600 50 28.3562 28.4608 29.1992 29.2589 29.6137 28.9778 0.0146224 0.00721035
600 50 28.3562 28.4608 29.1992 29.2589 29.6137 28.9778 0.0320043 0.0203074
600 27 28.3562 28.4608 29.1992 29.2589 29.6137 28.9778 0.0251564 0.0182396
600 50 28.3562 28.4608 29.1992 29.2589 29.6137 28.9778 0.0379477 0.0263413
600 50 28.3562 28.4608 28.9833 29.1992 29.2589 28.8517 0.0281408 0.017975
600 50 28.3562 28.4608 28.7371 29.1992 29.2589 28.8024 0.0364811 0.0255526
600 50 28.3562 28.4608 28.7371 29.1992 29.2589 28.8024 0.023471 0.0121111
600 50 28.3562 28.4608 28.7371 29.1992 29.2589 28.8024 0.0189358 0.010157
600 50 29.9568 31.6047 32.4114 34.7935 34.9271 32.7387 0.0320963 0.0152997
600 50 29.9568 30.611 30.8608 31.6098 32.4258 31.0928 0.0306366 0.0201442
600 0 29.9568 30.6214 30.8602 31.6103 32.4258 31.0949 0.0210491 0.0176539
600 50 29.9568 30.6214 30.8602 31.6103 32.4253 31.0948 0.0203372 0.0100031
600 50 29.9568 30.6214 30.7294 30.8602 31.6098 30.7555 0.0272056 0.0182955
600 50 29.9568 30.6214 30.7315 30.8602 31.6103 30.756 0.0326385 0.0200736
600 50 29.9568 30.6214 30.7315 30.8602 31.6103 30.756 0.0344417 0.0235955
600 50 29.9568 30.6214 30.7315 30.8602 31.6098 30.7559 0.0412068 0.0272913
600 50 29.9568 30.6214 30.7315 30.8602 31.6103 30.756 0.018772 0.0101738
600 50 29.9568 30.6214 30.7315 30.8602 31.331 30.7002 0.033915 0.0216887
600 50 29.9568 30.6214 30.7315 30.8602 31.3388 30.7017 0.0312908 0.0204769
600 0 29.9568 30.6214 30.7315 30.8602 31.3383 30.7016 0.0160013 0.012645
600 50 29.9568 30.6214 30.7315 30.8602 31.3389 30.7018 0.0291971 0.019516
600 50 29.9568 30.6214 30.7315 30.8602 31.3388 30.7017 0.0201712 0.0108529
600 0 29.9568 30.6214 30.7315 30.8602 31.3383 30.7016 0.0235486 0.0203937
600 50 30.7315 31.3389 31.5567 32.2006 32.2776 31.6211 0.0321506 0.0215421
600 50 30.7315 31.3388 31.5115 32.1939 32.2777 31.6107 0.0300652 0.0204272
600 0 30.7315 31.3383 31.5115 32.1939 32.2777 31.6106 0.0143081 0.011137
600 50 30.7315 31.3389 31.5115 31.6203 32.1939 31.4792 0.0318809 0.020759
600 0 30.7315 31.3388 31.3412 31.5115 32.1939 31.4234 0.0237483 0.0203936
600 50 30.7315 31.3383 31.3412 31.5115 32.1939 31.4233 0.0311357 0.0196318
600 0 30.7315 31.3389 31.3412 31.5115 32.1939 31.4234 0.0329234 0.0295156
600 50 30.7315 31.3388 31.3412 31.5115 32.1939 31.4234 0.0282581 0.0153135
600 0 30.7315 31.3383 31.3412 31.5115 32.1939 31.4233 0.0144525 0.0118316
600 0 30.7315 31.3389 31.3412 31.5115 32.1939 31.4234 0.0235856 0.0196612
600 50 30.7315 31.3388 31.3412 31.5115 32.1939 31.4234 0.0309704 0.0211983
600 50 30.7315 31.3383 31.3412 31.5115 31.7837 31.3412 0.0307952 0.0198878
600 50 30.7315 31.3389 31.3412 31.5115 31.599 31.3044 0.0252124 0.013334
600 50 30.7315 31.3388 31.3412 31.5115 31.5985 31.3043 0.0260067 0.0176062
600 50 30.7315 31.3383 31.3412 31.5115 31.599 31.3043 0.0256056 0.011477
600 50 30.7315 31.3389 31.3412 31.5115 31.599 31.3044 0.0303547 0.0184897
600 50 30.7315 31.3388 31.3412 31.5115 31.5985 31.3043 0.032153 0.0224446
600 50 30.7315 31.3383 31.3412 31.5115 31.599 31.3043 0.0304418 0.014876
600 0 30.7315 31.3389 31.3412 31.5115 31.599 31.3044 0.0325353 0.0276695
600 0 30.7315 31.3388 31.3412 31.5115 31.5985 31.3043 0.023935 0.0201641
600 50 30.7315 31.3383 31.3412 31.5115 31.599 31.3043 0.033309 0.0222932
600 50 30.7315 31.3389 31.3412 31.5115 31.599 31.3044 0.0312844 0.0196609
600 50 30.7315 31.2437 31.3388 31.3412 31.5115 31.2334 0.0380239 0.0249966
600 50 30.7315 31.2513 31.3383 31.3412 31.5115 31.2348 0.0331853 0.0183705
600 50 30.7315 31.2513 31.3389 31.3412 31.5115 31.2349 0.0219444 0.0123376
600 50 30.7315 31.2513 31.3388 31.3412 31.5115 31.2349 0.0293365 0.0210756
600 50 30.7315 31.2513 31.3383 31.3412 31.5115 31.2348 0.024887 0.0157636
600 50 30.7315 31.2513 31.3389 31.3412 31.5115 31.2349 0.0415401 0.0254642
600 50 30.7315 31.2513 31.3388 31.3412 31.5115 31.2349 0.0272084 0.0158157
600 14 30.7315 30.7757 31.2513 31.3383 31.3412 31.0876 0.0238106 0.0190708
600 0 30.7315 30.7386 31.2513 31.3389 31.3412 31.0803 0.0139988 0.010789
600 30 30.7315 30.7386 31.2513 31.3388 31.3412 31.0803 0.0230747 0.0165632
600 50 30.7315 30.7386 31.2513 31.3383 31.3412 31.0802 0.0274667 0.0180132
600 50 30.7315 30.7386 31.2513 31.3389 31.3412 31.0803 0.039072 0.0258638
600 24 30.7315 30.7386 31.2513 31.3388 31.3412 31.0803 0.020737 0.0114239
600 50 30.7315 30.7386 31.2513 31.3383 31.3412 31.0802 0.036343 0.0245362
600 50 30.7315 30.7386 31.2513 31.3389 31.3412 31.0803 0.0200197 0.0109002
600 50 30.7315 30.7386 31.2513 31.3388 31.3412 31.0803 0.0360562 0.0224561
600 0 30.7315 30.7386 31.2513 31.3383 31.3412 31.0802 0.0152225 0.0120681
600 0 30.7315 30.7386 31.2513 31.3389 31.3412 31.0803 0.021733 0.0179664
