276 100 29.9342 30.5738 30.9179 30.9468 31.6037 30.7953 0.0233271 0.000381209
313 100 29.2678 29.9377 29.9471 30.5292 30.5768 30.0517 0.0401913 0.00988294
1158 100 29.1721 29.8996 29.9471 29.9704 30.0807 29.814 0.0542106 0.0250163
324 0 29.3168 29.8996 29.9471 29.9683 30.0872 29.8438 0.0265416 0.0201418
370 100 28.4614 28.7368 29.2532 29.5726 29.583 29.1214 0.0466191 0.0152962
366 100 27.9906 28.4608 28.7371 29.2432 29.5835 28.803 0.0429704 0.0114061
184 100 27.9589 28.4608 28.7371 29.2069 29.5835 28.7894 0.0375215 0.0102477
245 0 27.9589 28.4608 28.7371 29.3643 29.5835 28.8209 0.0250272 0.0187056
351 20 27.9589 28.4608 28.7371 29.3106 29.5835 28.8102 0.0273172 0.010434
528 100 27.9589 28.4608 28.7371 29.2472 29.5835 28.7975 0.0461769 0.0138292
276 100 27.9589 28.4608 28.7371 29.2225 29.5835 28.7925 0.0493665 0.0123992
223 0 27.9589 28.4608 28.7371 29.1686 29.5835 28.7818 0.016977 0.0105957
332 63 27.9589 28.4608 28.7371 29.3019 29.5835 28.8084 0.0463982 0.0218802
245 0 27.9589 28.4608 28.7371 29.2388 29.5835 28.7958 0.0275879 0.0212989
348 0 27.9589 28.4608 28.7371 29.1944 29.5835 28.7869 0.03062 0.0212934
303 0 27.9589 28.4608 28.7371 29.3267 29.5835 28.8134 0.0212418 0.0116348
355 17 27.9589 28.4608 28.7371 29.2632 29.5835 28.8007 0.0440487 0.0229163
444 100 27.9589 28.4608 28.7371 29.2198 29.5835 28.792 0.0435435 0.0127375
233 0 27.9589 28.4608 28.7371 29.167 29.5835 28.7814 0.0267283 0.020359
358 2 27.9589 28.4608 28.7371 29.2942 29.5835 28.8069 0.031198 0.0212587
910 100 27.9589 28.3566 28.4608 28.7371 29.2317 28.549 0.0274997 0.00764658
233 4 27.9589 28.3562 28.4608 28.7371 29.1793 28.5384 0.0295687 0.020714
220 58 27.9589 28.3562 28.4608 28.7371 29.3447 28.5715 0.0314349 0.0109734
264 0 27.9589 28.3562 28.4608 28.7371 29.2976 28.5621 0.0278511 0.021558
349 100 27.9589 28.3562 28.4608 28.7371 29.2348 28.5495 0.0507921 0.0145568
295 76 27.9589 28.3562 28.4608 28.7371 29.185 28.5396 0.037149 0.0129317
189 42 27.9589 28.3562 28.4608 28.7371 29.3672 28.576 0.0418631 0.0195875
657 100 27.9589 28.3562 28.4608 28.7371 29.3643 28.5754 0.035152 0.00817852
224 4 27.9589 28.3562 28.4608 28.7371 29.3105 28.5647 0.020873 0.0116563
246 51 27.9589 28.3562 28.4608 28.7371 29.247 28.552 0.0340098 0.011799
225 0 27.9589 28.3562 28.4608 28.7371 29.2221 28.547 0.0281675 0.0217592
506 100 27.9589 28.3562 28.4608 28.7371 29.1683 28.5362 0.038688 0.0068163
265 62 27.9589 28.3562 28.4608 28.7371 29.3006 28.5627 0.0365266 0.0131535
208 27 27.9589 28.3562 28.4608 28.7371 29.2376 28.5501 0.0298702 0.0116039
276 27 27.9589 28.3562 28.4608 28.7371 29.1913 28.5408 0.0414039 0.0224425
368 100 27.9589 28.3562 28.4608 28.7371 29.3217 28.5669 0.048918 0.0201778
257 2 27.9589 28.3562 28.4608 28.7371 29.2585 28.5543 0.018827 0.0108942
273 100 27.9589 28.3562 28.4608 28.7371 29.2094 28.5445 0.0537424 0.0247381
338 0 27.9589 28.3562 28.4608 28.7371 29.3571 28.574 0.0148917 0.00816224
566 100 27.9589 28.3562 28.4608 28.7371 29.3241 28.5674 0.0482341 0.0108486
512 100 27.9589 28.3562 28.4608 28.7371 29.2608 28.5547 0.0392356 0.0109064
457 100 27.9589 28.3562 28.4608 28.7371 29.2142 28.5454 0.0493873 0.0225607
1033 100 27.9589 28.3562 28.4608 28.7371 29.3691 28.5764 0.0285754 0.00622461
248 3 31.7749 55.2012 68.7372 70.8989 73.3692 59.9963 0.0188967 0.00961279
235 0 31.599 55.1817 68.7372 70.8989 73.3692 59.9572 0.0159071 0.00957985
298 100 31.2417 31.3315 31.5985 32.3438 32.4338 31.7899 0.0581802 0.0183706
299 5 31.2513 31.3383 31.599 32.3126 32.4153 31.7833 0.0191981 0.011053
228 0 31.2513 31.3389 31.599 32.3126 32.4159 31.7835 0.0161705 0.00983732
344 0 31.2513 31.3388 31.5985 32.3126 32.4158 31.7834 0.0201326 0.01075
266 0 31.2513 31.3383 31.599 32.3126 32.4153 31.7833 0.0193312 0.0100451
519 0 31.2513 31.3389 31.599 32.3126 32.4159 31.7835 0.0337306 0.0221154
912 100 31.2513 31.3388 31.5985 31.8721 32.3126 31.6747 0.0584487 0.0218964
276 0 31.2513 31.3383 31.599 31.8516 32.3126 31.6706 0.0262779 0.0199154
407 0 31.2513 31.3389 31.599 31.8516 32.3126 31.6707 0.0205296 0.00945056
351 0 31.2513 31.3388 31.5985 31.8516 32.3126 31.6706 0.0308733 0.0214973
357 100 31.2513 31.3383 31.5112 31.599 31.8516 31.5103 0.0451929 0.0210971
1045 100 31.2513 31.3389 31.5115 31.599 31.8516 31.5104 0.0323105 0.00880054
212 0 31.2513 31.3388 31.5115 31.5985 31.8516 31.5103 0.0172258 0.010777
432 12 31.2513 31.3383 31.5115 31.599 32.1884 31.5777 0.0362302 0.0216599
299 10 31.2513 31.3389 31.5115 31.599 32.1884 31.5778 0.0226417 0.0131124
290 0 31.2513 31.3388 31.5115 31.5985 32.1884 31.5777 0.0309836 0.0247183
645 0 31.2513 31.3383 31.5115 31.599 32.1884 31.5777 0.0254185 0.0160895
394 0 31.2513 31.3389 31.5115 31.599 32.1884 31.5778 0.0273997 0.0180617
339 0 31.2513 31.3388 31.5115 31.5985 32.1884 31.5777 0.0328302 0.0235333
654 100 31.2513 31.3383 31.5115 31.599 32.1884 31.5777 0.0476678 0.0171231
562 100 30.7315 30.7377 31.2513 31.3389 31.5115 31.1142 0.0489397 0.0182056
202 0 30.7315 30.7386 31.2513 31.3388 31.5115 31.1144 0.0289994 0.0225894
400 67 30.7315 30.7386 31.2513 31.3383 31.5115 31.1143 0.0386688 0.0122089
313 0 30.7315 30.7386 31.2513 31.3389 31.5115 31.1144 0.0219324 0.0156418
470 0 30.7315 30.7386 31.2513 31.3388 31.5115 31.1144 0.031966 0.0225655
481 14 30.7315 30.7386 31.2513 31.3383 31.5115 31.1143 0.0243019 0.0111412
280 0 30.7315 30.7386 31.2513 31.3389 31.5115 31.1144 0.0300035 0.0230251
299 0 30.7315 30.7386 31.2513 31.3388 31.5115 31.1144 0.0204271 0.0111768
361 0 30.7315 30.7386 31.2513 31.3383 31.5115 31.1143 0.032216 0.0228963
359 0 30.7315 30.7386 31.2513 31.3389 31.5115 31.1144 0.0243685 0.0151087
364 100 30.7315 30.7386 31.2513 31.3388 31.5115 31.1144 0.0509331 0.0208026
272 0 30.7315 30.7386 31.2513 31.3383 31.5115 31.1143 0.0312583 0.0248698
400 0 30.7315 30.7386 31.2513 31.3389 31.5115 31.1144 0.0199895 0.0106008
440 0 30.7315 30.7386 31.2513 31.3388 31.5115 31.1144 0.0197757 0.0104589
355 0 30.7315 30.7386 31.2513 31.3383 31.5115 31.1143 0.020888 0.0113237
892 100 30.7315 30.7386 31.2513 31.3389 31.5115 31.1144 0.039456 0.0122864
258 0 30.7315 30.7386 31.2513 31.3388 31.5115 31.1144 0.0211374 0.0145119
362 90 30.7315 30.7386 31.2513 31.3383 31.5115 31.1143 0.0444673 0.0109706
258 8 30.7315 30.7386 31.2513 31.3389 31.5115 31.1144 0.0252006 0.0153821
275 8 30.7315 30.7386 31.2513 31.3388 31.5115 31.1144 0.0335857 0.0224957
300 100 30.7315 30.7386 31.2513 31.3383 31.5115 31.1143 0.0397932 0.011394
676 0 30.7315 30.7386 31.2513 31.3389 31.5115 31.1144 0.0216056 0.0149532
324 22 30.7315 30.7386 31.2513 31.3388 31.5115 31.1144 0.0380212 0.0216428
439 0 30.7315 30.7386 31.2513 31.3383 31.5115 31.1143 0.0126921 0.00648227
359 0 30.7315 30.7386 31.2513 31.3389 31.5115 31.1144 0.0316135 0.0221861
296 0 30.7315 30.7386 31.2513 31.3388 31.5115 31.1144 0.0311556 0.0217969
439 0 30.7315 30.7386 31.2513 31.3383 31.5115 31.1143 0.0194074 0.00987949
438 58 30.7315 30.7386 31.2513 31.3389 31.5115 31.1144 0.0397588 0.0113949
333 0 30.7315 30.7386 31.2513 31.3388 31.5115 31.1144 0.0285658 0.0223011
392 73 30.7315 30.7386 31.2513 31.3383 31.5115 31.1143 0.0390693 0.0111592
356 0 30.7315 30.7386 31.2513 31.3389 31.5115 31.1144 0.025942 0.0196205
546 0 30.7315 30.7386 31.2513 31.3388 31.5115 31.1144 0.0211192 0.0116886
381 41 30.7315 30.7386 31.2513 31.3383 31.5115 31.1143 0.0312273 0.0119223
