330 50 30.4473 30.7037 31.1889 31.2438 31.4453 31.0058 0.0215056 0.000310831
600 50 28.4145 29.9686 30.4025 30.6258 31.1955 30.1214 0.0261411 0.00990296
600 50 28.3597 29.9677 30.4025 30.6258 31.1955 30.1102 0.015796 0.00600341
600 0 28.3597 29.9677 30.4025 30.6258 31.1955 30.1102 0.0248931 0.021325
600 50 28.3597 29.9677 30.4025 30.6258 30.6512 30.0014 0.0363032 0.0184226
600 50 28.3597 29.8221 29.9677 30.4025 30.6258 29.8356 0.0354393 0.0246834
600 50 28.3597 29.8237 29.9677 30.4025 30.6258 29.8359 0.0193851 0.00999279
600 50 28.3597 29.4866 29.8035 29.8237 29.9677 29.4883 0.0173313 0.0102325
600 50 28.3597 29.4868 29.8074 29.8237 29.9677 29.4891 0.0254004 0.010271
600 50 28.3597 29.4868 29.8074 29.8237 29.9677 29.4891 0.0211962 0.00917451
492 0 28.3597 29.4868 29.8074 29.8237 29.9677 29.4891 0.0286937 0.0142455
600 50 28.3597 29.4868 29.8074 29.8237 29.9677 29.4891 0.0256098 0.010461
600 50 28.3597 29.4868 29.8074 29.8237 29.9677 29.4891 0.0328922 0.0206516
600 50 27.9632 28.3597 29.4868 29.8074 29.8237 29.0882 0.027503 0.0103253
600 50 27.9631 28.3597 29.4868 29.8074 29.8237 29.0882 0.0196188 0.0112049
600 50 27.9631 28.3597 29.4868 29.8074 29.8237 29.0882 0.0347246 0.0222578
600 50 27.9631 28.3597 29.4868 29.8074 29.8237 29.0882 0.0213426 0.00991319
600 50 27.9631 28.3597 29.4868 29.8074 29.8237 29.0882 0.0330278 0.0186258
600 50 27.9631 28.3597 29.1549 29.4868 29.8074 28.9544 0.050998 0.0258985
600 50 27.9631 28.3597 29.1659 29.4868 29.615 28.9181 0.0336763 0.0236282
600 50 27.9631 28.3597 29.1659 29.4868 29.6086 28.9168 0.0204096 0.0107717
600 50 27.9631 28.3597 29.1659 29.4868 29.6086 28.9168 0.020645 0.0107853
600 50 27.9631 28.3597 29.1659 29.4868 29.6086 28.9168 0.019187 0.0104367
600 50 27.9631 28.3597 29.1659 29.4868 29.6086 28.9168 0.0384855 0.0263391
600 50 27.9631 28.3597 29.1659 29.4868 29.6086 28.9168 0.022359 0.0111196
600 50 27.9631 28.3597 29.1659 29.4868 29.6086 28.9168 0.0346639 0.0221457
600 50 27.9631 28.3597 29.1659 29.4868 29.6086 28.9168 0.0180278 0.0104626
600 50 27.9631 28.3597 29.1659 29.4868 29.6086 28.9168 0.0318442 0.0229293
600 50 27.9631 28.3597 29.1659 29.4868 29.6086 28.9168 0.0178048 0.00791179
600 50 27.9631 28.3597 29.1659 29.4868 29.6086 28.9168 0.0255295 0.011846
600 50 27.9631 28.3597 29.1659 29.4868 29.6086 28.9168 0.0207546 0.0113694
600 50 27.9631 28.3597 29.1659 29.4868 29.6086 28.9168 0.0345146 0.0231462
600 50 27.9631 28.3597 29.1659 29.4868 29.6086 28.9168 0.0191393 0.0104679
600 50 27.9631 28.3597 29.1659 29.4868 29.6086 28.9168 0.0210708 0.0112414
600 50 27.9631 28.3597 29.1659 29.4868 29.6086 28.9168 0.034167 0.022354
600 50 27.9631 28.3597 29.1659 29.2397 29.4868 28.8431 0.033792 0.0229276
600 50 27.9631 28.3597 29.1659 29.2589 29.4868 28.8469 0.0263602 0.0174116
600 50 27.9631 28.3597 28.4607 28.7327 29.1659 28.5364 0.0215594 0.0108178
600 50 27.9631 28.3045 28.3597 28.4608 28.7371 28.365 0.0356864 0.0234607
600 50 27.9631 28.0365 28.3597 28.4608 28.7371 28.3114 0.0349641 0.0253143
600 50 27.9631 28.0365 28.3597 28.4608 28.7371 28.3114 0.0199055 0.0109034
600 50 27.9631 28.0365 28.3597 28.4608 28.7371 28.3114 0.0208197 0.0108661
600 50 27.9631 28.0365 28.3597 28.4608 28.7371 28.3114 0.0193331 0.0111448
600 50 31.5014 31.7807 32.856 39.467 39.8748 35.096 0.0289322 0.0194768
600 0 31.5115 31.599 32.8659 39.4475 39.9047 35.0657 0.0263074 0.0198912
600 0 31.5115 31.5985 32.8659 39.4475 39.9046 35.0656 0.0243226 0.0198366
600 50 30.7771 31.065 31.5115 31.5964 31.599 31.3098 0.028796 0.0193163
600 50 30.7315 30.7386 31.2468 31.2782 31.5115 31.1013 0.014403 0.00566851
600 50 30.7315 30.7386 31.2409 31.2468 31.5115 31.0939 0.020614 0.0102226
600 50 30.7315 30.7386 31.2409 31.2468 31.5115 31.0939 0.0190728 0.0109262
600 50 30.7315 30.7386 31.2409 31.2468 31.5115 31.0939 0.0309272 0.0218208
598 50 30.7315 30.7386 31.2409 31.2468 31.5115 31.0939 0.0341293 0.0111957
600 50 30.7315 30.7386 31.2409 31.2468 31.5115 31.0939 0.0331593 0.0229393
600 50 30.7315 30.7386 31.2409 31.2468 31.5115 31.0939 0.0336439 0.0221166
600 50 30.7315 30.7386 31.2409 31.2468 31.5115 31.0939 0.0263309 0.0105703
600 50 30.7315 30.7386 30.9373 31.2409 31.2468 30.979 0.0226439 0.00804212
585 46 30.6322 30.7315 30.7386 31.2409 31.2468 30.918 0.034544 0.0151088
600 0 30.6322 30.7315 30.7386 31.2409 31.2468 30.918 0.0142486 0.0105413
600 37 30.7315 30.7386 30.9691 31.2409 32.1837 31.1728 0.0302205 0.0220973
600 50 30.7315 30.7386 30.9691 31.2409 32.1838 31.1728 0.0320375 0.0193726
600 0 30.7315 30.7386 30.9691 31.2409 32.1838 31.1728 0.0298296 0.0233972
600 0 30.7315 30.7386 30.9691 31.2409 32.1838 31.1728 0.0261761 0.0225418
600 0 30.7315 30.7386 30.9691 31.2409 32.1838 31.1728 0.0298195 0.0251347
600 50 30.7315 30.7386 30.9691 31.2409 32.1155 31.1591 0.0219021 0.0111672
600 50 30.7315 30.7386 30.9691 31.2409 31.5114 31.0383 0.0193404 0.0111772
600 50 30.7315 30.7386 30.9691 31.2409 31.5115 31.0383 0.0195069 0.0113178
600 50 30.7315 30.7386 30.9691 31.2409 31.5115 31.0383 0.0202956 0.0109745
600 50 30.7315 30.7386 30.9691 31.2409 31.5115 31.0383 0.0208712 0.0117847
600 50 30.7315 30.7386 30.9691 31.2409 31.5115 31.0383 0.0211684 0.0125624
600 50 30.7315 30.7386 30.9691 31.2409 31.5115 31.0383 0.0292823 0.0125581
600 50 30.7315 30.7386 30.9691 31.2409 31.5115 31.0383 0.0287497 0.0121116
600 27 30.7315 30.7386 30.9691 31.2409 31.5115 31.0383 0.0310062 0.0220799
600 50 30.7315 30.7386 30.9691 31.2409 31.5115 31.0383 0.0184601 0.0112126
600 50 30.7315 30.7386 30.9627 30.9691 31.2409 30.9286 0.0305013 0.020066
600 50 30.7315 30.7386 30.963 30.9691 31.2409 30.9286 0.023908 0.0128566
600 50 30.7315 30.7386 30.963 30.9691 31.2409 30.9286 0.0327222 0.0237343
600 50 30.7315 30.7386 30.963 30.9691 31.2409 30.9286 0.0325517 0.0240956
600 0 30.7315 30.7386 30.963 30.9691 31.2409 30.9286 0.015344 0.0113442
600 0 30.7315 30.7386 30.963 30.9691 31.2409 30.9286 0.0362063 0.0302418
600 50 30.7315 30.7386 30.963 30.9691 31.2409 30.9286 0.020869 0.0114533
600 50 30.7315 30.7386 30.963 30.9691 31.2409 30.9286 0.0333714 0.0238823
600 50 30.7315 30.7386 30.963 30.9691 31.2409 30.9286 0.0213135 0.0132739
600 0 30.7315 30.7386 30.963 30.9691 31.2409 30.9286 0.0163731 0.0125675
600 50 30.7315 30.7386 30.963 30.9691 31.2409 30.9286 0.0239647 0.0109517
600 0 30.7315 30.7386 30.963 30.9691 31.2409 30.9286 0.0279118 0.0243429
600 50 30.7315 30.7386 30.963 30.9691 31.2409 30.9286 0.0198964 0.00926105
600 50 30.7315 30.7386 30.963 30.9691 31.2409 30.9286 0.0351086 0.022145
600 50 30.7315 30.7386 30.963 30.9691 31.2409 30.9286 0.0274062 0.0192332
600 50 30.7315 30.7386 30.963 30.9691 31.2409 30.9286 0.0309499 0.0214457
600 50 30.7315 30.7386 30.963 30.9691 31.2409 30.9286 0.0343915 0.0235043
600 50 30.7315 30.7386 30.963 30.9691 31.2409 30.9286 0.035031 0.0234976
600 50 30.7315 30.7386 30.963 30.9691 31.2409 30.9286 0.0206614 0.0119699
600 50 30.7315 30.7386 30.963 30.9691 31.2409 30.9286 0.0204147 0.0114952
600 50 30.7315 30.7386 30.963 30.9691 31.2409 30.9286 0.0178835 0.00706129
600 50 30.7315 30.7386 30.963 30.9691 31.2409 30.9286 0.0397344 0.0191828
600 50 30.7315 30.7386 30.963 30.9691 31.2409 30.9286 0.0278996 0.017814
600 0 30.7315 30.7386 30.963 30.9691 31.2409 30.9286 0.0254896 0.0185193
600 32 30.7315 30.7386 30.963 30.9691 31.2409 30.9286 0.0451209 0.0249584
