333 0 0 0 0 0 0 -1 0.0110561 0.00026538
600 50 30.025 30.5537 30.9283 31.1731 32.2014 30.9763 0.0133044 0.000114555
600 50 29.8996 30.5289 30.9075 31.1688 32.2276 30.9465 0.0241463 0.00950769
600 50 29.8996 30.529 30.9075 31.1688 32.2276 30.9465 0.0255319 0.010141
600 50 29.8996 30.1257 30.529 30.5826 30.9075 30.4089 0.0203417 0.0102082
600 50 29.8996 30.1257 30.529 30.5821 30.9075 30.4088 0.0476428 0.0203812
600 50 29.8996 30.1257 30.529 30.5821 30.9075 30.4088 0.0300597 0.0139612
600 50 29.8996 30.1257 30.529 30.5821 30.9075 30.4088 0.0263122 0.015308
600 50 29.4337 29.8787 29.8996 29.9969 30.1257 29.8669 0.0196704 0.00988518
600 50 29.4116 29.868 29.8996 29.927 30.1257 29.8464 0.0337862 0.0210526
600 50 29.4116 29.868 29.8996 29.927 30.1257 29.8464 0.0290708 0.00931004
600 50 29.4116 29.868 29.8996 29.927 30.1257 29.8464 0.0268171 0.00999515
600 50 28.1787 28.5796 29.4116 29.868 29.8996 29.1875 0.0320376 0.0216963
600 50 27.9589 28.3597 29.4116 29.8564 29.868 29.0909 0.0318758 0.0197702
600 50 27.9589 28.3597 29.4116 29.8593 29.868 29.0915 0.035201 0.0221275
600 50 27.9589 28.3597 29.4116 29.8593 29.868 29.0915 0.028593 0.0163265
600 50 27.9589 28.3597 29.4116 29.8593 29.868 29.0915 0.0272527 0.010736
600 50 27.9589 28.3597 28.5218 29.4116 29.8593 28.8223 0.0196234 0.0106283
600 50 27.9589 28.3597 28.4608 29.4116 29.8593 28.81 0.0341295 0.0112957
600 50 27.9589 28.3597 28.4608 29.4116 29.8593 28.81 0.0298415 0.0178687
600 50 27.9589 28.3597 28.4608 29.4116 29.8593 28.81 0.0203372 0.010677
600 50 27.9589 28.3597 28.4608 29.4116 29.8593 28.81 0.0220668 0.0108052
600 50 27.9589 28.3597 28.4608 29.4116 29.8593 28.81 0.0195111 0.0109885
600 50 27.9589 28.3597 28.4608 29.4116 29.8593 28.81 0.0250058 0.0109177
600 50 27.9589 28.3597 28.4608 29.4116 29.8593 28.81 0.0193355 0.0109439
600 50 27.9589 28.3597 28.4608 29.4116 29.4811 28.7344 0.0351134 0.0231734
600 50 27.9589 28.3597 28.4608 29.2589 29.4116 28.69 0.020865 0.00703848
600 50 27.9589 28.3597 28.4608 29.2589 29.4116 28.69 0.035394 0.0223162
600 12 27.9589 28.3597 28.4608 29.2589 29.4116 28.69 0.0266663 0.0211466
600 50 27.9589 28.3597 28.4608 29.2589 29.4116 28.69 0.0231453 0.0112307
600 50 27.9589 28.3597 28.4608 29.2589 29.4116 28.69 0.0339816 0.0211156
600 50 27.9589 28.3597 28.4608 29.2589 29.4116 28.69 0.0398259 0.021961
600 50 27.9589 28.3597 28.4608 29.2589 29.4116 28.69 0.020991 0.0114149
600 50 27.9589 28.3597 28.4608 29.2589 29.4116 28.69 0.0354985 0.0230999
600 50 27.9589 28.3597 28.4608 29.2589 29.4116 28.69 0.0315924 0.0181167
600 50 27.9589 28.3597 28.4608 29.2589 29.4116 28.69 0.0356622 0.0237662
600 50 27.9589 28.3597 28.4608 29.2589 29.4116 28.69 0.032275 0.0203594
600 50 27.9589 28.3597 28.4608 29.2589 29.4116 28.69 0.0221677 0.0109649
600 50 27.9589 28.3597 28.4608 29.2589 29.4116 28.69 0.0216738 0.0118546
600 50 27.9589 28.3597 28.4608 29.2589 29.4116 28.69 0.0321675 0.0208381
600 50 27.9589 28.3597 28.4608 29.2589 29.4116 28.69 0.0214537 0.00696254
600 50 27.9589 28.3597 28.4608 29.2589 29.4116 28.69 0.0174602 0.00690136
600 50 27.9589 28.3597 28.4608 29.2589 29.4116 28.69 0.0222061 0.00950918
600 0 29.9568 69.1125 74.0549 79.1179 79.9411 66.4366 0.026575 0.0228247
600 0 29.9568 69.1125 74.0549 79.1187 79.9228 66.4331 0.0261511 0.0218064
600 50 29.9568 31.6362 31.6991 32.9852 38.7186 32.9992 0.0217635 0.0110399
600 50 29.9568 31.5115 31.599 32.8607 34.4104 32.0677 0.0218863 0.0119209
600 0 29.9568 31.5115 31.599 32.8607 34.1987 32.0253 0.0234217 0.0202872
600 50 29.9568 31.5115 31.5985 32.8607 32.868 31.7591 0.0371074 0.0240172
600 50 29.9568 31.5115 31.599 32.6944 32.8607 31.7245 0.0445092 0.0226435
600 0 29.9568 31.5115 31.599 32.6944 32.8607 31.7245 0.0290626 0.0256311
600 0 29.9568 31.5115 31.5985 32.6944 32.8607 31.7244 0.01557 0.0115743
600 50 29.9568 31.5115 31.599 32.6944 32.7355 31.6994 0.0203314 0.0119957
600 50 29.9568 31.5115 31.599 32.6944 32.7287 31.6981 0.026233 0.0167088
600 50 29.9568 31.5115 31.5985 32.6944 32.7287 31.698 0.0502603 0.0341381
560 50 29.9568 31.5115 31.599 32.6944 32.7287 31.6981 0.0526891 0.034857
600 50 29.9568 31.5115 31.599 32.6944 32.7287 31.6981 0.0337154 0.0234366
600 50 29.9568 31.5115 31.5985 32.6944 32.7287 31.698 0.032845 0.0215041
600 50 31.3399 31.5115 31.599 32.2776 32.6105 31.8677 0.046726 0.0334612
600 50 31.3389 31.5115 31.599 32.2777 32.6005 31.8655 0.034007 0.0143313
600 50 31.3388 31.5115 31.5985 32.2777 32.6005 31.8654 0.0374582 0.023265
600 50 30.8494 31.1313 31.3383 31.5115 31.599 31.2859 0.0390957 0.0243452
600 50 30.7315 30.963 31.3389 31.5115 31.599 31.2288 0.0209688 0.00780604
600 0 30.7315 30.963 31.3388 31.5115 31.5985 31.2287 0.0104928 0.00771431
600 50 30.7315 30.963 31.3383 31.5115 31.599 31.2287 0.0176715 0.00750553
600 50 30.7315 30.963 30.9834 31.3389 31.5115 31.1057 0.0368741 0.026144
600 50 30.7315 30.963 30.9701 31.3388 31.5115 31.103 0.0287166 0.0193022
600 0 30.7315 30.963 30.9701 31.3383 31.5115 31.1029 0.0238931 0.0207952
600 50 30.7315 30.963 30.9701 31.3389 31.5115 31.103 0.0380025 0.0224579
600 50 30.7315 30.963 30.9701 31.3388 31.5115 31.103 0.0340429 0.0204113
600 40 30.7315 30.963 30.9701 31.3383 31.5115 31.1029 0.0275151 0.0123054
600 50 30.7315 30.963 30.9701 31.3389 31.5115 31.103 0.033722 0.0231908
600 0 30.7315 30.963 30.9701 31.3388 31.5115 31.103 0.017323 0.0137844
600 50 30.7315 30.963 30.9701 31.3383 31.5115 31.1029 0.0371264 0.0240027
600 30 30.7315 30.963 30.9701 31.3389 31.5115 31.103 0.0292128 0.0195499
600 23 30.7315 30.963 30.9701 31.3388 31.5115 31.103 0.0192259 0.0124452
600 0 30.7315 30.963 30.9701 31.3383 31.5115 31.1029 0.0269987 0.0233569
600 50 30.7315 30.963 30.9701 31.3389 31.5115 31.103 0.0221394 0.0115854
600 50 30.7315 30.963 30.9701 31.3388 31.5115 31.103 0.0256082 0.0121061
600 50 30.7315 30.963 30.9701 31.3383 31.5115 31.1029 0.0227375 0.012537
600 50 30.7315 30.963 30.9701 31.3389 31.5115 31.103 0.0231995 0.0123673
600 50 30.7315 30.963 30.9701 31.1915 31.3388 31.039 0.0399787 0.0237486
600 0 30.7315 30.9629 30.963 30.9701 31.3383 30.9932 0.0244343 0.0214583
600 0 30.7315 30.9629 30.963 30.9701 31.3389 30.9933 0.019106 0.0158231
600 45 30.7315 30.9629 30.963 30.9701 31.3388 30.9933 0.0227831 0.0125548
600 50 30.7315 30.9629 30.963 30.9701 31.3383 30.9932 0.0373895 0.0268802
600 6 30.7315 30.9629 30.963 30.9701 31.3389 30.9933 0.0215552 0.0181957
600 0 30.7315 30.9629 30.963 30.9701 31.3388 30.9933 0.0203188 0.0168368
600 24 30.7315 30.9629 30.963 30.9701 31.3383 30.9932 0.0212649 0.0118788
600 50 30.7315 30.9629 30.963 30.9701 31.3389 30.9933 0.0222219 0.0117864
600 50 30.7315 30.9629 30.963 30.9701 31.3388 30.9933 0.0334291 0.0212088
600 26 30.7315 30.9629 30.963 30.9701 31.3383 30.9932 0.0157274 0.0102434
600 0 30.7315 30.9629 30.963 30.9701 31.3389 30.9933 0.0161002 0.0128529
600 50 30.7315 30.9629 30.963 30.9701 31.3388 30.9933 0.0198849 0.00760398
600 0 30.7315 30.9629 30.963 30.9701 31.3383 30.9932 0.0152758 0.012392
600 50 30.7315 30.9629 30.963 30.9701 31.3389 30.9933 0.0164769 0.00768029
600 50 30.7315 30.9629 30.963 30.9701 31.3388 30.9933 0.0184455 0.00768338
600 50 30.7315 30.9629 30.963 30.9701 31.3383 30.9932 0.0515826 0.0315
