389 50 31.5481 31.988 34.771 38.7323 39.1262 35.2331 0.0299848 0.000240841
600 35 29.6148 30.9545 31.5188 31.5204 31.58 31.0377 0.0282202 0.0198369
600 50 29.6137 30.9531 31.2013 31.517 31.5203 30.9611 0.018691 0.0103619
600 50 29.6137 30.9531 31.1975 31.517 31.5198 30.9602 0.021333 0.009302
600 50 29.6137 30.9531 31.1975 31.517 31.5204 30.9603 0.0323224 0.0220028
600 50 27.9615 28.3566 28.4657 29.2593 29.5948 28.7276 0.043427 0.0271072
600 50 27.9589 28.3562 28.4608 29.2589 29.5835 28.7236 0.0422639 0.0224853
600 50 27.9589 28.3562 28.4608 29.2589 29.5835 28.7236 0.0278037 0.0159219
600 50 27.9589 28.1277 28.3562 28.4608 29.2589 28.4325 0.0182642 0.0063013
600 50 27.9589 28.2061 28.3562 28.4608 29.2589 28.4482 0.0321101 0.0217204
600 50 27.9589 28.1516 28.3562 28.4608 29.2589 28.4373 0.0216954 0.00981871
600 50 27.9589 28.1103 28.3562 28.4608 29.2589 28.429 0.0347043 0.0200036
600 50 27.9589 28.0672 28.3562 28.4608 29.1575 28.4001 0.0348617 0.0221379
600 50 27.9589 28.2011 28.3562 28.4608 29.1556 28.4265 0.0246856 0.0125495
600 50 27.9589 28.143 28.3562 28.4608 29.1556 28.4149 0.0212659 0.0111667
600 50 27.9589 28.0982 28.3562 28.4608 29.1556 28.4059 0.0320197 0.0195262
600 50 27.9589 28.0422 28.3562 28.4608 29.1556 28.3947 0.0277005 0.00985969
600 50 27.9589 28.1899 28.3562 28.4608 29.1556 28.4243 0.0359355 0.0218446
600 50 27.9589 28.1349 28.3562 28.4608 29.1556 28.4133 0.0213705 0.0106912
585 50 27.9589 28.1192 28.3562 28.4608 29.1556 28.4101 0.0446173 0.0182317
600 50 27.9589 28.0975 28.3562 28.4608 28.68 28.3107 0.0246681 0.0113162
600 50 27.9589 28.0413 28.3562 28.4608 28.6757 28.2986 0.0307388 0.0215145
600 50 27.9589 28.1869 28.3562 28.4608 28.6757 28.3277 0.0238707 0.013372
600 50 27.9589 28.1225 28.3562 28.4608 28.6757 28.3148 0.0307647 0.0166553
600 50 27.9589 28.1097 28.3562 28.4608 28.6757 28.3122 0.0362962 0.0213226
600 50 27.9589 28.0655 28.3562 28.4608 28.6757 28.3034 0.0274869 0.0128049
600 50 27.9589 28.1982 28.3562 28.4608 28.6757 28.33 0.0211568 0.0114655
600 50 27.9589 28.1328 28.3562 28.4608 28.6757 28.3169 0.0270965 0.0155762
600 50 27.9589 28.0917 28.3562 28.4608 28.6757 28.3087 0.029833 0.0113221
600 50 27.9589 28.0356 28.3562 28.4608 28.6757 28.2974 0.0395559 0.027201
600 50 27.9589 28.1665 28.3562 28.4608 28.6757 28.3236 0.0448908 0.0310642
600 50 27.9589 28.1042 28.3562 28.4608 28.6757 28.3112 0.0310827 0.0185117
600 50 27.9589 28.0524 28.3562 28.4608 28.6757 28.3008 0.0241722 0.0108196
600 50 27.9589 28.2355 28.3562 28.4608 28.6757 28.3374 0.0334436 0.0222196
600 50 27.9589 28.1908 28.3562 28.4608 28.6757 28.3285 0.0315462 0.0215165
600 50 27.9589 28.1357 28.3562 28.4608 28.6757 28.3174 0.0340325 0.0218217
600 50 27.9589 28.1216 28.3562 28.4608 28.6757 28.3146 0.0365822 0.0189966
600 50 27.9589 28.1063 28.3562 28.4608 28.6757 28.3116 0.0377486 0.0246402
600 50 27.9589 28.0571 28.3562 28.4608 28.6757 28.3017 0.0165898 0.00667241
600 50 27.9589 28.1856 28.3562 28.4608 28.6757 28.3274 0.0344596 0.0208717
600 50 27.9589 28.1214 28.3562 28.4608 28.6757 28.3146 0.0180865 0.00697356
600 50 27.9589 28.1056 28.3562 28.4608 28.6757 28.3114 0.0173962 0.00689771
600 50 27.9589 28.0555 28.3562 28.4608 28.6757 28.3014 0.0274261 0.00877718
600 50 28.6757 31.5985 32.0107 32.5119 33.3065 31.6207 0.0308014 0.0167194
600 2 28.6757 31.599 31.6012 32.0107 32.4967 31.2767 0.0208947 0.011401
600 0 28.6757 31.5985 31.6007 32.0102 32.4451 31.266 0.0236128 0.0199761
600 50 28.6757 31.599 31.6012 32.0108 32.5776 31.2929 0.0222732 0.0103215
600 18 28.6757 31.599 31.6012 32.0107 32.5079 31.2789 0.0262851 0.0205768
600 50 28.6757 31.5114 31.5985 31.6007 32.0102 31.0793 0.032685 0.0204737
600 50 28.6757 31.5115 31.599 31.6012 32.0108 31.0796 0.0245502 0.0101584
600 50 28.6757 31.5115 31.599 31.6012 32.0107 31.0796 0.0305736 0.0121534
600 49 28.6757 31.5115 31.5985 31.6007 32.0102 31.0793 0.0328662 0.0181464
600 50 28.6757 31.5115 31.599 31.6012 32.0108 31.0796 0.0538245 0.0283049
600 50 28.6757 31.5115 31.599 31.6012 32.0107 31.0796 0.0290428 0.0194495
600 48 28.6757 31.3492 31.5115 31.5985 31.6007 30.9471 0.0151804 0.00693291
600 50 28.6757 31.3284 31.5115 31.599 31.6012 30.9432 0.0191866 0.00804833
600 50 28.6757 31.3284 31.5115 31.5148 31.599 30.9259 0.0348862 0.0213724
600 0 28.6757 31.3279 31.5115 31.5131 31.5985 30.9253 0.0105254 0.00749822
600 50 30.9619 31.3284 31.5115 31.599 33.6869 31.8175 0.0370333 0.0228326
600 50 30.9619 31.3284 31.5115 31.599 32.116 31.5033 0.0422608 0.0195083
600 50 30.9619 31.3279 31.5115 31.5985 31.9232 31.4646 0.0236692 0.0136695
600 0 30.9619 31.3284 31.5115 31.599 31.9232 31.4648 0.0223488 0.0185946
600 50 30.8446 30.9619 31.3284 31.5115 31.599 31.2491 0.0194813 0.00737139
600 50 30.7315 30.9619 31.3279 31.5115 31.5985 31.2263 0.0295478 0.0182058
600 0 30.7315 30.9619 31.3284 31.5115 31.599 31.2265 0.0261039 0.0229389
600 36 30.7315 30.9619 31.3284 31.5115 31.599 31.2265 0.0323421 0.019575
600 0 30.7315 30.9619 31.3279 31.5115 31.5985 31.2263 0.0239675 0.0193093
600 50 30.7315 30.9619 31.3284 31.5115 31.599 31.2265 0.0251198 0.0135569
600 0 30.7315 30.9619 31.3284 31.5115 31.599 31.2265 0.0317379 0.0228712
600 0 30.7315 30.9619 31.3279 31.5115 31.5985 31.2263 0.0251501 0.0221101
600 50 30.7315 30.9619 31.3284 31.5115 31.599 31.2265 0.0214253 0.00968529
600 50 30.7315 30.9619 31.3284 31.5115 31.599 31.2265 0.0300163 0.0192201
600 0 30.7315 30.9619 31.3279 31.5115 31.5985 31.2263 0.0163352 0.0128012
600 50 30.7315 30.9619 31.3284 31.5115 31.599 31.2265 0.033903 0.0214227
600 50 30.7315 30.9619 31.3284 31.5115 31.599 31.2265 0.0253431 0.0110582
600 50 30.7315 30.9619 31.3279 31.5115 31.5985 31.2263 0.0354905 0.0176634
600 0 30.7315 30.9619 31.3284 31.5115 31.599 31.2265 0.0258182 0.0225163
600 0 30.7315 30.9619 31.3284 31.5115 31.599 31.2265 0.0217203 0.0180744
600 35 30.7315 30.9619 31.3279 31.5115 31.5985 31.2263 0.0192792 0.0101735
600 15 30.7315 30.9619 31.3284 31.5115 31.599 31.2265 0.0248168 0.0189884
600 50 30.7315 30.9619 31.3284 31.5115 31.599 31.2265 0.0230125 0.00766047
600 50 30.7315 30.9619 31.3279 31.5115 31.5985 31.2263 0.0295755 0.0164454
600 50 30.7315 30.9619 31.2407 31.3284 31.5115 31.1548 0.0359735 0.0114803
600 50 30.7315 30.9619 31.2409 31.3284 31.5115 31.1548 0.0278497 0.0180365
600 50 30.7315 30.9619 31.2409 31.3279 31.5115 31.1547 0.0295143 0.0203925
600 50 30.7315 30.9619 31.2409 31.3284 31.5115 31.1549 0.028116 0.0165401
600 0 30.7315 30.9619 31.2409 31.3284 31.5115 31.1548 0.0146605 0.0114904
600 50 30.7315 30.9619 31.2409 31.3279 31.5115 31.1547 0.02037 0.00786229
600 14 30.7315 30.9619 31.2409 31.3284 31.5115 31.1549 0.0307952 0.0245784
600 50 30.7315 30.9619 31.2409 31.3284 31.5115 31.1548 0.0332815 0.0166892
600 50 30.7315 30.9619 31.2409 31.3279 31.5115 31.1547 0.0196763 0.00751848
600 50 30.7315 30.9619 31.2409 31.3284 31.5115 31.1549 0.0177067 0.00719766
600 0 30.7315 30.9619 31.2409 31.3284 31.5115 31.1548 0.0118855 0.00853154
600 50 30.7315 30.9619 31.2409 31.3279 31.5115 31.1547 0.0159558 0.00725821
600 0 30.7315 30.9619 31.2409 31.3284 31.5115 31.1549 0.0103472 0.00733976
600 50 30.7315 30.9619 31.2409 31.3284 31.5115 31.1548 0.0264346 0.0116937
600 50 30.7315 30.9619 31.2409 31.3279 31.5115 31.1547 0.0192315 0.00706818
600 50 30.7315 30.9619 31.2409 31.3284 31.5115 31.1549 0.0151553 0.00729418
