597 50 31.593 32.7009 33.6922 34.8188 35.5758 33.6761 0.0234421 0.000237063
600 50 31.594 31.8251 32.245 32.7029 32.8326 32.2399 0.0195672 0.0108549
600 50 29.6117 31.3864 31.594 31.7783 32.245 31.3231 0.0206472 0.00965919
600 50 28.2939 28.4768 29.4147 29.6137 29.6767 29.0951 0.0381033 0.0221743
600 50 28.294 28.4608 29.4162 29.5835 29.6137 29.0736 0.0283739 0.0158585
600 50 28.294 28.4608 29.4162 29.5835 29.6137 29.0736 0.0369592 0.0220462
600 50 28.294 28.4608 29.4162 29.5835 29.6137 29.0736 0.0186495 0.00719706
600 50 28.294 28.4608 29.4162 29.5835 29.6137 29.0736 0.0379057 0.0247933
600 50 28.294 28.4608 29.4162 29.5835 29.6137 29.0736 0.0195383 0.0106361
600 50 28.294 28.4608 29.4162 29.5835 29.6137 29.0736 0.0339628 0.0212893
600 50 28.294 28.4608 29.1556 29.4162 29.5835 28.982 0.0305874 0.0188817
600 50 28.294 28.4608 29.1556 29.4162 29.5835 28.982 0.0311599 0.0143371
600 50 28.294 28.4608 29.1556 29.4162 29.5835 28.982 0.031535 0.0185091
600 50 28.294 28.4608 29.1556 29.4162 29.5835 28.982 0.0454902 0.0276197
600 50 28.294 28.4608 29.1556 29.4162 29.5835 28.982 0.026069 0.0160884
600 50 28.294 28.4608 29.1556 29.4162 29.5835 28.982 0.0358947 0.0239406
600 50 28.294 28.4608 29.1556 29.4162 29.5835 28.982 0.025209 0.0157753
600 50 28.294 28.4608 29.1556 29.4162 29.5835 28.982 0.0208677 0.0104754
600 50 28.294 28.4608 29.1556 29.4162 29.5835 28.982 0.0354534 0.0193196
600 50 28.294 28.4608 29.1556 29.4162 29.5835 28.982 0.0145154 0.00739606
600 0 28.294 28.4608 29.1556 29.4162 29.5835 28.982 0.0328112 0.0255298
600 50 28.294 28.4608 29.1556 29.4162 29.5835 28.982 0.0331033 0.0199705
600 50 28.294 28.4608 29.1556 29.4162 29.5835 28.982 0.0376857 0.0228714
600 50 28.294 28.4608 29.1556 29.4162 29.5835 28.982 0.0326773 0.0209397
600 50 28.294 28.4608 29.1556 29.4162 29.5835 28.982 0.0342175 0.0193945
600 50 28.294 28.4608 29.1556 29.4162 29.5835 28.982 0.032527 0.0197988
600 0 28.294 28.4608 29.1556 29.4162 29.5835 28.982 0.0259086 0.0217329
600 50 28.294 28.4608 29.1556 29.4162 29.5835 28.982 0.0342465 0.0216609
600 50 28.294 28.4608 29.1556 29.4162 29.5835 28.982 0.031015 0.0195985
600 50 28.294 28.4608 29.1556 29.4162 29.5835 28.982 0.0353128 0.0195397
600 50 28.294 28.4608 29.1556 29.4162 29.4587 28.957 0.0373503 0.0255291
600 50 28.294 28.4608 29.1556 29.1901 29.4162 28.9033 0.0294835 0.0178486
600 50 28.294 28.4608 29.1556 29.1901 29.4162 28.9033 0.0207247 0.0104057
600 50 28.294 28.4608 29.1556 29.1901 29.4162 28.9033 0.0291149 0.0108944
600 50 28.294 28.4608 29.1556 29.1901 29.4162 28.9033 0.0358323 0.0217648
600 50 28.294 28.4608 29.1556 29.1901 29.4162 28.9033 0.0321565 0.0164797
600 50 28.294 28.4608 29.1556 29.1901 29.4162 28.9033 0.032862 0.0222032
600 50 28.294 28.4608 29.1556 29.1901 29.4162 28.9033 0.0296518 0.0155425
600 50 28.294 28.4608 29.1556 29.1901 29.4162 28.9033 0.021372 0.0104309
600 50 28.294 28.4608 29.1556 29.1901 29.4162 28.9033 0.0343883 0.0202019
595 50 28.294 28.4608 29.1556 29.1901 29.4162 28.9033 0.0445969 0.0141593
600 50 28.2791 28.294 28.4608 28.6776 29.1556 28.5734 0.0205082 0.00655537
600 50 27.9589 28.294 28.3597 28.4608 29.1556 28.4458 0.0319669 0.0213635
600 20 30.8032 34.4999 35.5274 39.875 40.0174 36.1446 0.0217701 0.0120368
600 50 30.7315 32.7405 33.3527 33.4672 33.6717 32.7927 0.0328219 0.0183983
600 50 30.7315 30.9628 32.1819 32.4153 33.3623 31.9308 0.0318875 0.0198138
600 50 30.7315 30.963 32.1824 32.4159 32.6055 31.7797 0.0337171 0.0208458
600 50 30.7315 30.963 31.8627 32.1824 32.3124 31.6104 0.0381186 0.019724
600 9 30.7315 30.963 31.8627 31.9232 32.1824 31.5326 0.027126 0.0226129
600 50 30.7315 30.963 31.8627 31.9232 32.1824 31.5326 0.0305072 0.016762
600 50 30.7315 30.7388 30.963 31.76 31.8627 31.2112 0.0367138 0.0246873
600 0 30.7315 30.7386 30.963 31.7606 31.8627 31.2113 0.0186805 0.0137856
600 0 30.7315 30.7386 30.963 31.7606 31.8627 31.2113 0.0134406 0.0106392
600 50 30.7315 30.7386 30.963 31.1961 31.3073 30.9873 0.0351948 0.0221717
600 50 30.4025 30.7315 30.7386 30.963 31.1955 30.8062 0.02084 0.0102399
600 50 30.4025 30.7315 30.7386 30.963 31.1955 30.8062 0.0395572 0.0249406
600 8 30.4025 30.7315 30.7386 30.963 31.1955 30.8062 0.0220929 0.0181397
600 0 30.4025 30.7315 30.7386 30.963 31.1955 30.8062 0.0204296 0.016955
600 0 30.7315 30.7376 30.963 65.8062 69.239 45.4955 0.0158956 0.0121223
600 50 30.7315 30.7376 30.963 31.6652 33.9992 31.6193 0.0344972 0.0198188
600 0 30.7315 30.7376 30.963 31.599 33.9452 31.5953 0.0176996 0.0145719
600 50 30.7315 30.7376 30.963 31.599 32.1648 31.2392 0.0271727 0.0173558
600 42 30.7315 30.7376 30.963 31.3504 31.5985 31.0762 0.0342194 0.0218946
600 12 30.7315 30.7376 30.963 31.3388 31.599 31.074 0.0159167 0.0111177
600 50 30.7315 30.7376 30.963 31.3383 31.599 31.0739 0.0360781 0.0109241
600 0 30.7315 30.7376 30.963 31.3389 31.5985 31.0739 0.0209669 0.018119
600 50 30.7315 30.7376 30.963 31.3388 31.599 31.074 0.0350459 0.0219596
600 50 30.7315 30.7376 30.963 31.3383 31.599 31.0739 0.030894 0.016904
600 0 30.7315 30.7376 30.963 31.3389 31.5985 31.0739 0.0146015 0.0112083
600 50 30.7315 30.7376 30.963 31.3388 31.599 31.074 0.0318694 0.0191308
600 0 30.7315 30.7376 30.963 31.3383 31.599 31.0739 0.0256091 0.0223759
600 25 30.7315 30.7376 30.963 31.3389 31.5985 31.0739 0.0195809 0.0111909
600 50 30.7315 30.7376 30.963 31.3388 31.599 31.074 0.039845 0.0218889
600 50 30.7315 30.7376 30.963 31.3383 31.599 31.0739 0.034781 0.0178067
600 50 30.7315 30.7376 30.963 31.3389 31.5114 31.0565 0.0356894 0.0222241
600 0 30.7315 30.7376 30.963 31.3388 31.5115 31.0565 0.026666 0.0232754
600 50 30.7315 30.7376 30.963 31.3383 31.5115 31.0564 0.0364756 0.0228579
600 24 30.7315 30.7376 30.963 31.3389 31.5115 31.0565 0.0293363 0.0235347
600 50 30.7315 30.7376 30.963 31.3388 31.5115 31.0565 0.0385967 0.0177121
600 50 30.7315 30.7376 30.963 31.3383 31.5115 31.0564 0.0424232 0.0171862
600 8 30.7315 30.7376 30.963 31.3389 31.5115 31.0565 0.0238844 0.0199099
600 50 30.7315 30.7376 30.963 31.3388 31.5115 31.0565 0.0286737 0.0172449
600 40 30.7315 30.7376 30.963 31.3383 31.5115 31.0564 0.0258289 0.0189497
600 50 30.7315 30.7376 30.963 31.3389 31.5115 31.0565 0.0271192 0.0119694
600 50 30.7315 30.7376 30.963 31.3388 31.5115 31.0565 0.048137 0.0328048
600 0 30.7315 30.7376 30.963 31.3383 31.5115 31.0564 0.0151664 0.0117312
600 50 30.7315 30.7376 30.963 31.3389 31.5115 31.0565 0.0393198 0.0267502
600 0 30.7315 30.7376 30.963 31.3388 31.5115 31.0565 0.0120428 0.0085426
600 50 30.7315 30.7376 30.963 31.3383 31.5115 31.0564 0.029282 0.0118202
600 50 30.7315 30.7376 30.963 31.3389 31.3923 31.0327 0.0310693 0.0208387
600 50 30.7315 30.7376 30.963 31.1113 31.3388 30.9765 0.0330999 0.0225016
600 0 30.7315 30.7376 30.963 31.1113 31.3383 30.9764 0.0245632 0.0212343
600 50 30.7315 30.7376 30.963 31.1113 31.3389 30.9765 0.021785 0.00760508
600 50 30.7315 30.7376 30.963 30.9686 31.1113 30.9024 0.0343388 0.0216542
600 30 30.7315 30.7376 30.963 30.9701 31.1113 30.9027 0.0324408 0.0229856
600 0 30.7315 30.7376 30.963 30.9701 31.1113 30.9027 0.0207217 0.0171705
600 0 30.7315 30.7376 30.963 30.9701 31.1113 30.9027 0.0234285 0.0203669
600 50 30.7315 30.7376 30.963 30.9701 31.1113 30.9027 0.0307011 0.0188532
