174 4 28.4608 30.031 45.3049 0 0 34.5989 0.00737156 0.000270623
212 0 28.4608 29.5886 45.3264 0 0 34.4586 0.00992378 0.00572625
251 42 28.4608 29.5886 30.4014 30.6182 31.189 30.0516 0.0300157 0.00628347
593 100 28.4608 29.5886 30.4025 30.6258 31.1188 30.0393 0.0293879 0.00726403
584 100 28.4608 29.5886 30.4025 30.6258 31.1197 30.0395 0.0349049 0.0163018
532 100 28.4608 29.1601 29.5886 30.0021 30.1558 29.4735 0.0368825 0.0208372
450 100 28.4608 29.1659 29.5886 30.1147 30.2359 29.5132 0.0427229 0.0210112
548 100 28.4608 29.1659 29.5886 30.0506 30.1805 29.4893 0.0393193 0.0147383
677 100 28.4608 29.1659 29.5886 30.0347 30.1565 29.4813 0.0484232 0.0220844
738 100 28.4608 29.1659 29.5886 29.8 29.9716 29.3974 0.0392006 0.0193084
592 100 28.4608 29.1659 29.5886 29.6137 30.1498 29.3958 0.0420482 0.0238269
571 100 28.4608 29.1659 29.5886 29.6137 30.1081 29.3874 0.035383 0.0197874
649 100 28.014 28.4608 29.1659 29.2541 29.5886 28.8967 0.0257698 0.010719
538 100 28.1155 28.407 28.4608 29.1659 29.5886 28.7476 0.0329071 0.0172071
663 100 28.0501 28.4608 28.5377 29.1659 29.5886 28.7606 0.0490333 0.0209467
637 100 28.0236 28.4608 28.4892 29.1659 29.5886 28.7456 0.0341732 0.0163282
693 100 27.9635 28.426 28.4608 29.1659 29.4873 28.7007 0.0314676 0.0111438
855 100 28.0768 28.3653 28.4608 29.1659 29.3856 28.6909 0.0391456 0.0195609
694 0 28.0286 28.4608 28.4952 29.1659 29.3856 28.7072 0.0275106 0.0225646
942 100 27.9668 28.4312 28.4608 29.1659 29.3856 28.6821 0.0390008 0.00966557
705 100 28.0873 28.3753 28.4608 29.1659 29.3856 28.695 0.0348761 0.0121346
372 100 28.0454 28.4608 28.5257 29.1659 29.3856 28.7167 0.0484866 0.0228692
794 100 28.0042 28.4608 28.4681 29.1659 29.3856 28.6969 0.0456581 0.0226264
730 100 28.1261 28.4181 28.4608 29.1659 29.194 28.673 0.0409675 0.0181316
691 100 28.0664 28.3575 28.4608 29.1659 29.1853 28.6472 0.0375994 0.0117242
537 100 28.0091 28.4608 28.4729 29.1659 29.1853 28.6588 0.037823 0.0205326
579 100 28.1347 28.4268 28.4608 29.1659 29.1853 28.6747 0.0389247 0.0230174
475 100 28.0783 28.3666 28.4608 29.1659 29.1853 28.6514 0.042595 0.0225073
648 0 28.0312 28.4608 28.4989 29.1659 29.1853 28.6684 0.0260097 0.0216908
1139 100 27.9696 28.4345 28.4608 29.1659 29.1853 28.6432 0.0443254 0.0232377
584 100 28.0953 28.3838 28.4608 29.1659 29.1853 28.6582 0.0285986 0.011332
626 100 28.0635 28.4608 28.5644 29.1659 29.1853 28.688 0.0371593 0.014401
826 100 28.0498 28.4608 28.5369 29.1659 29.1853 28.6797 0.0361797 0.0115463
591 100 28.0223 28.4608 28.4876 29.1659 29.1853 28.6644 0.0466904 0.0226325
572 100 28.1735 28.4556 28.4608 29.1659 29.1853 28.6882 0.0313678 0.0116962
696 100 28.07 28.1504 28.4389 28.4608 29.1659 28.4572 0.0451101 0.0225892
520 100 28.0365 28.1084 28.399 28.4608 29.1659 28.4341 0.0305249 0.0098418
709 100 28.0365 28.0438 28.4608 28.522 29.1659 28.4458 0.0366121 0.0193147
606 100 27.9983 28.0365 28.4608 28.4618 29.1659 28.4247 0.027045 0.0119674
641 100 28.0365 28.1171 28.4088 28.4608 29.1659 28.4378 0.0401853 0.0192535
832 100 28.0365 28.0514 28.4608 28.5417 29.1659 28.4513 0.0447963 0.0221731
798 100 28.0302 28.0365 28.4608 28.4974 29.1659 28.4382 0.0398453 0.0178316
692 100 27.9684 28.0365 28.4332 28.4608 29.1659 28.413 0.0408113 0.0196781
717 0 63.0382 74.2409 76.6918 79.0382 79.8024 74.5623 0.0143905 0.00935639
860 100 30.7315 32.1935 32.712 33.1721 33.3569 32.4332 0.0378141 0.00947108
679 100 30.7315 32.1939 32.7287 33.1747 33.3572 32.4372 0.0387915 0.0149452
778 100 30.7315 31.5115 32.1939 32.7287 32.8735 32.0078 0.0329183 0.0120327
571 100 30.7315 30.7781 31.5115 31.6113 32.1939 31.3652 0.0446201 0.0190354
781 100 30.7315 30.7386 31.5115 31.6103 32.1939 31.3572 0.0347981 0.0113726
454 100 30.7315 30.7386 31.3893 31.3965 31.5115 31.1535 0.0467977 0.0241694
721 100 30.7315 30.7386 30.963 30.9701 31.5115 30.9829 0.0489205 0.0223044
527 100 30.7315 30.7386 30.963 30.9701 31.2325 30.9272 0.0415252 0.0232214
696 100 30.7315 30.7386 30.963 30.9701 31.2409 30.9288 0.0478802 0.0223907
742 100 30.7315 30.7386 30.963 30.9701 31.2409 30.9288 0.0372436 0.0181315
782 100 30.7315 30.7386 30.963 30.9701 31.2409 30.9288 0.0343445 0.0114428
587 100 30.7315 30.7386 30.963 30.9701 31.2409 30.9288 0.0413712 0.020395
605 100 30.7315 30.7386 30.963 30.9701 31.2409 30.9288 0.0336016 0.0113799
369 10 30.7315 30.7386 30.963 30.9701 31.2409 30.9288 0.0300553 0.0239858
710 100 30.7315 30.7386 30.963 30.9701 31.2409 30.9288 0.0300824 0.0110568
570 100 30.7315 30.7386 30.963 30.9701 31.2409 30.9288 0.0429577 0.0244955
790 100 30.7315 30.7386 30.963 30.9701 31.2409 30.9288 0.0323466 0.0109591
804 100 30.2779 30.5406 30.5659 30.6689 30.7315 30.557 0.0327181 0.0142524
718 100 30.2156 30.452 30.4987 30.6214 30.7315 30.5038 0.0402172 0.0201646
631 32 30.2156 30.452 30.4987 30.6214 30.7315 30.5038 0.0281295 0.0198734
672 0 30.2156 30.452 30.4987 30.6214 30.7315 30.5038 0.0165281 0.0124038
1070 100 30.2156 30.452 30.4987 30.6214 30.7315 30.5038 0.0411154 0.021796
333 39 30.2156 30.452 30.4648 30.4987 30.6214 30.4505 0.0410667 0.0287028
644 0 30.2156 30.4025 30.452 30.4987 30.6214 30.438 0.019776 0.013985
963 100 30.2156 30.4025 30.452 30.4987 30.6214 30.438 0.0433062 0.0218235
734 100 30.2156 30.4025 30.452 30.4987 30.6214 30.438 0.0391482 0.0153128
752 0 30.2156 30.4025 30.452 30.4987 30.6214 30.438 0.0162836 0.0112222
1081 100 30.2156 30.4025 30.452 30.4987 30.6214 30.438 0.0480915 0.021387
604 100 30.2156 30.4025 30.452 30.4987 30.6214 30.438 0.0397522 0.0115924
733 100 30.7376 31.11 31.3463 32.9666 33.232 31.8785 0.0302612 0.00905057
671 23 30.7376 31.11 31.3463 31.599 32.7384 31.5063 0.0183626 0.0127836
598 82 30.7376 31.11 31.3463 31.599 32.7384 31.5063 0.0434507 0.0247113
645 100 30.7376 30.7977 31.11 31.3463 31.5985 31.118 0.0478496 0.0254552
664 100 30.7315 30.7376 31.11 31.3463 31.599 31.1049 0.0234423 0.00749347
668 100 30.7315 30.7376 31.11 31.2435 31.3312 31.0308 0.0290366 0.012062
541 32 30.7315 30.7376 31.11 31.2513 31.3388 31.0339 0.0370569 0.025449
718 0 30.7315 30.7376 31.11 31.2513 31.3383 31.0338 0.0262304 0.0219348
1017 100 30.7315 30.7376 30.9663 31.11 31.2513 30.9594 0.0460564 0.0173256
698 0 30.7315 30.7376 30.963 31.11 31.2513 30.9587 0.0241574 0.0198352
1045 100 30.7315 30.7376 30.963 31.11 31.2513 30.9587 0.044163 0.0220399
943 0 30.7315 30.7376 30.963 31.11 31.2513 30.9587 0.0272779 0.0222411
1016 100 30.7315 30.7376 30.963 31.11 31.2513 30.9587 0.0401599 0.0235483
746 0 30.7315 30.7376 30.963 31.11 31.2513 30.9587 0.0288195 0.0243035
987 100 30.7315 30.7376 30.963 31.11 31.2513 30.9587 0.0407505 0.0185853
830 100 30.7315 30.7376 30.963 31.11 31.2513 30.9587 0.0334673 0.0118651
681 12 30.7315 30.7376 30.963 31.11 31.2513 30.9587 0.0212729 0.0155602
434 100 30.7315 30.7376 30.963 31.11 31.2513 30.9587 0.0442191 0.0209876
552 100 30.7315 30.7376 30.963 31.11 31.2513 30.9587 0.0399498 0.0235962
584 100 30.7315 30.7376 30.963 31.11 31.2513 30.9587 0.0473001 0.0251677
883 100 30.7315 30.7376 30.963 31.11 31.2513 30.9587 0.0406876 0.0217215
725 100 30.7315 30.7376 30.963 31.0289 31.11 30.9142 0.0227106 0.0123798
379 0 30.7315 30.7376 30.963 30.9691 31.11 30.9022 0.0305529 0.026273
1101 100 30.7315 30.7376 30.963 30.9691 31.11 30.9022 0.0446726 0.0228458
598 100 30.3467 30.7315 30.7376 30.963 30.9691 30.7496 0.0500685 0.0222062
