485 50 31.6026 33.1296 33.5609 33.5865 34.0178 33.1795 0.0249779 0.000305599
600 50 31.5795 32.2441 32.4024 32.8588 33.4711 32.5112 0.0446354 0.0178253
600 50 29.2595 30.2843 31.5796 32.245 32.4024 31.1542 0.0278768 0.00828089
600 50 29.2589 30.2803 31.58 31.5988 32.245 30.9926 0.0248079 0.0147483
600 50 29.2589 29.9792 30.2803 30.6978 30.9294 30.2291 0.0289637 0.0149032
600 50 29.2589 29.9784 30.2803 30.5821 30.8969 30.1993 0.0255167 0.009116
600 50 29.2589 29.9784 30.2803 30.5821 30.8969 30.1993 0.0177369 0.00981944
600 50 29.1556 29.2589 29.9784 30.1632 30.2803 29.7673 0.0340395 0.0228497
600 50 29.1659 29.2589 29.9784 30.1738 30.2803 29.7715 0.0182615 0.0100796
600 50 29.1659 29.2589 29.9784 30.1738 30.2803 29.7715 0.0322807 0.0198829
600 50 28.3604 28.8231 29.1659 29.2589 29.9784 29.1174 0.0202892 0.00985995
600 50 27.9589 28.3597 29.1659 29.2589 29.9784 28.9444 0.0365229 0.021504
600 50 27.9589 28.3597 29.1659 29.2589 29.806 28.9099 0.0342618 0.021232
600 50 27.9589 28.3597 29.1659 29.2589 29.6134 28.8714 0.0301797 0.0181208
600 50 27.9589 28.3597 29.1659 29.2589 29.6137 28.8714 0.0316807 0.020357
600 50 27.9589 28.3597 29.1659 29.2589 29.6137 28.8714 0.0265373 0.0146883
600 50 27.9589 28.3597 28.5727 29.1659 29.2589 28.6632 0.028944 0.0210028
600 50 27.9589 28.3597 28.479 29.1659 29.2589 28.6445 0.0287927 0.0179146
600 50 27.9589 28.3597 28.6243 29.1659 29.2589 28.6735 0.0272971 0.0158261
600 50 27.9589 28.3597 28.567 29.1659 29.2589 28.6621 0.0366998 0.0187829
600 50 27.9589 28.3597 28.5052 29.1659 29.2589 28.6497 0.0189382 0.0104327
600 50 27.9589 28.3597 28.6307 29.1659 29.2589 28.6748 0.0360253 0.0157883
600 50 27.9589 28.3597 28.5726 29.1659 29.2589 28.6632 0.0309397 0.0186059
600 50 27.9589 28.3597 28.5203 29.1659 29.2589 28.6527 0.0268959 0.0175258
600 50 27.9589 28.3597 28.6729 29.1659 29.2589 28.6833 0.0360841 0.0131315
600 50 27.9589 28.3597 28.6622 29.1659 29.2589 28.6811 0.0322095 0.0206114
600 50 27.9589 28.3597 28.6149 29.1659 29.2589 28.6717 0.0329559 0.0212736
600 50 27.9589 28.3597 28.5494 29.1659 29.2589 28.6586 0.0351272 0.0249047
600 50 27.9589 28.3597 28.5226 29.1659 29.2589 28.6532 0.0171815 0.0103035
600 50 27.9589 28.3597 28.4624 29.1659 29.2589 28.6412 0.0304136 0.017224
600 50 27.9589 28.3597 28.5787 29.1659 29.2589 28.6644 0.0263825 0.010674
600 50 27.9589 28.3597 28.5325 29.1659 29.2589 28.6552 0.0335642 0.0214814
600 50 27.9589 28.3597 28.4721 29.1659 29.2589 28.6431 0.0262919 0.010762
600 50 27.9589 28.3597 28.6037 29.1659 29.2589 28.6694 0.0317295 0.0207004
600 50 27.9589 28.3597 28.5394 29.1659 29.2589 28.6566 0.0317026 0.022381
600 50 27.9589 28.3597 28.4855 29.1659 29.2589 28.6458 0.0312338 0.0192035
600 50 27.9589 28.3597 28.6518 29.1659 29.2589 28.6791 0.0325121 0.0213143
600 50 27.9589 28.3597 28.6131 29.1659 29.2589 28.6713 0.0267498 0.016772
600 50 27.9589 28.3597 28.5478 29.1659 29.2589 28.6582 0.0336702 0.0202436
600 50 27.9589 28.3597 28.5158 29.1659 29.2589 28.6518 0.0287358 0.0193177
600 50 27.9589 28.3597 28.6633 29.1659 29.2589 28.6813 0.0202055 0.0114152
600 50 27.9589 28.3597 28.6176 29.1659 29.2589 28.6722 0.0275692 0.0176449
600 50 27.9589 28.3597 28.5517 29.1659 29.2589 28.659 0.0333477 0.0239969
600 0 29.9568 71.8937 73.3649 74.9711 76.4239 65.3221 0.0196624 0.0161301
600 50 29.9568 33.8799 36.9248 41.537 41.8426 36.8282 0.0195782 0.00987837
600 50 29.9568 33.3574 33.3772 35.1708 36.4042 33.6533 0.0269022 0.0158545
600 50 29.9568 30.8546 31.3388 31.5101 31.9708 31.1262 0.0335676 0.0240958
600 50 29.9568 30.8567 31.3379 31.508 31.9232 31.1165 0.0323627 0.0209442
492 50 29.9568 30.8567 31.3379 31.508 31.9073 31.1133 0.0499425 0.0248537
600 50 29.9568 30.8567 31.3379 31.508 31.6369 31.0593 0.0322516 0.0179071
600 50 29.9568 30.8567 31.3284 31.3379 31.508 30.9976 0.0244594 0.0118117
600 50 29.9568 30.8567 31.2586 31.3284 31.3379 30.9477 0.0346538 0.0234621
600 0 29.9568 30.8567 30.9701 31.3279 31.3379 30.8899 0.0157001 0.0118088
600 50 29.9568 30.8567 30.9701 31.3284 31.3379 30.89 0.0341867 0.0218711
600 50 29.9568 30.8567 30.9701 31.3284 31.3379 30.89 0.0344773 0.0228348
600 0 29.9568 30.8567 30.9701 31.3279 31.3379 30.8899 0.0188142 0.0152762
600 50 29.9568 30.8567 30.9701 31.3284 31.3379 30.89 0.0235689 0.0128193
600 0 29.9568 30.8567 30.9701 31.3284 31.3379 30.89 0.0199001 0.0152919
600 0 30.9701 31.3279 31.3379 32.2776 73.6557 39.9138 0.0263733 0.0231146
600 50 30.9701 31.3284 31.3379 31.643 32.0108 31.458 0.0208647 0.0118912
600 50 30.9701 31.3284 31.3379 31.599 32.0107 31.4492 0.0196236 0.0112722
600 50 30.9701 31.3279 31.3379 31.5558 31.5985 31.358 0.0321446 0.0226212
600 50 30.9701 31.3284 31.3379 31.5115 31.599 31.3494 0.0221353 0.0117174
600 50 30.9701 31.3284 31.3379 31.5115 31.599 31.3494 0.0339967 0.022715
600 0 30.9701 31.3279 31.3379 31.5115 31.5985 31.3492 0.0164081 0.012562
600 0 30.9701 31.3284 31.3379 31.5115 31.599 31.3494 0.0277186 0.0241287
600 50 30.9701 31.3284 31.3379 31.5115 31.599 31.3494 0.0328596 0.0245019
600 50 30.9701 31.3279 31.3379 31.5115 31.5985 31.3492 0.0403085 0.0265474
600 50 30.9701 31.3284 31.3379 31.5115 31.599 31.3494 0.0224943 0.0124139
577 50 30.9701 31.3284 31.3379 31.5115 31.599 31.3494 0.0479876 0.0224089
600 0 30.9701 31.3279 31.3379 31.5115 31.5985 31.3492 0.0311773 0.0269433
600 50 30.9701 31.3284 31.3379 31.5115 31.599 31.3494 0.0311822 0.0225416
600 50 30.7438 30.9701 31.3284 31.3379 31.5115 31.1783 0.0231289 0.0116988
600 50 30.7376 30.9701 31.3279 31.3379 31.5115 31.177 0.0268322 0.0164477
600 50 30.7376 30.9701 31.3284 31.3379 31.5115 31.1771 0.0208308 0.0125808
600 0 30.7376 30.9701 31.3284 31.3379 31.5115 31.1771 0.0232368 0.0205082
600 0 30.7376 30.9701 31.3279 31.3379 31.5115 31.177 0.0293323 0.0262892
600 50 30.7376 30.9701 31.3284 31.3379 31.5115 31.1771 0.0210204 0.0122075
600 0 30.7376 30.9701 31.3284 31.3379 31.5115 31.1771 0.0206643 0.0181256
600 8 30.7376 30.9701 31.3279 31.3379 31.5115 31.177 0.0207749 0.016349
600 18 30.7376 30.9701 31.3284 31.3379 31.5115 31.1771 0.0354052 0.025351
600 8 30.7376 30.7801 30.9701 31.3284 31.3379 31.0308 0.0257088 0.0216374
600 0 30.7315 30.7376 30.9701 31.3279 31.3379 31.021 0.0155241 0.01255
600 24 30.7315 30.7376 30.9701 31.3284 31.3379 31.0211 0.0305835 0.02434
600 36 30.7315 30.7376 30.9701 31.3284 31.3379 31.0211 0.0193644 0.012546
600 50 30.7315 30.7376 30.9701 31.3279 31.3379 31.021 0.0397295 0.0293634
600 50 30.7315 30.7376 30.9701 31.1096 31.3284 30.9755 0.0210032 0.012365
600 50 30.7315 30.7376 30.9701 31.1115 31.3284 30.9758 0.0214747 0.0126103
600 50 30.7315 30.7376 30.9701 31.1115 31.3279 30.9757 0.0206489 0.0113708
600 50 30.7315 30.7376 30.9701 31.1115 31.3284 30.9758 0.0249438 0.0110634
600 43 30.7315 30.7376 30.9701 31.1115 31.3284 30.9758 0.0295125 0.0119467
600 50 30.7315 30.7376 30.9701 31.1115 31.3279 30.9757 0.030434 0.0199089
600 44 30.7315 30.7376 30.9701 31.1115 31.3284 30.9758 0.0308662 0.0218787
600 50 30.7315 30.7376 30.9701 31.1115 31.3284 30.9758 0.0323941 0.0200423
600 0 30.7315 30.7376 30.9701 31.1115 31.3279 30.9757 0.0348703 0.0300773
600 50 30.7315 30.7376 30.9701 31.1115 31.3284 30.9758 0.0199743 0.0106104
600 50 30.7315 30.7376 30.9701 31.1115 31.3284 30.9758 0.0260564 0.0149032
600 0 30.7315 30.7376 30.9701 31.1115 31.3279 30.9757 0.0146014 0.0114781
