106 0 0 0 0 0 0 -1 0.00717531 0.000311258
364 28 28.3602 31.6187 32.5827 35.8553 38.9008 33.4636 0.0182527 0.000247749
196 0 28.3597 31.6332 32.5768 35.8639 38.9017 33.4671 0.0267176 0.0206185
584 100 28.0275 28.3597 29.269 29.872 30.3268 29.171 0.0684453 0.0190929
374 0 28.0274 28.3597 29.2687 29.8721 30.3285 29.1713 0.0238407 0.0176952
597 0 28.0274 28.3597 29.2687 29.8721 30.3285 29.1713 0.019621 0.00999121
634 57 28.0274 28.3597 29.2687 29.8721 30.3285 29.1713 0.029649 0.00593042
266 100 28.0274 28.3597 29.2687 29.8721 30.3285 29.1713 0.066939 0.0118927
317 34 28.0274 28.3597 29.2687 29.8721 30.0043 29.1064 0.0302813 0.016825
259 28 28.0274 28.3597 29.2687 29.8721 29.9784 29.1013 0.0298204 0.0183084
248 8 28.0274 28.3597 29.2687 29.8721 29.9784 29.1013 0.0290885 0.0215615
129 1 28.0274 28.3597 29.2687 29.8721 29.9784 29.1013 0.0336517 0.0253526
332 0 28.0274 28.3597 29.2687 29.8721 29.9784 29.1013 0.0269574 0.0208693
571 49 28.0274 28.3597 29.2687 29.8721 29.9784 29.1013 0.0338286 0.00902362
290 12 28.0274 28.3597 29.2687 29.8721 29.9784 29.1013 0.0184096 0.0103766
231 0 28.0274 28.3597 29.2687 29.8721 29.9784 29.1013 0.0219307 0.0158542
453 21 28.0274 28.3597 29.2687 29.8721 29.9784 29.1013 0.0346059 0.0203786
327 100 28.0274 28.3597 28.823 29.2687 29.8721 28.8702 0.0523471 0.0167401
370 0 28.0274 28.3597 28.7371 29.2687 29.8721 28.853 0.0266702 0.0205237
403 0 28.0274 28.3597 28.7371 29.2687 29.8721 28.853 0.0184351 0.00927305
318 0 28.0274 28.3597 28.7371 29.2687 29.8721 28.853 0.0293987 0.020234
541 100 28.0274 28.3597 28.7371 29.2687 29.8721 28.853 0.0612573 0.0147818
399 0 28.0274 28.3597 28.7371 29.2687 29.8721 28.853 0.0162194 0.0100941
555 0 28.0274 28.3597 28.7371 29.2687 29.8721 28.853 0.0301432 0.0204206
576 100 28.0274 28.3597 28.7371 29.2687 29.5322 28.785 0.0712709 0.0194071
366 46 28.0274 28.3597 28.7371 29.2687 29.5366 28.7859 0.0425403 0.0107917
299 15 28.0274 28.3597 28.7371 29.2687 29.5366 28.7859 0.0262881 0.0155044
451 14 28.0274 28.3597 28.7371 29.2687 29.5366 28.7859 0.0202169 0.0111725
409 0 28.0274 28.3597 28.7371 29.2687 29.5366 28.7859 0.02938 0.0231739
481 100 28.0274 28.3597 28.7371 29.2687 29.5366 28.7859 0.0737486 0.0195177
144 0 28.0274 28.3597 28.7371 29.2687 29.5366 28.7859 0.0283477 0.0219254
530 100 28.0274 28.3597 28.7371 29.2687 29.5366 28.7859 0.0611242 0.0202254
492 0 28.0274 28.3597 28.7371 29.2687 29.5366 28.7859 0.0255569 0.0193387
493 100 28.0274 28.3597 28.7371 29.2687 29.5366 28.7859 0.0774132 0.018142
275 36 28.0274 28.3597 28.7371 29.2687 29.5366 28.7859 0.0315526 0.0207681
226 0 28.0274 28.3597 28.7371 29.2687 29.5366 28.7859 0.0251057 0.0189785
487 100 28.0274 28.3597 28.7371 29.2687 29.3833 28.7552 0.0619521 0.00999907
288 0 28.0274 28.3597 28.7371 29.2687 29.3856 28.7557 0.0249734 0.0188293
736 100 28.0274 28.3597 28.462 28.7371 29.2589 28.569 0.0576152 0.0101862
168 0 28.0274 28.3597 28.4608 28.7371 29.2589 28.5688 0.0255948 0.0192579
585 100 28.0274 28.3597 28.4608 28.7371 29.2589 28.5688 0.0688899 0.0104008
259 0 28.0274 28.3597 28.4608 28.7371 29.2589 28.5688 0.0308219 0.0246503
652 100 28.0274 28.3597 28.4608 28.7371 29.2589 28.5688 0.0655665 0.0224041
352 0 29.9568 75.7862 78.4198 79.0387 79.9145 68.6232 0.0156649 0.00951459
492 100 29.9568 31.2432 31.3308 32.2536 32.4268 31.4422 0.0473959 0.0112326
372 10 29.9568 31.2369 31.2409 31.3279 31.6288 31.0783 0.0249388 0.0175917
488 12 29.9568 31.1955 31.2409 31.2521 31.3284 30.9947 0.0228455 0.0145625
343 0 29.9568 31.1955 31.2409 31.2419 31.3284 30.9927 0.0277389 0.0215508
633 0 29.9568 31.1955 31.2409 31.2419 31.3279 30.9926 0.0272063 0.0177065
647 100 29.9568 31.1955 31.2409 31.2419 31.3284 30.9927 0.0611066 0.0145819
442 100 29.9568 31.1955 31.2409 31.2419 31.3284 30.9927 0.0603143 0.0119932
314 0 29.9568 31.1955 31.2409 31.2419 31.3279 30.9926 0.0184919 0.0123506
759 0 29.9568 31.1955 31.2409 31.2419 31.3284 30.9927 0.0305259 0.0211855
331 0 29.9568 31.1955 31.2409 31.2419 31.3284 30.9927 0.0313319 0.0221319
649 100 29.5909 29.9568 30.3324 30.5995 31.1955 30.335 0.0594078 0.0123969
383 0 29.5911 29.9568 30.3326 30.6214 31.1955 30.3395 0.0188503 0.0125622
587 100 29.5911 29.9568 30.3326 30.6214 31.1955 30.3395 0.0631462 0.0122114
334 0 29.5911 29.9568 30.3326 30.6214 31.1955 30.3395 0.0191031 0.0129801
661 26 32.1935 32.2776 33.2147 33.8437 33.8751 33.0809 0.0253678 0.012182
311 0 32.1939 32.2777 32.7287 33.3232 33.3572 32.7761 0.0404172 0.0342508
586 50 32.1939 32.2777 32.7287 33.3219 33.3572 32.7759 0.0509578 0.0244877
525 95 31.3975 31.6647 32.0793 32.1939 32.2777 31.9226 0.0538095 0.0176705
352 0 31.3389 31.599 32.0105 32.1939 32.2777 31.884 0.0182714 0.0121128
411 0 31.3388 31.599 32.0105 32.1939 32.2777 31.884 0.0216096 0.0124301
422 0 31.3383 31.5985 32.01 32.1939 32.2777 31.8837 0.0312854 0.0221735
636 36 30.7314 30.7433 31.3389 31.599 31.7951 31.2415 0.0356279 0.0218405
450 0 30.7315 30.7376 31.3388 31.599 31.7606 31.2335 0.0187561 0.0126021
478 0 30.7315 30.7376 31.3383 31.5985 31.7606 31.2333 0.0249089 0.0155801
515 0 30.7315 30.7376 31.3389 31.599 31.7606 31.2335 0.0291746 0.0200033
590 100 30.7315 30.7376 31.3388 31.599 31.7606 31.2335 0.0748865 0.0123079
416 0 30.7315 30.7376 31.3383 31.5985 31.7606 31.2333 0.0176324 0.0114267
579 0 30.7315 30.7376 31.3389 31.599 31.7606 31.2335 0.0221755 0.0125383
420 0 30.7315 30.7376 31.3388 31.599 31.7606 31.2335 0.0218538 0.0126303
727 100 30.7315 30.7376 31.3383 31.5985 31.7606 31.2333 0.0582697 0.0124838
490 56 30.7315 30.7376 31.3389 31.599 31.7606 31.2335 0.0309269 0.0140116
517 13 30.7315 30.7376 31.3388 31.599 31.7606 31.2335 0.024743 0.0158585
293 0 30.7315 30.7376 31.3383 31.5985 31.7606 31.2333 0.0305606 0.0243979
514 100 30.7315 30.7376 31.3389 31.599 31.7606 31.2335 0.0501534 0.0133551
410 72 30.7315 30.7376 31.3388 31.599 31.7606 31.2335 0.0383275 0.0180024
370 13 30.7315 30.7376 31.3383 31.5985 31.7606 31.2333 0.0399287 0.0315601
353 8 30.7315 30.7376 31.3389 31.599 31.7606 31.2335 0.0274267 0.0200379
685 100 30.7315 30.7376 31.3388 31.599 31.7606 31.2335 0.0663858 0.0234808
369 0 30.7315 30.7376 31.3383 31.5985 31.7606 31.2333 0.0178728 0.0117359
505 0 30.7315 30.7376 31.3389 31.599 31.7606 31.2335 0.0211677 0.0120252
436 0 30.7315 30.7376 31.3388 31.599 31.7606 31.2335 0.0324232 0.0229572
147 0 30.7315 30.7376 31.3383 31.5985 31.7606 31.2333 0.0289499 0.0197562
576 92 30.7315 30.7376 31.3389 31.599 31.7606 31.2335 0.070382 0.0202398
338 31 30.7315 30.7376 31.3388 31.599 31.7606 31.2335 0.0311526 0.0170244
534 0 30.7315 30.7376 31.3383 31.5985 31.7606 31.2333 0.0261935 0.0200533
548 100 30.7315 30.7376 31.3389 31.599 31.7606 31.2335 0.0685126 0.0121296
490 11 30.7315 30.7376 31.3388 31.599 31.7606 31.2335 0.0205276 0.0120729
571 0 30.7315 30.7376 31.3383 31.5985 31.7606 31.2333 0.0189332 0.0127973
485 0 30.7315 30.7376 31.3389 31.599 31.7606 31.2335 0.0326475 0.0235437
455 5 30.7315 30.7376 31.3388 31.599 31.7606 31.2335 0.0312018 0.0186484
428 0 30.7315 30.7376 31.3383 31.5985 31.7606 31.2333 0.0178352 0.0117325
844 100 30.7315 30.7376 31.3389 31.599 31.7606 31.2335 0.0664017 0.0242506
202 0 30.7315 30.7376 31.3388 31.599 31.7606 31.2335 0.0214756 0.0152705
526 0 30.7315 30.7376 31.3383 31.5985 31.7606 31.2333 0.0218517 0.0125971
