86 0 0 0 0 0 0 40 0.00498726 0.00026859
135 0 0 0 0 0 0 40 0.00672367 0.000235837
90 0 0 0 0 0 0 40 0.00646631 0.000240625
313 10 32.5766 34.6829 37.5973 43.7381 50.7781 39.8746 0.00786739 0.000127753
313 0 32.5768 33.9734 36.8923 43.7259 50.7866 39.591 0.0113822 0.00723985
123 0 32.5768 33.9734 36.8923 43.737 50.7865 39.5932 0.0181052 0.0119874
289 0 32.5768 33.9734 36.8923 43.7282 50.7865 39.5915 0.0192205 0.0130917
151 10 31.1826 32.5768 33.9734 34.3779 36.8923 33.8006 0.0229535 0.0127005
253 0 31.1197 32.5768 33.9734 34.386 36.8923 33.7897 0.00957021 0.0053431
300 6 31.1197 32.5768 33.9734 34.386 36.8923 33.7897 0.0155215 0.00839025
110 0 31.1197 32.5768 33.9734 34.386 36.8923 33.7897 0.0118696 0.00773271
494 0 31.1197 32.5768 33.9734 34.386 36.8923 33.7897 0.0158002 0.00964372
389 100 30.0092 30.2569 30.8915 30.9129 31.1197 30.638 0.0521903 0.0109502
88 0 29.3363 30.1134 30.1572 30.2833 31.1197 30.202 0.0185143 0.0142479
310 58 29.2854 30.0626 30.1139 30.2833 31.1197 30.173 0.0405907 0.0173772
244 0 29.4556 30.2327 30.2833 30.2871 31.1197 30.2757 0.0149475 0.0107995
501 100 28.0347 28.4051 29.384 29.4285 30.0139 29.0533 0.0578233 0.0133882
226 0 27.9589 28.3597 29.3713 29.3891 29.9677 29.0093 0.0219055 0.0177662
151 2 27.9589 28.3597 29.3227 29.3891 29.9677 28.9996 0.0374652 0.0278682
157 0 27.9589 28.3597 29.2611 29.3891 29.9677 28.9873 0.014121 0.00999536
346 30 27.9589 28.3597 29.3796 29.3891 29.9677 29.011 0.0324181 0.0189721
273 46 27.9589 28.3597 29.3362 29.3891 29.9677 29.0023 0.0458591 0.0205561
197 0 27.9589 28.3597 29.2852 29.3891 29.9677 28.9921 0.0228831 0.0187921
482 34 27.9589 28.3597 29.3891 29.4549 29.9677 29.0261 0.0359225 0.0103246
381 100 27.9589 28.3597 29.3891 29.4266 29.9677 29.0204 0.0906205 0.0107168
212 0 27.9589 28.3597 29.3683 29.3891 29.9677 29.0088 0.0133976 0.00926884
250 0 27.9589 28.3597 29.3178 29.3891 29.9677 28.9986 0.0172157 0.0110831
453 100 27.9589 28.3597 29.3891 29.4604 29.9677 29.0272 0.0770207 0.020798
255 18 27.9589 28.3597 29.3891 29.4426 29.9677 29.0236 0.0295423 0.0200806
398 32 27.9589 28.3597 29.3891 29.3972 29.9677 29.0145 0.0221675 0.0121835
149 0 27.9589 28.3597 29.3333 29.3891 29.9677 29.0017 0.0373176 0.0331597
422 100 27.9589 28.3597 29.2774 29.3891 29.8424 28.9655 0.075265 0.0230746
375 20 27.9589 28.3597 29.3891 29.4275 29.8453 28.9961 0.0222087 0.0133946
266 3 27.9589 28.3597 29.3698 29.3891 29.8453 28.9846 0.0290577 0.0242183
92 0 27.9589 28.3597 29.3203 29.3891 29.8453 28.9747 0.0290673 0.0249436
400 100 27.9589 28.3597 29.2592 29.3891 29.7948 28.9523 0.0823885 0.0233941
321 31 27.9589 28.3597 29.3736 29.3891 29.7947 28.9752 0.0210125 0.0118623
272 0 27.9589 28.3597 29.3267 29.3891 29.7947 28.9658 0.0262494 0.0221667
328 0 27.9589 28.3597 29.2654 29.3891 29.7947 28.9536 0.0303893 0.0241623
269 40 27.9589 28.3597 29.3891 29.3918 29.7947 28.9788 0.0463669 0.029018
263 0 27.9589 28.3597 29.3285 29.3891 29.7947 28.9662 0.0235869 0.0194258
420 100 27.9589 28.3597 29.2679 29.3455 29.3891 28.8642 0.0585471 0.0230546
234 0 27.9589 28.3597 29.3456 29.3891 29.3991 28.8905 0.0213377 0.0171491
351 0 30.0287 31.8829 74.9209 75.6036 76.3996 57.7671 0.0180606 0.0119251
343 0 29.978 31.8829 74.9209 75.6036 76.3996 57.757 0.0140501 0.00796128
376 0 30.1401 31.8829 74.9209 75.6036 76.3996 57.7894 0.035261 0.0290976
436 33 30.0911 31.8829 38.6201 38.8899 40.0232 35.9014 0.0302111 0.0154443
337 83 30.0267 31.6933 31.8829 32.3979 33.438 31.8878 0.0865928 0.0257321
275 7 29.9692 31.6098 31.8829 32.1939 32.3084 31.5928 0.022572 0.0175808
216 0 30.1131 31.6103 31.8829 32.1939 32.309 31.6218 0.0275472 0.0234587
463 100 30.0551 31.3006 31.6103 31.706 31.8829 31.311 0.0704037 0.0231874
228 0 30.0016 31.2468 31.6098 31.638 31.8829 31.2758 0.0161443 0.0120057
446 65 30.1182 31.2468 31.5729 31.6103 31.638 31.2372 0.0419695 0.0119191
401 0 30.0632 31.2468 31.3388 31.6103 31.638 31.1794 0.0157415 0.011598
372 0 30.0134 31.2468 31.3383 31.6098 31.638 31.1693 0.02957 0.0234836
187 0 30.1565 31.2468 31.3389 31.6103 31.638 31.1981 0.0300743 0.023816
461 0 30.1148 31.2468 31.3388 31.6103 31.638 31.1897 0.0269636 0.0207174
252 0 30.0575 31.2468 31.3383 31.6098 31.638 31.1781 0.0217504 0.0156077
460 72 31.3389 32.1837 32.3262 46.0769 46.3507 37.6553 0.0596224 0.0164226
306 0 31.3388 32.1838 32.4464 46.0844 46.3477 37.6802 0.0274448 0.0233401
384 0 31.3383 32.1838 32.3955 46.0782 46.3478 37.6687 0.0186213 0.0125395
309 0 31.3389 32.1838 32.349 46.0738 46.3478 37.6586 0.0378945 0.0317929
350 0 31.3388 32.1838 32.2964 46.0738 46.3478 37.6481 0.0212184 0.0150483
409 0 31.3383 32.1838 32.4491 46.0738 46.3478 37.6785 0.0187417 0.0126462
311 0 31.3389 32.1838 32.4001 46.0738 46.3478 37.6689 0.032357 0.0262429
292 0 31.3388 32.1838 32.3556 46.0738 46.3478 37.66 0.0288967 0.0227991
428 0 31.3383 32.1838 32.3248 46.0738 46.3478 37.6537 0.029398 0.0232476
430 0 31.3389 32.1838 32.4437 46.0738 46.3478 37.6776 0.023624 0.0174454
306 4 31.3388 32.1838 32.3911 32.4019 46.0738 34.8779 0.0205489 0.0135595
309 6 31.3383 32.1838 32.3437 32.4021 36.3384 32.9213 0.0175585 0.0121173
389 0 31.3389 32.1838 32.2749 32.4021 36.3367 32.9072 0.0323947 0.0282669
499 0 31.3388 32.1838 32.4021 32.4072 36.3367 32.9337 0.0192532 0.012771
287 0 31.3383 32.1838 32.3447 32.4021 36.3367 32.9211 0.0297845 0.0236934
347 34 31.3389 31.9228 32.01 32.1838 32.2779 31.9467 0.0337901 0.0214209
412 0 31.3388 31.9232 32.0108 32.1838 32.4121 31.9737 0.024826 0.0206906
519 100 31.3383 31.5991 31.9232 32.0107 32.1838 31.811 0.115789 0.0220769
254 0 31.3389 31.5985 31.9232 32.0102 32.1838 31.8109 0.0156907 0.0115956
295 0 31.3388 31.599 31.9232 32.0108 32.1838 31.8111 0.0296719 0.0235965
431 0 31.3383 31.599 31.9232 32.0107 32.1838 31.811 0.0279921 0.0218815
320 0 31.3389 31.5985 31.9232 32.0102 32.1838 31.8109 0.0285263 0.0224036
588 22 31.3388 31.599 31.9232 32.0108 32.1838 31.8111 0.0294438 0.0200324
194 0 31.3383 31.599 31.9232 32.0107 32.1838 31.811 0.0299372 0.0257671
412 0 31.3389 31.5985 31.9232 32.0102 32.1838 31.8109 0.0282648 0.022124
417 0 31.3388 31.599 31.9232 32.0108 32.1838 31.8111 0.0301672 0.0240623
489 25 31.3383 31.599 31.9232 32.0107 32.1838 31.811 0.0339013 0.0213663
216 0 31.3389 31.5985 31.9232 32.0102 32.1838 31.8109 0.0277885 0.023638
318 0 31.3388 31.599 31.9232 32.0108 32.1838 31.8111 0.0297514 0.023579
277 0 31.3383 31.599 31.9232 32.0107 32.1838 31.811 0.030084 0.0239977
449 0 31.3389 31.5985 31.9232 32.0102 32.1838 31.8109 0.0202912 0.0141601
423 3 31.3388 31.599 31.9232 32.0108 32.1838 31.8111 0.0305961 0.0237742
308 0 31.3383 31.599 31.9232 32.0107 32.1838 31.811 0.0200873 0.015968
528 54 31.3389 31.5985 31.9232 32.0102 32.1838 31.8109 0.040727 0.0121503
242 0 31.3388 31.599 31.9232 32.0108 32.1838 31.8111 0.0336323 0.0294918
513 0 31.3383 31.599 31.9232 32.0107 32.1838 31.811 0.0190811 0.0129279
383 0 31.3389 31.5985 31.9232 32.0102 32.1838 31.8109 0.0294213 0.0233298
306 0 31.3388 31.599 31.9232 32.0108 32.1838 31.8111 0.0146549 0.00833914
441 0 31.3383 31.599 31.9232 32.0107 32.1838 31.811 0.0284203 0.0222992
384 0 31.3389 31.5985 31.9232 32.0102 32.1838 31.8109 0.0270346 0.0208989
