600 50 37.4171 39.7352 41.4337 42.6195 42.6388 40.7689 0.0196809 0.000266378
580 50 33.4837 36.9362 37.9247 37.9898 38.5983 36.9865 0.0482479 0.0245493
600 50 33.4184 33.4831 34.1547 35.8633 35.8855 34.561 0.04136 0.0223334
600 50 33.4197 33.4833 34.0688 35.1094 35.7293 34.3621 0.0336779 0.0195185
600 50 28.738 29.8661 29.8917 29.9786 30.5193 29.7987 0.019561 0.0106781
600 50 28.7371 29.8593 29.889 29.9784 30.529 29.7986 0.0307981 0.0181304
600 50 28.7371 29.8593 29.889 29.9784 30.529 29.7986 0.0336952 0.0228116
600 50 28.7371 29.8593 29.889 29.9784 30.529 29.7986 0.0295683 0.019346
600 50 28.7371 29.8593 29.889 29.9784 30.529 29.7986 0.0296122 0.0112271
600 0 28.7371 29.8593 29.889 29.9784 30.529 29.7986 0.0136494 0.0109609
600 50 28.7371 29.8593 29.889 29.9784 30.529 29.7986 0.0438755 0.0268214
600 50 28.7371 29.8593 29.889 29.9784 30.529 29.7986 0.0341981 0.0212291
600 50 28.7371 29.8593 29.889 29.9784 30.529 29.7986 0.0202245 0.0105572
600 50 28.5682 28.7371 29.8029 29.8593 29.889 29.3713 0.0264681 0.0100271
600 24 28.4615 28.7371 29.6546 29.8593 29.889 29.3203 0.0265377 0.0188384
600 50 28.5758 28.7371 29.5938 29.8593 29.889 29.331 0.0291743 0.0146629
600 50 28.5276 28.7371 29.7237 29.8593 29.889 29.3473 0.0200364 0.0105054
600 50 28.4647 28.7371 29.6598 29.8593 29.889 29.322 0.0327355 0.0140572
600 50 28.5861 28.7371 29.6037 29.8593 29.889 29.335 0.0213276 0.0112726
600 0 28.5441 28.7371 29.7535 29.8593 29.889 29.3566 0.0214306 0.0178353
600 50 28.5005 28.7371 29.6954 29.8593 29.889 29.3363 0.0191685 0.011219
600 50 28.6229 28.7371 29.6432 29.8593 29.889 29.3503 0.0305394 0.010569
600 50 28.5658 28.7371 29.7964 29.8593 29.889 29.3695 0.0351336 0.0235187
600 50 28.5594 28.7371 29.7841 29.8593 29.889 29.3658 0.0279451 0.0106898
600 50 28.5389 28.7371 29.7424 29.8593 29.889 29.3533 0.0358965 0.0175891
600 50 28.4839 28.7371 29.4955 29.6828 29.8593 29.2517 0.0299884 0.0142552
600 50 28.6461 28.7371 29.4909 29.6652 29.8593 29.2797 0.0194571 0.0113051
600 50 28.6001 28.7371 29.4909 29.6178 29.8593 29.261 0.0317368 0.0198884
600 50 28.5363 28.7371 29.4909 29.7376 29.8593 29.2722 0.0248763 0.0131301
600 50 28.4792 28.7371 29.4909 29.6721 29.8593 29.2477 0.0341402 0.020214
600 50 28.6249 28.7371 29.4909 29.6452 29.8593 29.2715 0.0397674 0.0216885
600 50 28.5675 28.7371 29.4909 29.585 29.8593 29.248 0.0331966 0.0207035
600 50 28.5064 28.7371 29.4909 29.7012 29.8593 29.259 0.0366265 0.0231057
600 50 28.633 28.7371 29.4909 29.6548 29.8593 29.275 0.0317132 0.018571
600 50 28.5762 28.7371 29.4909 29.5942 29.8593 29.2515 0.0370896 0.0229456
600 50 28.5283 28.7371 29.4909 29.7247 29.7946 29.2551 0.0278413 0.0151399
600 50 28.4654 28.7371 29.4909 29.6607 29.7947 29.2298 0.0349956 0.0187764
600 50 28.5881 28.7371 29.4909 29.6059 29.7947 29.2434 0.026316 0.0170189
600 50 28.5471 28.7371 29.4909 29.7609 29.7947 29.2661 0.0397373 0.023646
600 50 28.5125 28.7371 29.4909 29.7075 29.7947 29.2485 0.0362447 0.0211042
600 50 28.6456 28.7371 29.4909 29.6649 29.7947 29.2666 0.0349033 0.021736
600 50 28.5991 28.7371 29.4909 29.6166 29.7947 29.2477 0.0301213 0.0192639
600 50 28.5353 28.7371 29.3403 29.3832 29.4563 29.0905 0.0332628 0.0222398
600 22 31.6448 31.8829 32.1931 32.7327 33.1597 32.3226 0.0215382 0.0143057
600 50 31.638 31.8829 32.1939 32.7287 33.1714 32.323 0.0338489 0.0213503
600 0 31.638 31.8829 32.1939 32.7287 33.1757 32.3238 0.0164748 0.0110576
600 0 31.638 31.8829 32.1939 32.7287 33.1757 32.3238 0.0151998 0.0115012
600 0 31.638 31.8829 32.1939 32.7287 33.1757 32.3238 0.022399 0.0192296
600 50 31.638 31.8829 32.1939 32.7287 33.1757 32.3238 0.0193478 0.0117216
600 50 31.6065 31.638 31.8829 32.1939 32.7287 32.01 0.0352464 0.0220293
600 0 31.6012 31.638 31.8829 32.1939 32.7287 32.0089 0.027729 0.0247924
600 50 31.6007 31.638 31.8829 32.1939 32.7287 32.0088 0.0326787 0.0168051
600 50 31.1851 31.234 31.6012 31.638 31.8829 31.5082 0.0232869 0.0117608
600 0 31.1955 31.2419 31.6012 31.638 31.8829 31.5119 0.0252902 0.0216788
600 0 31.1955 31.2419 31.6007 31.638 31.8829 31.5118 0.0337128 0.0267572
600 50 30.752 31.1955 31.2419 31.6012 31.638 31.2857 0.0314138 0.0216867
600 0 30.7315 31.1955 31.2419 31.6012 31.638 31.2816 0.0257405 0.0228835
600 50 30.7315 31.1955 31.2419 31.6007 31.638 31.2815 0.0430088 0.0185175
600 50 30.7315 32.1837 37.9127 38.3587 38.5428 35.5459 0.0329865 0.0209437
600 50 30.7315 32.1838 32.8102 33.172 33.2951 32.4385 0.0300665 0.019556
600 0 30.7315 32.1838 32.4088 33.1757 33.3076 32.3615 0.0148699 0.0113749
600 50 30.7315 31.7617 32.1838 32.4088 32.7159 31.9603 0.0272497 0.00884561
600 6 30.7315 31.7606 32.1838 32.4088 32.7287 31.9627 0.026244 0.0223424
600 50 30.7315 31.5107 31.599 31.7606 32.1838 31.5571 0.0321586 0.0202129
600 50 30.7315 31.2393 31.3289 31.5115 31.599 31.282 0.0438069 0.0289512
600 0 30.7315 31.2409 31.3284 31.5115 31.5985 31.2822 0.0325877 0.0249122
600 50 30.7315 31.2409 31.3284 31.5115 31.599 31.2823 0.0342015 0.0180844
600 0 30.7315 31.2409 31.3279 31.5115 31.599 31.2821 0.021434 0.018538
600 50 30.7315 30.7441 31.2409 31.3284 31.5115 31.1113 0.0283582 0.0109589
600 50 30.7315 30.7376 31.2409 31.3284 31.5115 31.11 0.0314531 0.0145425
600 50 30.7315 30.7376 31.2409 31.3279 31.5115 31.1099 0.0337294 0.0212741
600 50 30.7315 30.7376 31.2409 31.3284 31.5115 31.11 0.0237973 0.0136081
600 27 30.7315 30.7376 31.2409 31.3284 31.5115 31.11 0.0234561 0.0176906
600 7 30.7315 30.7376 31.2409 31.3279 31.5115 31.1099 0.0202117 0.0152098
600 0 30.7315 30.7376 31.2409 31.3284 31.5115 31.11 0.0115602 0.00735753
600 50 30.7315 30.7376 31.2409 31.3284 31.5115 31.11 0.0335764 0.02239
600 6 30.7315 30.7376 31.2409 31.3279 31.5115 31.1099 0.0353426 0.0274287
600 50 30.7315 30.7376 31.2409 31.3284 31.5115 31.11 0.0286878 0.0159683
600 50 30.7315 30.7376 31.2409 31.3284 31.5115 31.11 0.0343653 0.022761
600 0 30.7315 30.7376 31.2409 31.3279 31.5115 31.1099 0.0229892 0.0186533
600 50 30.7315 30.7376 31.2409 31.3284 31.5115 31.11 0.0377328 0.0228313
600 0 30.7315 30.7376 31.2409 31.3284 31.5115 31.11 0.0185861 0.0153485
600 32 30.7315 30.7376 31.2409 31.3279 31.5115 31.1099 0.0267441 0.0137508
600 50 30.7315 30.7376 31.2409 31.3284 31.5115 31.11 0.05286 0.0319058
600 50 30.7315 30.7376 31.2409 31.3284 31.5115 31.11 0.0366243 0.0217983
537 50 30.7315 30.7376 30.9695 31.2409 31.3279 31.0015 0.0523046 0.0296794
600 21 30.7315 30.7376 30.963 31.2409 31.3284 31.0003 0.0213204 0.0150037
600 23 30.7315 30.7376 30.963 31.2409 31.3284 31.0003 0.026604 0.02173
600 50 30.7315 30.7376 30.963 31.2409 31.3279 31.0002 0.01945 0.0113998
600 50 30.7315 30.7376 30.963 31.2409 31.3284 31.0003 0.0310026 0.0175315
600 50 30.7315 30.7376 30.963 31.2409 31.3284 31.0003 0.0359345 0.0241067
600 50 30.7315 30.7376 30.963 31.2409 31.3279 31.0002 0.0409621 0.0202185
600 0 30.7315 30.7376 30.963 31.2409 31.3284 31.0003 0.026414 0.0226351
600 0 30.7315 30.7376 30.963 31.2409 31.3284 31.0003 0.0118892 0.00929739
600 12 30.7315 30.7376 30.963 31.2409 31.3279 31.0002 0.027642 0.0231431
600 7 30.7315 30.7376 30.963 31.2409 31.3284 31.0003 0.0270381 0.0228446
600 50 30.7315 30.7376 30.963 31.2409 31.3284 31.0003 0.0278066 0.0119725
600 50 30.7315 30.7376 30.963 31.2409 31.3279 31.0002 0.0273888 0.0145787
