83 0 0 0 0 0 0 -1 0.00458882 0.000256598
158 0 0 0 0 0 0 -1 0.00656104 0.000313623
141 0 0 0 0 0 0 -1 0.0066964 0.000300467
121 0 0 0 0 0 0 -1 0.00640621 0.000299144
92 0 0 0 0 0 0 -1 0.00655732 0.00027848
134 0 0 0 0 0 0 -1 0.00698854 0.000242267
152 0 0 0 0 0 0 -1 0.00644667 0.000229633
82 3 24.3832 35.8597 0 0 0 30.1215 0.00902329 0.000297068
108 0 24.3833 35.8229 0 0 0 30.1031 0.00786964 0.00348479
152 0 24.3833 36.1307 0 0 0 30.257 0.0097776 0.0035569
61 0 24.3833 35.8567 0 0 0 30.12 0.00978492 0.00353817
407 100 18.7184 23.162 24.3833 27.5494 28.2585 24.4143 0.0412065 0.000833816
88 0 18.7185 23.1629 24.3833 27.5631 28.2446 24.4145 0.0142645 0.0100094
111 0 18.7185 23.1629 24.3833 27.5631 28.2623 24.418 0.0247676 0.0183935
223 0 18.7185 23.1629 24.3833 27.5631 28.2576 24.4171 0.0239445 0.0177413
122 4 18.7185 23.1629 24.3833 27.5631 28.2446 24.4145 0.0183014 0.0093867
171 0 18.7185 23.1629 24.3833 27.5631 28.2623 24.418 0.0248834 0.0206903
151 0 18.7185 23.1629 24.3833 27.5631 28.2576 24.4171 0.0161606 0.00972536
189 0 18.7185 23.1629 24.3833 27.5631 28.2446 24.4145 0.0253483 0.0190026
216 0 18.7185 23.1629 24.3833 27.5631 28.2623 24.418 0.025393 0.0191905
346 0 18.7185 23.1629 24.3833 27.5631 28.2576 24.4171 0.0150091 0.00868625
91 0 18.7185 23.1629 24.3833 27.5631 28.2446 24.4145 0.0162092 0.00991071
314 8 18.7185 23.1629 24.3833 27.5631 28.2101 24.4076 0.0165387 0.00737526
123 0 18.7185 23.1629 24.3833 27.5631 28.2037 24.4063 0.0144923 0.010123
125 0 18.7185 23.1629 24.3833 27.5631 28.2037 24.4063 0.0270184 0.020763
174 2 18.7185 23.1629 24.3833 27.5631 28.2037 24.4063 0.0248216 0.0177099
128 0 18.7185 23.1629 24.3833 27.5631 28.2037 24.4063 0.0144639 0.0102032
213 64 18.7185 20.2341 21.5237 23.1629 23.665 21.4608 0.0450869 0.0096685
123 0 19.3278 20.2328 21.5219 23.1629 23.692 21.5875 0.0251647 0.0210034
225 0 19.3278 20.2328 21.5219 23.1629 23.692 21.5875 0.0237593 0.0173375
314 62 19.3278 20.2328 21.5219 23.1629 23.692 21.5875 0.0650677 0.0141954
120 0 19.3278 20.2328 21.5219 23.1629 23.692 21.5875 0.0211241 0.0169335
135 0 19.3278 20.2328 21.5219 23.1629 23.692 21.5875 0.0159449 0.00977055
153 0 19.3278 20.2328 21.5219 23.1629 23.692 21.5875 0.0205762 0.0144341
211 0 19.3278 20.2328 21.5219 23.1629 23.692 21.5875 0.025784 0.0195916
171 0 19.3278 20.2328 21.5219 23.1629 23.692 21.5875 0.0269477 0.0207804
167 0 19.3278 20.2328 21.5219 23.1629 23.692 21.5875 0.0264735 0.0203243
171 0 19.3278 20.2328 21.5219 23.1629 23.692 21.5875 0.0169914 0.0108164
191 0 19.3278 20.2328 21.5219 23.1629 23.692 21.5875 0.0274681 0.0211507
146 0 19.3278 20.2328 21.5219 23.1629 23.692 21.5875 0.02513 0.0185794
213 0 19.3278 20.2328 21.5219 23.1629 23.692 21.5875 0.0216043 0.0154298
467 0 19.3278 20.2328 21.5219 23.1629 23.692 21.5875 0.0173711 0.0112349
225 0 19.3278 20.2328 21.5219 23.1629 23.692 21.5875 0.0286918 0.022455
187 0 19.3278 20.2328 21.5219 23.692 28.7333 22.7015 0.0225457 0.016332
146 0 19.3278 20.2328 21.5219 23.692 28.7344 22.7018 0.0224253 0.0160983
113 0 19.3278 20.2328 21.5219 23.692 28.7344 22.7018 0.0145511 0.0081633
105 0 19.3278 20.2328 21.5219 23.692 28.7344 22.7018 0.0194042 0.0132205
107 0 19.3278 20.2328 21.5219 23.692 28.7344 22.7018 0.0201191 0.0138918
104 0 19.3278 20.2328 21.5219 23.692 28.7344 22.7018 0.0195423 0.0132945
150 0 19.3278 20.2328 21.5219 23.692 28.7344 22.7018 0.0150037 0.00848045
101 0 19.3278 20.2328 21.5219 23.692 28.7344 22.7018 0.0205731 0.0143379
148 0 19.3278 20.2328 21.5219 23.692 28.7344 22.7018 0.023893 0.0173675
184 0 19.3278 20.2328 21.5219 23.692 28.7344 22.7018 0.0144234 0.00821949
83 0 19.3278 20.2328 21.5219 23.692 28.7344 22.7018 0.0235129 0.0172458
121 0 19.3278 20.2328 21.5219 23.692 28.7344 22.7018 0.0141786 0.00797847
191 0 19.3278 20.2328 21.5219 23.692 28.7344 22.7018 0.0232861 0.0171557
96 0 19.3278 20.2328 21.5219 23.692 28.7344 22.7018 0.0127922 0.00652033
167 0 19.3278 20.2328 21.5219 23.692 28.7344 22.7018 0.0148862 0.00852606
110 0 24.2208 28.7344 61.7892 68.5989 0 45.8358 0.0165591 0.0103418
78 0 24.2211 28.7344 61.7954 68.5989 0 45.8375 0.0131671 0.00689134
153 9 24.2211 28.7344 45.7427 45.7599 52.8081 39.4532 0.0202622 0.00722925
168 0 24.2211 28.7344 45.3818 45.7566 52.4546 39.3097 0.016194 0.0119731
266 0 24.2211 28.7344 45.3973 45.7627 52.4755 39.3182 0.0185225 0.0123585
150 0 24.2211 28.7344 45.3848 45.7562 52.4532 39.3099 0.0277308 0.0215731
237 0 24.2211 28.7344 45.3811 45.7627 52.4488 39.3096 0.029487 0.0233294
242 0 24.2211 28.7344 45.3973 45.7562 52.4675 39.3153 0.0179065 0.0117495
168 0 24.2211 28.7344 45.3848 45.7627 52.453 39.3112 0.0177091 0.0115533
199 0 24.2211 28.7344 45.3811 45.7562 52.4488 39.3083 0.0181894 0.0119967
180 0 24.2211 28.7344 45.3973 45.7627 52.4675 39.3166 0.0294295 0.0233135
213 0 24.2211 28.7344 45.3848 45.7562 52.453 39.3099 0.0182517 0.0121149
132 0 24.2211 28.7344 45.3811 45.7627 52.4488 39.3096 0.0185162 0.0122019
239 0 24.2211 28.7344 45.3973 45.7562 52.4675 39.3153 0.0178333 0.0116991
162 0 24.2211 28.7344 45.3848 45.7627 52.453 39.3112 0.028477 0.0223591
185 0 24.2211 28.7344 42.1523 44.2299 51.3035 38.1282 0.018698 0.0124438
241 0 24.2211 28.7344 42.1539 44.2161 51.2822 38.1215 0.0237651 0.0176164
241 0 24.2211 28.7344 42.1539 44.2161 51.2922 38.1235 0.0180168 0.0118719
211 0 24.2211 28.7344 42.1539 44.2161 51.2815 38.1214 0.0180207 0.0118677
203 0 24.2211 28.7344 42.1539 44.2161 51.2922 38.1235 0.0292614 0.0230675
178 0 24.2211 28.7344 42.1539 44.2161 51.2815 38.1214 0.0180591 0.0118675
263 0 24.2211 28.7344 42.1539 44.2161 51.2922 38.1235 0.0288493 0.0226643
200 0 24.2211 28.7344 42.1539 44.2161 51.2815 38.1214 0.029477 0.0232621
184 0 24.2211 28.7344 42.1539 44.2161 51.2922 38.1235 0.0275869 0.021458
151 0 24.2211 28.7344 42.1539 44.2161 51.2815 38.1214 0.0176834 0.0115087
116 0 24.2211 28.7344 42.1539 44.2161 51.2922 38.1235 0.027476 0.0213583
113 0 24.2211 28.7344 42.1539 44.2161 51.2815 38.1214 0.0175175 0.0113098
210 0 24.2211 28.7344 42.1539 44.2161 51.2922 38.1235 0.0289523 0.0227611
132 0 24.2211 28.7344 42.1539 44.2161 51.2815 38.1214 0.0289126 0.022699
165 0 24.2211 28.7344 42.1539 44.2161 51.2922 38.1235 0.0293924 0.0232708
120 0 23.2327 32.8523 40.9 54.789 61.5464 42.6641 0.0222305 0.0159308
493 0 23.2327 32.8523 40.8793 54.7707 61.5582 42.6586 0.0175759 0.0114197
226 0 23.2327 32.8523 40.8788 54.7704 61.5464 42.6561 0.0174233 0.0112698
189 0 23.2327 32.8523 40.8788 54.7703 61.5582 42.6584 0.0268546 0.0207065
113 0 23.2327 32.8523 40.8788 54.7703 61.5464 42.6561 0.027623 0.0214033
110 0 23.2327 32.8523 40.8788 54.7703 61.5582 42.6584 0.0211231 0.0148493
144 0 23.2327 32.8523 40.8788 54.7703 61.5464 42.6561 0.0171216 0.0108811
90 0 23.2327 32.8523 40.8788 54.7703 61.5582 42.6584 0.0172776 0.0109928
135 0 23.2327 32.8523 40.8788 54.7703 61.5464 42.6561 0.0270475 0.0208995
118 0 23.2327 32.8523 40.8788 54.7703 61.5582 42.6584 0.024476 0.0182877
130 0 23.2327 32.8523 40.8788 54.7703 61.5464 42.6561 0.0271948 0.0210204
125 0 23.2327 32.8523 40.8788 54.7703 61.5582 42.6584 0.0264553 0.0202436
141 0 23.2327 32.8523 40.8788 54.7703 61.5464 42.6561 0.0176779 0.0112143
198 0 23.2327 32.8523 40.8788 54.7703 61.5582 42.6584 0.0195712 0.0133942
199 0 23.2327 32.8523 40.8788 54.7703 61.5464 42.6561 0.0257897 0.0196175
209 0 40.8788 54.7703 61.5582 61.7954 68.3692 57.4744 0.0264445 0.0203063
163 0 40.8788 54.7703 61.5464 61.7892 68.3692 57.4708 0.0306772 0.0241542
129 0 40.8788 54.7703 61.5582 61.7954 68.3692 57.4744 0.0158311 0.00964605
142 0 40.8788 54.7703 61.5464 61.7892 68.3692 57.4708 0.0164796 0.0103565
123 0 40.8788 54.7703 61.5582 61.7954 68.3692 57.4744 0.0305405 0.0243833
151 0 40.8788 54.7703 61.5464 61.7892 68.3692 57.4708 0.0240293 0.0178691
160 2 40.8788 41.4647 50.1056 54.7703 61.5582 49.7555 0.018341 0.00961463
123 0 40.8788 41.4721 50.1152 54.7703 61.5464 49.7566 0.024441 0.0203055
212 0 40.8788 41.4641 50.1072 54.7703 61.5582 49.7557 0.0281375 0.0217147
128 0 40.8788 41.4641 50.1072 54.7703 61.5464 49.7533 0.0178691 0.0115139
168 0 40.8788 41.4641 50.1072 54.7703 61.5582 49.7557 0.0279402 0.0217944
136 0 40.8788 41.4641 50.1072 54.7703 61.5464 49.7533 0.016824 0.0106497
156 0 40.8788 41.4641 50.1072 54.7703 61.5582 49.7557 0.0168883 0.0107003
189 0 40.8788 41.4641 50.1072 54.7703 61.5464 49.7533 0.0263565 0.0201214
132 0 40.8788 41.4641 50.1072 54.7703 61.5582 49.7557 0.0341144 0.0278962
143 0 40.8788 41.4641 50.1072 54.7703 61.5464 49.7533 0.0170575 0.0108991
136 0 40.8788 41.4641 50.1072 54.7703 61.5582 49.7557 0.0253432 0.0191556
261 3 32.6877 40.8788 41.4641 44.7707 50.1072 41.9817 0.0113977 0.00435784
94 0 32.6887 40.8788 41.4641 44.6667 50.1072 41.9611 0.0142352 0.00998248
91 0 32.6887 40.8788 41.4641 44.6667 50.1072 41.9611 0.0163642 0.0101465
182 0 32.6887 40.8788 41.4641 44.6667 50.1072 41.9611 0.0159869 0.00969646
341 0 32.6887 40.8788 41.4641 44.6667 50.1072 41.9611 0.0124853 0.00627942
122 0 32.6887 40.8788 41.4641 44.6667 50.1072 41.9611 0.0159609 0.00975993
121 0 32.6887 40.8788 41.4641 44.6667 50.1072 41.9611 0.0255802 0.019442
140 0 32.6887 40.8788 41.4641 44.6667 50.1072 41.9611 0.0238161 0.0175936
165 0 32.6887 40.8788 41.4641 44.6667 50.1072 41.9611 0.0158261 0.00966899
84 0 32.6887 40.8788 41.4641 44.6667 50.1072 41.9611 0.0167653 0.0104701
173 0 32.6887 40.8788 41.4641 44.6667 50.1072 41.9611 0.0263346 0.0200666
339 14 32.6887 33.8225 33.9338 35.7983 36.052 34.4591 0.017313 0.00544559
102 0 32.6887 33.8224 33.933 35.8054 35.9639 34.4427 0.0243547 0.0201697
142 0 32.6887 33.8224 33.933 35.8006 35.9639 34.4417 0.0286495 0.022426
89 0 32.6887 33.8224 33.933 35.8035 35.9639 34.4423 0.0335999 0.0274008
188 0 32.6887 33.8224 33.933 35.8054 35.9639 34.4427 0.0165076 0.0102709
105 0 32.6887 33.8224 33.933 35.8006 35.9639 34.4417 0.0171633 0.010895
140 0 32.6887 33.8224 33.933 35.8035 35.9639 34.4423 0.021306 0.0151869
268 0 32.6887 33.8224 33.933 35.8054 35.9639 34.4427 0.0264775 0.0203064
221 0 32.6887 33.8224 33.933 35.8006 35.9639 34.4417 0.0249049 0.018739
254 0 32.6887 33.8224 33.933 35.8035 35.9639 34.4423 0.027307 0.0211755
389 46 26.9238 27.3086 27.4519 27.8551 28.592 27.6263 0.0457364 0.0210826
211 0 26.9184 27.3086 27.4618 27.8618 28.5784 27.6258 0.0259581 0.0215683
231 0 26.9184 27.3086 27.4618 27.8618 28.5794 27.626 0.0180399 0.0119198
98 0 26.9184 27.3086 27.4618 27.8618 28.5794 27.626 0.0165493 0.0102936
284 0 26.9184 27.3086 27.4618 27.8618 28.5794 27.626 0.0189535 0.0127584
181 0 26.9184 27.3086 27.4618 27.8618 28.5794 27.626 0.026896 0.0207132
180 0 26.9184 27.3086 27.4618 27.8618 28.5794 27.626 0.0166944 0.0104872
148 0 26.9184 27.3086 27.4618 27.8618 28.5794 27.626 0.0273852 0.0211363
171 0 26.9184 27.3086 27.4618 27.8618 28.5794 27.626 0.0275074 0.0213071
112 0 26.9184 27.3086 27.4618 27.8618 28.5794 27.626 0.0225942 0.0162655
224 0 26.9184 27.3086 27.4618 27.8618 28.5794 27.626 0.0265716 0.0204178
200 0 26.9184 27.3086 27.4618 27.8618 28.5794 27.626 0.0285637 0.0222834
95 0 26.9184 27.3086 27.4618 27.8618 28.5794 27.626 0.0182411 0.012054
67 0 26.9184 27.3086 27.4618 27.8618 28.5794 27.626 0.0318337 0.0256299
113 0 26.9184 27.3086 27.4618 27.8618 28.5794 27.626 0.0270665 0.0208848
130 0 26.9184 27.3086 27.4618 27.8618 28.5794 27.626 0.0170123 0.0107894
182 0 26.9184 27.3086 27.4618 27.8618 28.5794 27.626 0.0161123 0.00987098
