508 253 31.1933 32.0968 32.1196 33.1164 33.4446 32.3941 0.0242586 0.000238915
272 252 29.9773 30.9811 32.0932 32.101 33.1303 31.6566 0.0346188 0.00907458
230 0 29.9784 30.9811 32.0932 32.101 33.1304 31.6568 0.0151256 0.0104929
419 0 29.9784 30.9811 32.0932 32.101 33.1304 31.6568 0.0202545 0.0157662
271 0 29.9784 30.9811 32.0932 32.101 33.1304 31.6568 0.0150067 0.0106522
642 300 29.3723 29.9784 30.1419 30.2086 30.9811 30.1364 0.0303424 0.00855141
237 3 29.4513 29.9784 30.2332 30.2829 30.9811 30.1854 0.0156566 0.0103216
274 121 29.417 29.9784 30.199 30.238 30.7776 30.122 0.0407267 0.0168605
775 300 29.3508 29.9784 30.1328 30.1839 30.7494 30.0791 0.0418918 0.0171671
552 300 29.3427 29.8801 29.9784 30.1247 30.1637 29.8979 0.031615 0.0086503
767 300 29.3088 29.8793 29.9784 30.0908 30.1371 29.8789 0.0485765 0.0187619
735 300 29.2618 29.4377 29.8793 29.9784 30.2196 29.7554 0.0349261 0.00859123
921 300 28.438 29.386 29.8793 29.9784 30.1679 29.5699 0.0385302 0.0213714
763 300 28.3872 29.3472 29.8793 29.9784 30.1291 29.5442 0.0323794 0.00750681
282 52 28.5675 29.3282 29.8793 29.9784 30.1102 29.5727 0.0272734 0.0107738
365 182 28.5392 29.2675 29.8793 29.9784 30.0494 29.5428 0.0378062 0.0124424
710 300 28.4888 29.398 29.8793 29.9784 30.1799 29.5849 0.0505146 0.023046
617 300 28.4487 29.334 29.8793 29.9784 30.1159 29.5513 0.0242337 0.00574457
235 0 28.43 29.2791 29.8793 29.9784 30.0611 29.5256 0.0148385 0.0103533
253 0 28.3695 29.4333 29.8793 29.9784 30.2153 29.5752 0.0251758 0.0208453
162 0 28.5008 29.3792 29.8793 29.9784 30.1612 29.5798 0.015205 0.0108408
291 77 28.4367 29.3357 29.8793 29.9784 30.1177 29.5495 0.0318179 0.0078312
337 8 28.3833 29.2838 29.8274 29.8793 29.9784 29.4704 0.0165646 0.0109422
801 300 28.5459 29.4496 29.6137 29.8793 29.9784 29.4934 0.047064 0.0166288
782 300 28.5024 29.4129 29.6137 29.8793 29.9784 29.4773 0.0426308 0.0194706
669 300 28.4381 28.5695 29.3471 29.6137 29.8793 29.1695 0.0318389 0.00905635
358 243 28.3874 28.5208 29.1554 29.3278 29.6137 29.001 0.0480588 0.0232729
516 300 28.5682 28.6745 29.1556 29.2669 29.6137 29.0558 0.0266336 0.00805434
393 0 28.5412 28.6642 29.1556 29.3964 29.6137 29.0742 0.0160364 0.0116556
670 300 28.4926 28.6275 29.1556 29.3326 29.6137 29.0444 0.0333729 0.0126928
747 300 28.4294 28.5695 29.1556 29.2757 29.6137 29.0088 0.0475884 0.0195038
667 300 28.3686 28.5122 29.1556 29.4223 29.6137 29.0145 0.0260406 0.00688428
697 300 28.4983 28.645 29.1556 29.355 29.6137 29.0535 0.0414356 0.0203041
690 300 28.4344 28.5978 29.1556 29.3073 29.6137 29.0218 0.0336182 0.00844366
628 300 28.3781 28.5342 29.1556 29.4346 29.6137 29.0232 0.0412985 0.0209333
656 300 28.475 28.5268 29.1556 29.3814 29.6137 29.0305 0.0297405 0.0068234
753 300 28.4665 28.6122 29.1556 29.339 29.6137 29.0374 0.0405551 0.0187782
482 173 28.4154 28.547 29.1556 29.2945 29.6137 29.0052 0.0249222 0.0069809
713 300 28.5123 28.5602 29.1556 29.4128 29.6137 29.0509 0.0498578 0.0226318
839 300 28.5193 28.6452 29.1556 29.3471 29.6137 29.0562 0.0373197 0.00966062
437 183 28.4602 28.5983 29.1556 29.3278 29.6137 29.0311 0.0482717 0.0234341
694 300 28.4467 28.5347 29.1556 29.2668 29.6137 29.0035 0.0284784 0.00705902
303 26 28.4203 28.4759 29.1556 29.3961 29.6137 29.0123 0.0363602 0.0227568
252 0 28.3602 28.6149 29.3323 63.7874 70.0405 44.027 0.0195588 0.0151299
680 264 28.4737 28.5494 29.2751 31.2484 31.3409 29.7775 0.0453624 0.0218896
679 45 28.4257 28.5227 29.4205 31.2409 31.3388 29.7897 0.0191275 0.00818976
359 0 28.3639 28.4624 29.3536 31.2409 31.3383 29.7518 0.0200879 0.0156579
733 300 28.4854 28.5788 29.3034 31.2409 31.3389 29.7895 0.0400706 0.017091
412 0 28.4442 28.5326 29.4269 31.2409 31.3388 29.7967 0.0157374 0.011272
680 300 28.4095 28.4722 29.15 29.3688 29.55 28.9901 0.0349433 0.0157182
737 300 28.539 28.604 28.9483 29.3187 29.3491 28.9518 0.0426677 0.0227947
689 300 28.4884 28.5398 28.9483 29.3491 29.463 28.9577 0.0279501 0.00721513
643 0 28.4482 28.4864 28.9483 29.3491 29.4507 28.9366 0.0285519 0.0241269
294 35 28.4277 28.6621 28.9483 29.3491 29.4155 28.9605 0.0300507 0.0176928
697 300 28.3661 28.6219 28.9483 29.3491 29.3495 28.927 0.0457613 0.0207961
705 300 28.4916 28.5649 28.9483 29.3374 29.3491 28.9383 0.0373652 0.00870075
594 300 28.4598 28.5496 28.9483 29.2889 29.3491 28.9191 0.0476341 0.0221846
811 300 28.4451 28.5233 28.9483 29.3491 29.4055 28.9343 0.0300826 0.00902518
342 270 30.0339 31.3792 31.4692 31.6348 31.7241 31.2482 0.0423828 0.0227981
393 30 29.9995 31.2409 31.3279 31.5115 31.5985 31.1356 0.0190547 0.0075246
472 0 30.115 31.2409 31.3284 31.5115 31.599 31.1589 0.0167999 0.0121761
753 300 30.0577 30.7374 31.2409 31.3284 31.5115 30.9752 0.033956 0.0134838
432 0 30.0058 30.7315 31.2409 31.3279 31.5115 30.9635 0.0163009 0.0112156
303 0 30.1264 30.7315 31.2409 31.3284 31.5115 30.9877 0.0134938 0.00918723
650 300 30.0761 30.7315 31.2409 31.3284 31.5115 30.9777 0.0504383 0.0182096
616 300 30.0302 30.7315 31.2409 31.3279 31.5115 30.9684 0.0377817 0.0152357
671 300 29.9837 30.7315 31.2409 31.3284 31.5115 30.9592 0.0470552 0.0261532
785 300 30.1608 30.7315 31.2409 31.3284 31.506 30.9935 0.0411735 0.0112515
495 300 29.195 30.0829 30.1356 30.4505 30.7315 30.1191 0.0478106 0.0260466
670 300 29.1853 30.0797 30.083 30.452 30.7315 30.1063 0.0277378 0.00753974
714 0 29.1853 30.0452 30.0797 30.452 30.7315 30.0988 0.0282783 0.0228357
673 300 29.1853 30.0245 30.0797 30.452 30.7315 30.0946 0.0451386 0.0186922
604 0 29.1853 29.9592 30.0797 30.452 30.7315 30.0816 0.0251573 0.020264
616 300 29.1853 30.0797 30.0949 30.452 30.7315 30.1087 0.0377893 0.010284
294 0 29.1853 30.0293 30.0797 30.452 30.7315 30.0956 0.0157282 0.0112485
413 0 29.1853 29.9812 30.0797 30.452 30.7315 30.086 0.0151529 0.0108446
365 0 29.1853 30.0797 30.1545 30.452 30.7315 30.1206 0.0159854 0.0115264
762 300 29.1853 29.8751 30.0797 30.1101 30.452 29.9405 0.0454405 0.0186458
499 196 29.1853 29.5911 30.0511 30.0797 30.452 29.8719 0.0382212 0.0113972
587 300 29.1853 29.5911 30.0357 30.0797 30.452 29.8688 0.0242364 0.00764803
473 142 29.1853 29.5911 30.0084 30.0797 30.452 29.8633 0.0340639 0.011897
594 0 29.1853 29.5911 30.0797 30.1373 30.452 29.8891 0.0152233 0.0107806
708 300 29.1853 29.5911 30.0797 30.086 30.452 29.8788 0.0398112 0.0195025
634 300 29.1853 29.5911 30.0521 30.0797 30.452 29.872 0.0383805 0.0149597
284 0 29.1853 29.5911 30.0429 30.0797 30.452 29.8702 0.0156074 0.0111809
632 105 29.1853 29.5911 30.0175 30.0797 30.452 29.8651 0.0377912 0.0186216
770 0 29.1853 29.5911 29.9424 30.0797 30.452 29.8501 0.0355397 0.0222316
334 28 29.1853 29.5911 30.0697 30.0797 30.452 29.8756 0.0223623 0.0103373
760 0 29.1853 29.5911 30.0221 30.0797 30.452 29.866 0.0229291 0.016478
381 0 29.1853 29.5911 29.952 30.0797 30.452 29.852 0.0180808 0.013539
763 300 29.1853 29.5911 30.0797 30.0834 30.452 29.8783 0.0439385 0.0235823
149 0 29.1853 29.5911 30.0459 30.0797 30.452 29.8708 0.0117472 0.00722474
344 26 29.1853 29.5911 30.0265 30.0797 30.452 29.8669 0.0227132 0.0119312
508 300 29.1853 29.5911 29.9664 30.0797 30.452 29.8549 0.0351427 0.0152945
449 74 29.1853 29.5911 30.0797 30.1073 30.452 29.8831 0.0439226 0.0223999
404 128 29.1853 29.5911 30.0461 30.0797 30.452 29.8709 0.0364089 0.00845159
548 0 29.1853 29.5911 30.0268 30.0797 30.452 29.867 0.0165649 0.0120714
703 300 29.1853 29.5911 29.9693 30.0797 30.452 29.8555 0.0409864 0.0214859
750 300 29.1853 29.5911 30.0797 30.1133 30.452 29.8843 0.0470416 0.0255727
635 96 29.1853 29.5911 30.0554 30.0797 30.4073 29.8638 0.0343635 0.0118198
369 2 29.1853 29.5911 30.0021 30.0797 30.4025 29.8522 0.0170839 0.0118363
460 210 29.1853 29.5911 30.0797 30.119 30.4025 29.8755 0.0380427 0.0110084
444 36 29.1853 29.5911 30.0644 30.0797 30.4025 29.8646 0.0200039 0.0112411
632 300 30.0154 30.0793 30.4025 31.6573 33.3209 31.0951 0.0314452 0.0112923
483 20 30.0793 30.1614 30.4025 30.7161 31.0263 30.4771 0.0326617 0.0254208
550 0 30.0793 30.1373 30.4025 30.7315 30.7386 30.4179 0.02173 0.0172699
773 182 30.0793 30.086 30.4025 30.7315 30.7386 30.4076 0.0513191 0.02394
667 202 30.0523 30.0793 30.4025 30.7315 30.7386 30.4009 0.0260316 0.00914912
808 260 30.0432 30.0793 30.4025 30.7315 30.7386 30.399 0.0440151 0.0245654
743 300 30.0185 30.0793 30.4025 30.7315 30.7386 30.3941 0.0262515 0.00713745
433 0 29.9441 30.0793 30.4025 30.7315 30.7386 30.3792 0.0230062 0.0185639
285 0 30.0721 30.0793 30.4025 30.7315 30.7386 30.4048 0.0189172 0.014591
691 300 30.0253 30.0793 30.4025 30.7315 30.7386 30.3955 0.0400572 0.0236247
570 300 29.962 30.0793 30.4025 30.7315 30.7386 30.3828 0.0291756 0.00731158
774 241 30.0793 30.0995 30.4025 30.7315 30.7386 30.4103 0.0547492 0.0293914
624 0 30.0329 30.0793 30.4025 30.7315 30.7386 30.397 0.0129438 0.00821624
770 78 29.9984 30.0793 30.4025 30.7315 30.7386 30.3901 0.0390431 0.0175734
757 0 30.0793 30.1133 30.4025 30.7315 30.7386 30.4131 0.0131131 0.00839286
723 0 30.0793 30.7315 30.7386 32.3762 65.1197 37.8091 0.0272766 0.0227502
284 0 30.0793 30.7315 30.7386 32.3228 65.1259 37.7996 0.0147723 0.0104043
390 0 30.0793 30.7315 30.7386 32.4397 65.1197 37.8218 0.0162498 0.0119557
846 30 30.0793 30.7315 30.7386 32.3851 32.7267 31.3322 0.0297831 0.0216863
743 300 30.0793 30.7315 30.7386 32.3359 32.596 31.2963 0.0420599 0.0230704
487 0 30.0793 30.7315 30.7386 32.481 32.6005 31.3262 0.0136247 0.00924599
330 133 30.0793 30.7315 30.7386 31.7598 32.4496 31.1518 0.035199 0.0109965
481 123 30.0793 30.7315 30.7386 31.3205 31.599 30.8938 0.0506914 0.0193025
311 2 30.0793 30.7315 30.7386 31.3284 31.599 30.8954 0.0170099 0.0117085
796 300 30.0793 30.7315 30.7386 31.3279 31.5985 30.8952 0.0453409 0.0217913
694 0 30.0793 30.7315 30.7386 31.3284 31.599 30.8954 0.0228182 0.0184074
783 0 30.0793 30.7315 30.7386 31.3284 31.599 30.8954 0.0244939 0.0195728
911 300 30.0793 30.7315 30.7386 31.3279 31.5562 30.8867 0.0520353 0.024787
742 300 30.0793 30.7315 30.7386 31.3284 31.5115 30.8779 0.0302687 0.00909204
367 300 30.0793 30.7315 30.7386 31.3284 31.5115 30.8779 0.048928 0.0239007
716 268 30.0793 30.7315 30.7386 31.3279 31.5115 30.8778 0.0222993 0.00743221
596 124 30.0793 30.7315 30.7386 31.3284 31.5115 30.8779 0.0400385 0.0149728
752 300 30.0793 30.7315 30.7386 31.3284 31.5115 30.8779 0.0309733 0.0108632
754 300 30.0793 30.7315 30.7386 31.3279 31.5115 30.8778 0.0454907 0.0225043
835 0 30.0793 30.7315 30.7386 31.3284 31.5115 30.8779 0.0155462 0.0111273
609 0 30.0793 30.7315 30.7386 31.3284 31.5115 30.8779 0.0283804 0.0239524
315 0 30.0793 30.7315 30.7386 31.3279 31.5115 30.8778 0.0196702 0.0153044
762 173 30.0793 30.7315 30.7386 31.3284 31.5115 30.8779 0.0462385 0.022022
755 0 30.0793 30.7315 30.7386 31.3284 31.5115 30.8779 0.0124889 0.008029
375 9 30.0793 30.7315 30.7386 31.3279 31.5115 30.8778 0.0176267 0.0117052
345 0 30.0793 30.7315 30.7386 31.3284 31.5115 30.8779 0.0218121 0.0174543
874 240 30.0793 30.7315 30.7386 31.3284 31.5115 30.8779 0.0450867 0.0245834
610 300 30.0793 30.7315 30.7386 31.3279 31.5115 30.8778 0.0255957 0.00775179
807 0 30.0793 30.7315 30.7386 31.3284 31.5115 30.8779 0.0246651 0.0195772
845 0 30.0793 30.7315 30.7386 31.3284 31.5115 30.8779 0.0225459 0.0162389
706 0 30.0793 30.7315 30.7386 31.3279 31.5115 30.8778 0.0271947 0.0228305
494 101 30.0793 30.7315 30.7386 31.3284 31.5115 30.8779 0.0337014 0.0130364
368 7 30.0793 30.7315 30.7386 31.3284 31.5115 30.8779 0.0225731 0.0171658
575 48 30.0793 30.7315 30.7386 31.3279 31.5115 30.8778 0.0241462 0.00958124
457 0 30.0793 30.7315 30.7386 31.3284 31.5115 30.8779 0.0165832 0.0121693
348 0 30.0793 30.7315 30.7386 31.3284 31.5115 30.8779 0.0115984 0.00725345
743 300 30.0793 30.7315 30.7386 31.3279 31.3897 30.8534 0.0459496 0.0215178
601 160 30.0793 30.7315 30.7386 30.963 31.3284 30.7682 0.0280806 0.00848956
471 44 30.0793 30.7315 30.7386 30.963 31.3284 30.7682 0.0242579 0.0104624
766 300 30.0793 30.7315 30.7386 30.963 30.9719 30.6969 0.0324354 0.0103124
