600 50 31.6032 33.1621 33.4158 33.8578 33.9449 33.1968 0.0251239 0.00028154
600 50 31.599 32.8659 33.4299 33.8577 33.9452 33.1395 0.0216381 0.0113412
600 50 29.8212 29.9134 30.9365 31.0287 31.351 30.6102 0.0227007 0.0112977
600 50 29.8056 29.8453 30.9329 30.9727 31.2809 30.5675 0.0293347 0.0163286
600 50 29.8056 29.8453 30.9329 30.9727 31.2622 30.5637 0.0287829 0.0153603
600 50 29.8056 29.8453 30.9329 30.9727 31.1975 30.5508 0.0425622 0.0217031
600 50 29.8056 29.8453 30.9329 30.9727 30.9755 30.5064 0.0293768 0.0106149
600 50 29.6815 29.8056 29.8453 30.2545 30.7504 30.0674 0.0467754 0.02449
600 50 29.6137 29.8056 29.8453 30.2545 30.7504 30.0539 0.0311341 0.0209139
600 50 29.6137 29.8056 29.8453 30.2545 30.7496 30.0537 0.02297 0.0133523
600 50 29.6137 29.8056 29.8453 30.2545 30.6977 30.0433 0.0394738 0.0252743
600 50 29.1543 29.6137 29.8056 29.8453 29.9461 29.673 0.0283312 0.014984
600 50 29.1556 29.6137 29.8056 29.8453 29.9471 29.6734 0.0405915 0.0249023
600 50 29.1556 29.6137 29.8056 29.8453 29.9471 29.6734 0.0283077 0.0165792
600 50 29.1556 29.6137 29.8056 29.8453 29.9471 29.6734 0.0221235 0.0104503
600 50 29.1556 29.1951 29.6137 29.8056 29.8453 29.523 0.0321525 0.0215911
600 50 29.1556 29.1951 29.6137 29.8056 29.8453 29.523 0.0262825 0.0108422
600 20 29.1556 29.1951 29.6137 29.8056 29.8453 29.523 0.0328824 0.0252175
600 50 29.1556 29.1951 29.6137 29.8056 29.8453 29.523 0.0348226 0.0205269
600 50 29.1556 29.1951 29.6137 29.8056 29.8453 29.523 0.0261882 0.0146488
600 50 29.1556 29.1951 29.6137 29.8056 29.8155 29.5171 0.0448315 0.0274122
600 50 29.1556 29.1951 29.6137 29.7947 29.8056 29.5129 0.028282 0.0182977
600 25 29.1556 29.1951 29.6137 29.7947 29.8056 29.5129 0.0175323 0.0113
600 0 29.1556 29.1951 29.6137 29.7947 29.8056 29.5129 0.0207688 0.0172508
600 50 29.1556 29.1951 29.6137 29.7947 29.8056 29.5129 0.0267156 0.0146553
600 50 28.3661 29.1556 29.1951 29.3483 29.6137 29.1358 0.0308294 0.0192366
600 50 28.4889 29.1556 29.1951 29.4442 29.6137 29.1795 0.0249509 0.0114923
600 50 28.4431 29.1556 29.1951 29.4005 29.6137 29.1616 0.0330704 0.0218546
600 50 28.3819 29.1556 29.1951 29.3362 29.6137 29.1365 0.0198136 0.011512
600 50 28.3212 29.1556 29.1951 29.2852 29.6137 29.1142 0.0301075 0.0185211
600 50 28.4996 29.1556 29.1951 29.455 29.6137 29.1838 0.0372588 0.0208136
600 50 28.4697 29.1556 29.1951 29.4268 29.6137 29.1722 0.0326534 0.021056
600 50 28.4141 29.1556 29.1951 29.3687 29.6137 29.1494 0.0392331 0.0193464
600 50 28.3534 29.1556 29.1951 29.3184 29.6137 29.1272 0.0307367 0.0186974
600 50 28.507 29.1556 29.1951 29.4622 29.6137 29.1867 0.0400526 0.0158588
600 50 28.4926 29.1556 29.1951 29.4479 29.6137 29.181 0.0330738 0.0205421
600 50 28.4517 29.1556 29.1951 29.4091 29.6137 29.165 0.0220476 0.0110333
600 0 28.3899 29.1556 29.1951 29.3438 29.6137 29.1396 0.0211858 0.0177034
600 50 28.3485 29.1556 29.1951 29.3135 29.6137 29.1253 0.0344866 0.0215187
600 50 27.9632 28.3566 28.4613 28.4932 28.8555 28.426 0.0284362 0.0200237
600 50 27.9631 28.3562 28.4531 28.4608 28.7371 28.3941 0.0452666 0.0175874
600 50 27.9631 28.3562 28.3912 28.4608 28.7371 28.3817 0.0320704 0.0174368
600 48 27.9631 28.3538 28.3562 28.4608 28.7371 28.3742 0.025131 0.0120655
600 50 30.7382 31.202 31.3893 32.0658 33.3366 31.7464 0.0336841 0.0186155
600 50 30.7315 30.963 31.1917 32.0551 32.759 31.5401 0.0212792 0.0116613
600 50 30.7315 30.963 31.1917 31.5115 31.599 31.1994 0.0451507 0.0175676
600 0 30.7315 30.963 31.1917 31.5115 31.599 31.1993 0.0143192 0.0113562
600 50 30.7315 30.963 31.1917 31.5115 31.5985 31.1992 0.0342246 0.0214664
600 50 30.7315 30.963 31.1917 31.5115 31.599 31.1994 0.0286166 0.0199714
600 0 30.7315 30.963 31.1917 31.5115 31.599 31.1993 0.0308506 0.0236725
600 50 30.7315 30.7376 30.963 31.1917 31.5032 31.0254 0.0227746 0.0112941
600 50 30.7315 30.7386 30.963 31.1917 31.508 31.0266 0.0509589 0.0271652
600 0 30.7315 30.7386 30.963 31.1917 31.508 31.0266 0.0311242 0.0221669
600 50 30.7315 30.7386 30.963 31.1917 31.508 31.0266 0.0311922 0.0196135
600 0 30.7315 30.7386 30.963 31.1917 31.508 31.0266 0.0264428 0.0226855
600 50 30.7315 30.7386 30.963 31.1917 31.3799 31.001 0.023929 0.0115889
600 11 30.7315 30.7386 30.963 31.1917 31.2419 30.9734 0.0275756 0.0228722
600 50 30.7315 30.7386 30.963 31.1917 31.2419 30.9734 0.0335975 0.0215642
600 50 30.7315 30.7386 30.963 32.1837 32.729 31.4692 0.0240202 0.0113753
600 0 30.7315 30.7386 30.963 32.1838 32.7287 31.4691 0.0125225 0.00893191
600 50 30.7315 30.7386 30.963 32.1838 32.7287 31.4691 0.0200013 0.00706215
600 36 30.7315 30.7386 30.963 32.1838 32.7287 31.4691 0.0194397 0.00780622
600 50 30.7315 30.7386 30.963 31.5171 31.6048 31.111 0.0207095 0.012045
600 0 30.7315 30.7386 30.963 31.5115 31.5985 31.1086 0.0169073 0.0119981
600 10 30.7315 30.7386 30.963 31.5115 31.599 31.1087 0.0271383 0.022036
600 42 30.7315 30.7386 30.963 31.5115 31.599 31.1087 0.0328542 0.017915
600 50 30.7315 30.7386 30.963 31.5115 31.5985 31.1086 0.0220347 0.0118209
600 50 30.7315 30.7386 30.963 31.5115 31.5862 31.1062 0.0348355 0.0228837
600 0 30.7315 30.7386 30.963 31.2409 31.5115 31.0371 0.0211847 0.0185621
600 50 30.7315 30.7386 30.963 31.2409 31.5115 31.0371 0.0257128 0.0135371
600 0 30.7315 30.7386 30.963 31.2409 31.5115 31.0371 0.0327409 0.0249998
600 8 30.7315 30.7386 30.963 31.2409 31.5115 31.0371 0.0273362 0.0225822
600 50 30.7315 30.7386 30.963 31.2409 31.5115 31.0371 0.0325347 0.0216806
600 50 30.7315 30.7386 30.963 31.2409 31.5115 31.0371 0.0321558 0.0198646
600 50 30.7315 30.7386 30.963 31.2409 31.3749 31.0098 0.0391162 0.0231041
600 50 30.7315 30.7386 30.963 31.2409 31.3383 31.0025 0.0405223 0.0279438
600 50 30.7315 30.7386 30.963 31.2409 31.3389 31.0026 0.0186526 0.00816528
600 6 30.7315 30.7386 30.963 31.2409 31.3388 31.0026 0.0166594 0.0130959
600 2 30.7315 30.7386 30.963 31.2409 31.3383 31.0025 0.0384698 0.0301646
600 0 30.7315 30.7386 30.963 31.2409 31.3389 31.0026 0.0208306 0.0172994
600 50 30.7315 30.7386 30.963 31.2409 31.3388 31.0026 0.0386584 0.0239669
600 0 30.7315 30.7386 30.963 31.2409 31.3383 31.0025 0.0252714 0.0221987
600 0 30.7315 30.7386 30.963 31.2409 31.3389 31.0026 0.0259864 0.0228112
600 50 30.7315 30.7386 30.963 31.2409 31.3388 31.0026 0.0367124 0.022964
600 50 30.7315 30.7386 30.963 31.2409 31.3383 31.0025 0.0290001 0.0122608
600 50 30.7315 30.7386 30.963 31.2409 31.3389 31.0026 0.031563 0.0153943
600 10 30.7315 30.7386 30.963 31.2409 31.3388 31.0026 0.0171644 0.0126748
600 0 30.7315 30.7386 30.963 31.2409 31.3383 31.0025 0.0115793 0.00828366
600 50 30.7315 30.7386 30.963 31.2409 31.3389 31.0026 0.0249324 0.0120315
600 36 30.7315 30.7386 30.963 31.2409 31.3388 31.0026 0.0333527 0.0222035
600 50 30.7315 30.7386 30.963 31.2409 31.3383 31.0025 0.0478587 0.0215858
600 0 30.7315 30.7386 30.963 31.2409 31.3389 31.0026 0.0237681 0.0206653
600 0 30.7315 30.7386 30.963 31.2409 31.3388 31.0026 0.0179807 0.015312
600 50 30.7315 30.7386 30.963 31.2409 31.3383 31.0025 0.0420904 0.0246001
600 0 30.7315 30.7386 30.963 31.2409 31.3389 31.0026 0.0152486 0.0122627
600 50 30.7315 30.7386 30.963 31.2409 31.3388 31.0026 0.0331801 0.0199218
600 0 30.7315 30.7386 30.963 31.2409 31.3383 31.0025 0.0266326 0.0233619
600 22 30.7315 30.7386 30.963 31.2409 31.3389 31.0026 0.0299406 0.0188083
