600 50 28.5035 29.8914 30.1375 30.2463 31.0237 29.9605 0.0204139 0.000281114
600 50 28.6134 29.4586 29.9219 30.0905 30.2416 29.6652 0.0259379 0.00926733
600 50 28.5481 29.4586 29.889 30.2191 30.2416 29.6713 0.0294897 0.0198205
600 50 28.5171 29.4586 29.889 30.1681 30.1862 29.6438 0.0324822 0.0217827
600 50 28.6639 29.4586 29.5886 29.889 30.1278 29.5456 0.0204195 0.0110725
600 50 28.6265 29.4586 29.5886 29.889 30.1042 29.5334 0.0318646 0.0215228
600 50 28.5688 29.4586 29.5886 29.875 29.889 29.476 0.0203689 0.00850181
600 50 28.5099 29.4586 29.5886 29.5911 29.889 29.4075 0.0332698 0.0206669
600 50 28.3567 28.64 29.3811 29.4586 29.5886 29.085 0.0233343 0.0113691
600 0 28.3562 28.5882 29.3809 29.4586 29.5886 29.0745 0.0215182 0.0179398
600 50 28.3562 28.5471 29.312 29.3809 29.4586 29.011 0.0404776 0.0219092
600 50 27.9631 28.3562 28.5126 29.3809 29.4586 28.7343 0.0309962 0.0205318
600 50 27.9631 28.3562 28.6459 29.3809 29.4586 28.761 0.0341103 0.0230398
600 50 27.9631 28.3562 28.5997 29.3809 29.3888 28.7378 0.0290985 0.0199583
600 50 27.9631 28.3562 28.5359 29.3414 29.3809 28.7155 0.0354787 0.0230436
600 50 27.9631 28.3562 28.4785 29.3034 29.3809 28.6964 0.031157 0.0218652
600 50 27.9631 28.3562 28.6228 29.3809 29.427 28.75 0.0285745 0.0150537
600 50 27.9631 28.3562 28.5657 29.369 29.3809 28.727 0.0220897 0.0116601
562 50 27.9631 28.3562 28.5524 29.3189 29.3809 28.7143 0.0327933 0.0109631
600 50 27.9631 28.3562 28.5374 29.3809 29.4638 28.7403 0.0215619 0.0129226
600 50 27.9631 28.3562 28.4817 29.3809 29.4531 28.727 0.0320133 0.0222967
600 50 27.9631 28.3562 28.6332 29.3809 29.4219 28.7511 0.04131 0.0277867
600 50 27.9631 28.3562 28.5764 29.3547 29.3809 28.7263 0.0333302 0.0234646
600 50 27.9631 28.3562 28.5286 29.3065 29.3809 28.7071 0.0276537 0.011198
600 50 27.9631 28.3562 28.4658 29.1612 29.3809 28.6654 0.0217736 0.0111726
600 50 27.9631 28.3562 28.5893 29.1659 29.3809 28.6911 0.0429122 0.0288518
600 50 27.9631 28.3562 28.5487 29.1659 29.3809 28.683 0.0334478 0.0239656
600 50 27.9631 28.3562 28.5192 29.1659 29.3809 28.6771 0.0308033 0.0216363
600 50 27.9631 28.3562 28.6697 29.1659 29.3809 28.7072 0.0213955 0.0111306
600 50 27.9631 28.3562 28.6428 29.1659 29.3809 28.7018 0.0226075 0.0133393
600 50 27.9631 28.3562 28.5934 29.1659 29.3232 28.6804 0.0313865 0.0229445
600 50 27.9631 28.3562 28.5607 29.1659 29.3255 28.6743 0.0377714 0.0257169
600 50 27.9631 28.3562 28.5442 29.1659 29.3255 28.671 0.0179995 0.00908019
600 50 27.9631 28.3562 28.5011 29.1659 29.3255 28.6624 0.0216665 0.0128094
600 50 27.9631 28.3562 28.6238 29.1659 29.26 28.6738 0.0249337 0.0114612
600 50 27.9631 28.3562 28.5665 29.1659 29.2589 28.6621 0.028884 0.0192786
600 50 27.9631 28.3562 28.5041 29.1659 29.2589 28.6496 0.0273483 0.0173669
600 50 27.9631 28.3562 28.6288 29.1659 29.2589 28.6746 0.0319841 0.0204575
600 50 27.9631 28.3562 28.5668 29.1659 29.2589 28.6622 0.024368 0.0115471
600 50 27.9631 28.3562 28.5153 29.1659 29.2589 28.6519 0.0366181 0.0156725
600 50 27.9631 28.3562 28.662 29.1659 29.2589 28.6812 0.0158024 0.00707629
600 50 27.9631 28.3562 28.6143 29.1659 29.2589 28.6717 0.0239161 0.00754237
600 50 27.9631 28.3562 28.5489 29.1659 29.2589 28.6586 0.0213091 0.0074859
600 50 29.9568 32.8605 33.5643 35.2076 35.3056 33.379 0.0316954 0.0207194
600 0 29.9568 32.8607 33.5644 35.2069 35.3022 33.3782 0.0275984 0.0228596
600 0 29.9568 32.8607 33.5644 35.2069 35.3022 33.3782 0.0237655 0.0195256
600 50 29.9568 32.8607 33.5644 34.698 35.2069 33.2573 0.0201712 0.0116778
600 50 29.7071 29.9568 30.6092 31.3723 31.6227 30.6536 0.0317922 0.0220728
600 50 29.706 29.9568 30.5983 31.3628 31.6135 30.6475 0.0247153 0.0114202
600 0 29.706 29.9568 30.5983 31.3628 31.6135 30.6475 0.0275244 0.0234967
600 50 29.706 29.9568 30.5983 31.3628 31.6135 30.6475 0.0307543 0.022244
600 50 29.706 29.9568 30.5983 31.3628 31.6135 30.6475 0.0343559 0.0227968
600 50 29.706 29.9568 30.5983 31.3628 31.5502 30.6348 0.0297191 0.020098
600 0 29.706 29.9568 30.5983 31.3628 31.5115 30.6271 0.0222837 0.0183745
600 50 29.706 29.9568 30.5983 31.3628 31.5115 30.6271 0.0202171 0.0117648
600 50 29.706 29.9568 30.5983 31.3628 31.5115 30.6271 0.0442671 0.0297635
600 11 29.706 29.9568 30.5983 31.3628 31.5115 30.6271 0.0333481 0.0274497
600 50 29.706 29.9568 30.5983 31.3628 31.5115 30.6271 0.0251149 0.0154891
600 50 31.5115 31.992 32.2776 32.8813 34.4769 32.6279 0.0354827 0.02503
600 0 31.5115 31.992 32.2777 32.8813 34.5619 32.6449 0.0242755 0.0211789
600 50 31.5115 31.992 32.2777 32.8813 34.021 32.5367 0.0336203 0.0239044
600 0 31.5115 31.992 32.2777 32.8813 34.0212 32.5367 0.0239072 0.0203062
600 0 31.5115 31.992 32.2777 32.8813 34.0212 32.5367 0.0149111 0.0115136
600 50 31.5115 31.992 32.2777 32.8813 34.0207 32.5366 0.0317038 0.0192216
600 50 30.7279 30.7392 31.5115 31.7493 31.992 31.344 0.0410741 0.0308472
600 50 30.7315 30.7386 31.5115 31.7606 31.992 31.3469 0.02769 0.0172246
600 50 30.7315 30.7386 31.5115 31.7606 31.992 31.3469 0.0283903 0.0118095
600 0 30.7315 30.7386 31.5115 31.7606 31.992 31.3469 0.0230572 0.018945
600 50 30.7315 30.7386 31.5115 31.7606 31.992 31.3469 0.0320282 0.0197939
600 0 30.7315 30.7386 31.5115 31.7606 31.992 31.3469 0.0290879 0.0214448
600 0 30.7315 30.7386 31.5115 31.7606 31.992 31.3469 0.0167524 0.0131279
600 50 30.7315 30.7386 31.5115 31.7606 31.992 31.3469 0.0347615 0.0230451
600 50 30.7315 30.7386 31.4616 31.5115 31.6651 31.2217 0.0332563 0.0231954
600 50 30.7315 30.7386 31.3279 31.5115 31.5985 31.1816 0.0320161 0.0156757
600 50 30.7315 30.7386 31.3284 31.5115 31.599 31.1818 0.0343007 0.0233407
600 50 30.7315 30.7386 31.3284 31.5115 31.599 31.1818 0.0363685 0.01724
600 0 30.7315 30.7386 31.3279 31.5115 31.5985 31.1816 0.0235988 0.0203267
600 50 30.7315 30.7386 31.3284 31.5115 31.599 31.1818 0.0258805 0.0158554
600 0 30.7315 30.7386 31.3284 31.5115 31.599 31.1818 0.0228634 0.0141146
600 0 30.7315 30.7386 31.3279 31.5115 31.5985 31.1816 0.0255685 0.0228417
600 50 30.7315 30.7386 31.3284 31.5115 31.599 31.1818 0.0339837 0.022919
600 4 30.7315 30.7386 31.3284 31.5115 31.599 31.1818 0.0236714 0.0193811
600 50 30.7315 30.7386 31.3279 31.5115 31.5985 31.1816 0.0337553 0.0225459
600 20 30.0793 30.7315 30.7386 31.3284 31.5115 30.8779 0.0226623 0.0176229
600 50 30.0793 30.7315 30.7386 31.3284 31.5115 30.8779 0.0200616 0.0118191
600 50 30.0793 30.7315 30.7386 31.3279 31.5115 30.8778 0.0232176 0.00891098
600 0 30.0793 30.7315 30.7386 31.3284 31.5115 30.8779 0.0256594 0.0219685
600 9 30.0793 30.7315 30.7386 31.3284 31.5115 30.8779 0.0200049 0.0154918
600 49 30.0793 30.7315 30.7386 31.3279 31.5115 30.8778 0.0310823 0.0231238
600 50 30.0793 30.7315 30.7386 31.3284 31.5115 30.8779 0.027993 0.0189466
600 0 30.0793 30.7315 30.7386 31.3284 31.5115 30.8779 0.0144152 0.0107655
600 0 30.0793 30.7315 30.7386 31.3279 31.5115 30.8778 0.0231339 0.0196811
600 23 30.0793 30.7315 30.7386 31.3284 31.5115 30.8779 0.0289845 0.0239237
600 24 30.0793 30.7315 30.7386 31.3284 31.5115 30.8779 0.0217609 0.0155593
600 50 30.0793 30.7315 30.7386 31.3279 31.5115 30.8778 0.033924 0.0222889
600 50 30.0793 30.7315 30.7386 31.3284 31.5115 30.8779 0.0328861 0.0200852
600 50 30.0793 30.7315 30.7386 31.3284 31.5115 30.8779 0.0277105 0.0140557
600 50 30.0793 30.7315 30.7386 31.3279 31.5115 30.8778 0.0300854 0.0209478
