378 26 30.3346 32.1326 32.7609 35.6128 35.9076 33.3497 0.0231775 0.000260757
600 50 29.9784 32.1318 32.3989 34.2193 35.6163 32.8689 0.0343979 0.0196801
600 50 29.9784 32.1289 32.3989 34.2198 35.6163 32.8685 0.0207404 0.0108388
600 50 28.7412 29.2588 29.8672 29.9276 29.9784 29.5547 0.0296082 0.0188137
600 50 28.7371 29.2589 29.8593 29.8996 29.9784 29.5467 0.0335355 0.0216654
600 50 28.7371 29.2589 29.8593 29.8996 29.9784 29.5467 0.0339227 0.0208454
600 50 28.7371 29.2589 29.8593 29.8996 29.9784 29.5467 0.0222118 0.0122463
504 50 28.7371 29.2589 29.8593 29.8996 29.9784 29.5467 0.0469985 0.0218817
600 50 28.7371 29.2589 29.8593 29.8996 29.9784 29.5467 0.0345824 0.0228277
600 50 28.7371 29.2589 29.8593 29.8996 29.9784 29.5467 0.0315698 0.0151822
600 50 28.7371 29.2589 29.8593 29.8996 29.9784 29.5467 0.0410141 0.0257169
600 50 28.7371 29.2589 29.8593 29.8996 29.9784 29.5467 0.0316668 0.0204944
600 50 27.9595 28.361 28.7371 29.2589 29.8593 28.8352 0.028336 0.0206297
600 0 27.9589 28.3597 28.7371 29.2589 29.8593 28.8348 0.0399682 0.0150741
600 50 27.9589 28.3597 28.7371 29.2589 29.8593 28.8348 0.0334625 0.0209372
600 50 27.9589 28.3597 28.7371 29.2589 29.8593 28.8348 0.0261823 0.0178587
600 50 27.9589 28.3597 28.7371 29.2589 29.8593 28.8348 0.0341127 0.0232747
600 50 27.9589 28.3597 28.7371 29.2589 29.8593 28.8348 0.0257698 0.0146283
600 50 27.9589 28.3597 28.7371 29.2589 29.8593 28.8348 0.0210232 0.0128051
600 50 27.9589 28.3597 28.7371 29.2589 29.8593 28.8348 0.0420122 0.0257113
600 50 27.9589 28.3597 28.3645 28.7371 29.2589 28.5358 0.0381583 0.0270123
600 50 27.9589 28.3102 28.3597 28.7371 29.2589 28.525 0.0303261 0.0184259
600 50 27.9589 28.3597 28.4418 28.7371 29.2589 28.5513 0.0200479 0.0109717
600 50 27.9589 28.3597 28.3863 28.7371 29.2589 28.5402 0.0323922 0.0221308
600 50 27.9589 28.3347 28.3597 28.7371 29.2589 28.5299 0.0353273 0.0255128
600 50 27.9589 28.3597 28.4571 28.7371 29.2589 28.5543 0.0342892 0.0225986
600 50 27.9589 28.3597 28.4021 28.7371 29.2589 28.5433 0.0316098 0.0217532
600 50 27.9589 28.3383 28.3597 28.7371 29.2589 28.5306 0.02176 0.00871029
600 50 27.9589 28.3597 28.4632 28.7371 29.2589 28.5556 0.0307756 0.0212878
600 50 27.9589 28.3597 28.4025 28.7371 29.2589 28.5434 0.0277043 0.0160638
600 50 27.9589 28.3524 28.3597 28.7371 29.2589 28.5334 0.0227588 0.0114923
600 50 27.9589 28.3597 28.5039 28.7371 29.2589 28.5637 0.0303917 0.0191249
600 50 27.9589 28.3597 28.4817 28.7371 29.2589 28.5593 0.030312 0.0214492
600 50 27.9589 28.3597 28.4345 28.7371 29.1564 28.5293 0.0244985 0.0141677
600 0 27.9589 28.3597 28.3942 28.7371 29.1659 28.5231 0.0419103 0.0376298
600 50 27.9589 28.3597 28.3799 28.7371 29.1659 28.5203 0.0341482 0.0204573
600 50 27.9589 28.3248 28.3597 28.7371 29.1659 28.5093 0.0333459 0.0227014
600 50 27.9589 28.3597 28.4423 28.7371 29.1659 28.5328 0.0297717 0.0199356
600 50 27.9589 28.3597 28.3868 28.7371 29.1659 28.5217 0.0293763 0.0188104
600 50 27.9589 28.3364 28.3597 28.7371 29.1659 28.5116 0.0308792 0.0196627
600 50 27.9589 28.3597 28.4598 28.7371 29.1659 28.5363 0.0456992 0.0233217
600 50 27.9589 28.3597 28.4045 28.7371 29.1659 28.5252 0.0279978 0.0182434
600 50 27.9589 28.3442 28.3597 28.7371 29.1659 28.5132 0.0424383 0.0286549
600 0 74.0461 76.4252 76.5949 79.0788 0 76.5362 0.0173716 0.0134261
600 50 31.4782 31.8771 33.4702 34.1176 35.009 33.1904 0.0367118 0.00811323
600 31 31.2419 31.6369 31.7623 32.1931 33.2514 32.0171 0.0255454 0.0173486
600 50 31.2419 31.5209 31.6369 31.7606 31.9981 31.6317 0.0301688 0.0189707
600 0 31.2419 31.5115 31.6369 31.7606 31.9973 31.6296 0.0255507 0.0198831
600 50 31.2419 31.5115 31.6369 31.7606 31.9973 31.6296 0.0210463 0.00995011
600 50 31.2419 31.5115 31.6369 31.7606 31.9973 31.6296 0.0292102 0.0192586
600 50 30.7313 31.2419 31.5115 31.6369 31.7606 31.3764 0.0189191 0.0100751
600 36 30.7315 31.2419 31.5115 31.6369 31.7606 31.3765 0.0406318 0.0251009
600 36 30.7315 31.2419 31.5115 31.6369 31.7606 31.3765 0.028877 0.0204325
600 0 30.7315 31.2419 31.5115 31.6369 31.7606 31.3765 0.023444 0.0189654
600 0 30.7315 31.2419 31.5115 31.6369 31.7606 31.3765 0.0211146 0.016006
600 50 30.7315 30.9629 31.2419 31.3123 31.5115 31.152 0.0170389 0.00907367
600 50 30.7315 30.963 31.2409 31.2419 31.5115 31.1378 0.0150624 0.00751625
600 50 30.7315 30.963 31.2409 31.2419 31.5115 31.1378 0.0146987 0.00603124
600 50 30.7315 30.963 31.2409 31.5115 32.1837 31.3261 0.0158669 0.00592516
600 10 30.7315 30.963 31.2409 31.5115 32.1838 31.3261 0.0100166 0.0059102
600 50 30.7315 30.963 31.2409 31.5115 32.1838 31.3261 0.0134889 0.0057141
600 50 30.7315 30.963 31.2409 31.5115 32.1838 31.3261 0.0139198 0.00564524
600 0 30.7315 30.963 31.2409 31.5115 32.1838 31.3261 0.00926787 0.00582146
600 0 30.7315 30.963 31.2409 31.5115 32.1838 31.3261 0.0106798 0.00630147
600 0 30.7315 30.963 31.2409 31.5115 32.1838 31.3261 0.00971842 0.0060169
600 0 30.7315 30.963 31.2409 31.5115 32.1838 31.3261 0.00914853 0.0059534
600 50 30.7315 30.963 31.2409 31.5115 32.1838 31.3261 0.0163419 0.00626554
600 50 30.7315 30.7387 30.963 31.2409 31.5115 31.0371 0.01579 0.00655254
600 0 30.7315 30.7386 30.963 31.2409 31.5115 31.0371 0.0101621 0.00679576
600 50 30.7315 30.7386 30.963 31.2409 31.5115 31.0371 0.023101 0.00990115
600 50 30.7315 30.7386 30.963 31.2409 31.5115 31.0371 0.0187168 0.0102503
600 0 30.7315 30.7386 30.963 31.2409 31.5115 31.0371 0.011537 0.00839425
600 50 30.7315 30.7386 30.963 31.2409 31.5115 31.0371 0.0170112 0.00669476
600 0 30.7315 30.7386 30.963 31.2409 31.5115 31.0371 0.0119828 0.00803593
600 50 30.7315 30.7386 30.963 31.2409 31.5115 31.0371 0.0151431 0.00674094
600 50 30.7315 30.7386 30.963 31.2409 31.5115 31.0371 0.0170235 0.00698254
600 50 30.7315 30.7386 30.963 31.2409 31.5115 31.0371 0.0155923 0.00686072
600 10 30.7315 30.7386 30.963 31.2409 31.5115 31.0371 0.0262297 0.0217523
600 50 30.7315 30.7386 30.963 31.2409 31.5115 31.0371 0.0283137 0.0207489
600 50 30.7315 30.7386 30.963 31.2409 31.5115 31.0371 0.0235035 0.0134697
600 0 30.7315 30.7386 30.963 31.2409 31.5115 31.0371 0.0257366 0.022063
600 9 30.7315 30.7386 30.963 31.2409 31.5115 31.0371 0.0215518 0.0131321
600 50 30.7315 30.7386 30.963 31.2409 31.5115 31.0371 0.0219783 0.0116885
600 0 30.7315 30.7386 30.963 31.2409 31.5115 31.0371 0.0285618 0.0222719
600 20 30.7315 30.7386 30.963 31.2409 31.5115 31.0371 0.0375319 0.0268321
600 50 30.7315 30.7386 30.963 31.2409 31.5115 31.0371 0.0233497 0.0121193
600 21 30.7315 30.7386 30.963 31.2409 31.5115 31.0371 0.016273 0.00980485
600 50 30.7315 30.7386 30.963 31.2409 31.5115 31.0371 0.0163337 0.0068485
600 50 30.7315 30.7386 30.963 31.2409 31.5115 31.0371 0.0245142 0.0144404
600 50 30.7315 30.7386 30.963 31.2409 31.5115 31.0371 0.0224841 0.0120177
600 50 30.7315 30.7386 30.963 31.2409 31.5115 31.0371 0.0355197 0.0217488
600 50 30.7315 30.7386 30.963 31.2409 31.5115 31.0371 0.0219645 0.0105881
600 50 30.7315 30.7386 30.963 31.2409 31.5115 31.0371 0.0251907 0.0133525
600 31 30.7315 30.7386 30.963 31.2409 31.5115 31.0371 0.0272345 0.020294
600 50 30.7315 30.7386 30.963 31.2409 31.5115 31.0371 0.0311486 0.0200023
600 50 30.7315 30.7386 30.963 31.2409 31.5115 31.0371 0.0311509 0.0207841
