600 50 28.3672 29.3494 30.3761 31.6273 32.4046 30.4249 0.0225564 0.000198644
600 50 28.3597 29.3491 30.374 31.5953 31.6368 30.263 0.0434725 0.020163
600 50 28.3597 29.3491 29.531 29.8892 29.9847 29.4228 0.0260988 0.00953708
600 50 28.3597 29.3491 29.5366 29.889 29.9784 29.4226 0.0249053 0.00975367
600 50 28.3597 29.3491 29.5366 29.889 29.9784 29.4226 0.0303136 0.0125443
600 0 28.3597 29.3491 29.5366 29.889 29.9784 29.4226 0.0116833 0.00832977
600 50 28.3597 28.7431 29.3491 29.5366 29.889 29.1755 0.0326336 0.0194376
600 50 28.3597 28.7371 29.3491 29.5366 29.889 29.1743 0.0311721 0.0220963
600 50 28.3597 28.7371 29.3491 29.5366 29.889 29.1743 0.0202403 0.0112289
600 50 28.3597 28.7371 29.3491 29.5366 29.889 29.1743 0.0331174 0.0217791
600 0 28.3597 28.7371 29.3491 29.5366 29.889 29.1743 0.0133956 0.0103065
600 50 28.3597 28.7371 29.3491 29.5366 29.889 29.1743 0.0333642 0.022068
600 50 28.3597 28.7371 29.3491 29.5366 29.889 29.1743 0.0369573 0.0265528
600 50 28.3597 28.7371 29.3491 29.5366 29.6137 29.1193 0.0189197 0.00794052
600 50 28.3597 28.7371 29.3491 29.5366 29.6137 29.1192 0.0415942 0.0239914
600 50 28.3597 28.7371 29.3491 29.5366 29.6137 29.1192 0.0314537 0.0214874
600 50 28.2935 28.3597 28.7371 29.3491 29.5366 28.8552 0.0288286 0.0203174
600 50 28.294 28.3597 28.7371 29.3491 29.5366 28.8553 0.0215201 0.0107015
600 50 28.294 28.3597 28.7371 29.3491 29.5366 28.8553 0.0194712 0.0104785
600 50 27.9634 28.294 28.3597 28.7371 29.3491 28.5407 0.0274755 0.017149
600 8 27.9631 28.294 28.3597 28.7371 29.3491 28.5406 0.0146726 0.0104614
600 50 27.9631 28.294 28.3597 28.7371 29.2631 28.5234 0.0377714 0.0243355
600 50 27.9631 28.294 28.3597 28.7371 29.2589 28.5226 0.03364 0.0106643
600 50 27.9631 28.294 28.3597 28.7371 29.2589 28.5226 0.0208031 0.0106704
600 50 27.9631 28.294 28.3597 28.7371 29.2589 28.5226 0.0268152 0.0144171
600 50 27.9631 28.294 28.3597 28.7371 29.2589 28.5226 0.019185 0.0108226
600 50 27.9631 28.294 28.3597 28.7371 29.2589 28.5226 0.0325745 0.0216504
600 50 27.9631 28.294 28.3597 28.7371 29.2589 28.5226 0.0336481 0.0215701
600 50 27.9631 28.294 28.3597 28.7371 29.2589 28.5226 0.0294639 0.0179145
600 50 27.9631 28.294 28.3597 28.4707 28.7371 28.3649 0.0322142 0.0199546
600 50 27.9631 28.294 28.3597 28.4608 28.7371 28.3629 0.0327585 0.0217031
600 50 27.9631 28.294 28.3597 28.4608 28.7371 28.3629 0.0190892 0.0102037
600 50 27.9631 28.294 28.3597 28.4608 28.7371 28.3629 0.0192744 0.00932865
600 50 27.9631 28.294 28.3597 28.4608 28.7371 28.3629 0.0300289 0.0213193
600 50 27.9631 28.294 28.3597 28.4608 28.7371 28.3629 0.0328334 0.0227328
600 50 27.9631 28.294 28.3597 28.4608 28.7371 28.3629 0.0242028 0.0109455
600 50 27.9631 28.294 28.3597 28.4608 28.7371 28.3629 0.0184692 0.0102885
600 50 27.9631 28.294 28.3597 28.4608 28.7371 28.3629 0.0321103 0.0214561
600 50 27.9631 28.294 28.3597 28.4608 28.7371 28.3629 0.0205466 0.0104872
600 12 27.9631 28.294 28.3597 28.4608 28.7371 28.3629 0.0278411 0.021878
600 50 27.9631 28.294 28.3597 28.4608 28.7371 28.3629 0.0300253 0.0112848
600 50 27.9631 28.294 28.3597 28.4608 28.7371 28.3629 0.0455205 0.029889
600 50 27.9631 28.294 28.3597 28.4608 28.7371 28.3629 0.0364074 0.0111885
600 0 67.2703 67.856 72.8024 78.91 0 71.7097 0.0307106 0.0244771
600 50 34.1322 35.4866 41.213 44.1336 45.488 40.0907 0.0324958 0.0174707
600 50 31.2362 31.3298 31.5985 32.2185 32.3098 31.7386 0.0312625 0.0211279
600 50 31.2513 31.3284 31.599 32.2159 32.309 31.7407 0.0308439 0.0210614
600 42 31.2513 31.3284 31.599 31.6608 32.0606 31.58 0.0288312 0.0211865
600 50 31.2513 31.3279 31.5985 31.6103 32.0105 31.5597 0.0409226 0.0273947
564 50 30.7316 30.7412 31.2513 31.3284 31.599 31.1303 0.0331243 0.0110408
600 50 30.7315 30.7386 31.2513 31.3284 31.599 31.1298 0.0282199 0.0198704
600 50 30.7315 30.7386 31.2513 31.3279 31.5985 31.1296 0.0315391 0.0166002
600 0 30.7315 30.7386 31.2513 31.3284 31.599 31.1298 0.0293396 0.0237374
600 50 30.6347 30.7315 30.7386 31.2513 31.3284 30.9369 0.0168866 0.0110019
600 50 30.6322 30.7315 30.7386 31.2513 31.3279 30.9363 0.0194087 0.0107833
600 50 30.6322 30.7315 30.7386 31.2513 31.3284 30.9364 0.0329556 0.0218932
599 0 30.6322 30.7315 30.7386 31.2513 31.3284 30.9364 0.0232061 0.0107605
600 50 30.6322 30.7315 30.7386 31.2513 31.3279 30.9363 0.0309314 0.020876
600 50 30.7315 30.7386 30.963 30.9691 31.2513 30.9307 0.0241324 0.0115748
600 50 30.7315 30.7386 30.963 30.9691 31.2513 30.9307 0.0350921 0.0201155
600 50 30.7315 30.7386 30.963 30.9691 31.2513 30.9307 0.0447402 0.0259169
517 0 30.7315 30.7386 30.963 30.9691 31.2513 30.9307 0.0352426 0.0173886
600 19 30.7315 30.7386 30.963 30.9691 31.2513 30.9307 0.0164616 0.0113007
600 30 30.7315 30.7386 30.963 30.9691 31.2513 30.9307 0.0335518 0.0242724
600 50 30.7315 30.7386 30.963 30.9691 31.2513 30.9307 0.0325971 0.0210905
600 50 30.7315 30.7386 30.963 30.9691 31.2513 30.9307 0.0281497 0.0209506
600 0 30.7315 30.7386 30.963 30.9691 31.2513 30.9307 0.0250448 0.0215815
600 50 30.7315 30.7386 30.963 30.9691 31.2513 30.9307 0.0306511 0.022806
600 50 30.7315 30.7386 30.963 30.9691 31.2513 30.9307 0.0295465 0.0205049
600 0 30.7315 30.7386 30.963 30.9691 31.2513 30.9307 0.0272411 0.0216818
600 50 30.7315 30.7386 30.963 30.9691 31.2513 30.9307 0.0232747 0.0134128
600 50 30.7315 30.7386 30.963 30.9691 31.2513 30.9307 0.0183414 0.0105006
600 50 30.7315 30.7386 30.963 30.9691 31.2513 30.9307 0.0315403 0.0113863
600 50 30.7315 30.7386 30.963 30.9691 31.2513 30.9307 0.0351804 0.0214015
600 0 30.7315 30.7386 30.963 30.9691 31.2513 30.9307 0.0166899 0.0126172
600 46 30.7315 30.7386 30.963 30.9691 31.2513 30.9307 0.0347263 0.0226633
600 0 30.7315 30.7386 30.963 30.9691 31.2513 30.9307 0.0222279 0.0190131
600 50 30.7315 30.7386 30.963 30.9691 31.2513 30.9307 0.0260586 0.0109406
600 50 30.7315 30.7386 30.963 30.9691 31.2513 30.9307 0.0210763 0.00879888
600 50 30.7315 30.7386 30.963 30.9691 31.2513 30.9307 0.0321155 0.0232342
600 0 30.7315 30.7386 30.963 30.9691 31.2513 30.9307 0.0158332 0.0116121
600 0 30.7315 30.7386 30.963 30.9691 31.2513 30.9307 0.0213565 0.0119817
600 0 30.7315 30.7386 30.963 30.9691 31.2513 30.9307 0.00940441 0.00664684
600 50 30.7315 30.7386 30.963 30.9691 31.2513 30.9307 0.0310232 0.0225869
600 50 30.7315 30.7386 30.963 30.9691 31.2513 30.9307 0.0336096 0.0229279
600 50 30.7315 30.7386 30.963 30.9691 31.2513 30.9307 0.0346279 0.0101163
600 50 30.7315 30.7386 30.963 30.9691 31.2513 30.9307 0.018409 0.0105645
600 0 30.7315 30.7386 30.963 30.9691 31.2513 30.9307 0.0145851 0.0113084
600 50 30.7315 30.7386 30.963 30.9691 31.2513 30.9307 0.0431699 0.0229172
600 0 30.7315 30.7386 30.963 30.9691 31.2513 30.9307 0.0315291 0.0269968
600 50 30.7315 30.7386 30.963 30.9691 31.2513 30.9307 0.0334182 0.0225057
600 50 30.7315 30.7386 30.963 30.9691 31.2513 30.9307 0.0348564 0.0243016
600 20 30.7315 30.7386 30.963 30.9691 31.2513 30.9307 0.0251339 0.011054
600 0 30.7315 30.7386 30.963 30.9691 31.2513 30.9307 0.0163778 0.0114673
600 0 30.7315 30.7386 30.963 30.9691 31.2513 30.9307 0.024527 0.0205593
600 46 30.7315 30.7386 30.963 30.9691 31.2513 30.9307 0.0277322 0.0182486
600 19 30.7315 30.7386 30.963 30.9691 31.2513 30.9307 0.0270837 0.0217565
600 50 30.7315 30.7386 30.963 30.9691 31.2513 30.9307 0.0210274 0.0104567
