161 6 29.1649 30.9534 31.9101 35.8846 37.673 33.1172 0.00777235 0.000268627
625 100 29.1556 30.1295 30.9531 31.0903 31.1197 30.4896 0.0223002 0.0053637
657 100 29.1556 30.2476 30.9531 31.0901 31.1197 30.5132 0.0291922 0.00542115
461 0 29.1556 30.1782 30.9531 31.0901 31.1197 30.4993 0.0172476 0.0130339
924 100 29.1556 30.1344 30.9531 31.0901 31.1197 30.4906 0.0309511 0.00580048
320 23 29.1556 30.2636 30.9531 31.0901 31.1197 30.5164 0.0322294 0.0221956
699 100 28.0779 28.7369 29.1556 29.8056 29.8676 29.1287 0.0396202 0.0162932
669 100 28.0274 28.7371 29.1556 29.8056 29.8645 29.118 0.0373882 0.0180772
712 100 28.0274 28.7371 29.1556 29.2044 29.8056 28.986 0.0293308 0.00985077
740 100 28.0274 28.7371 29.1556 29.1901 29.8056 28.9831 0.0378075 0.0162484
604 100 28.0274 28.7371 29.1556 29.1901 29.8056 28.9831 0.0413021 0.0138195
661 58 28.0274 28.7371 29.1556 29.1901 29.8056 28.9831 0.0213221 0.0101631
519 100 28.0274 28.4612 28.7371 29.1556 29.1901 28.7143 0.0314214 0.00666609
523 100 28.0274 28.4608 28.7371 29.1556 29.1901 28.7142 0.0492032 0.0218659
709 100 28.0274 28.4608 28.7371 29.1556 29.1901 28.7142 0.0418565 0.0165616
582 100 28.0274 28.4608 28.7371 29.1556 29.1901 28.7142 0.0393164 0.0178552
590 100 28.0274 28.4608 28.7371 29.1556 29.1901 28.7142 0.0413318 0.0161218
589 100 28.0274 28.4608 28.7371 29.1556 29.1901 28.7142 0.0422033 0.0201354
665 100 28.0274 28.3602 28.4608 28.7371 29.1556 28.5482 0.0362548 0.0198999
717 100 28.0274 28.3597 28.4608 28.7371 29.1556 28.5481 0.0341575 0.0108761
777 100 28.0274 28.3597 28.4608 28.7371 29.1556 28.5481 0.0395033 0.0199008
681 100 28.0274 28.3597 28.4608 28.7371 28.8276 28.4825 0.0320076 0.0104628
636 100 27.9589 28.0274 28.3597 28.4608 28.7371 28.3088 0.0317277 0.0140727
636 100 27.9589 28.0274 28.3597 28.4608 28.7371 28.3088 0.0370541 0.0216699
568 100 27.9589 28.0274 28.3597 28.4608 28.7371 28.3088 0.0359773 0.0176631
818 100 27.9589 28.0274 28.3597 28.4608 28.7371 28.3088 0.0317725 0.0106128
630 100 27.9589 28.0274 28.3597 28.4608 28.7371 28.3088 0.0431485 0.0208927
774 100 27.9589 28.0274 28.3597 28.4608 28.7371 28.3088 0.0445024 0.0236821
562 100 27.9589 28.0274 28.3597 28.4608 28.7371 28.3088 0.0451219 0.0229006
657 100 27.9589 28.0274 28.3597 28.4608 28.7371 28.3088 0.0260134 0.0105151
292 100 27.9589 28.0274 28.3597 28.4608 28.7371 28.3088 0.0536623 0.0256615
694 100 27.9589 28.0274 28.3597 28.4608 28.7371 28.3088 0.0321575 0.0108304
634 100 27.9589 28.0274 28.2946 28.3597 28.4608 28.2203 0.0409264 0.0219899
832 100 27.9589 28.0274 28.294 28.3597 28.4608 28.2201 0.0467204 0.0227012
667 100 27.9589 28.0274 28.294 28.3597 28.4608 28.2201 0.0400079 0.0201341
626 100 27.9589 28.0274 28.294 28.3597 28.4608 28.2201 0.0347216 0.0107211
661 100 27.9589 28.0274 28.294 28.3597 28.4608 28.2201 0.0378556 0.0167754
680 100 27.9589 28.0274 28.294 28.3597 28.4608 28.2201 0.0286319 0.0109621
647 100 27.9589 28.0274 28.294 28.3597 28.4608 28.2201 0.0461215 0.0224965
679 100 27.9589 28.0274 28.294 28.3597 28.4608 28.2201 0.0310694 0.0115445
687 100 27.9589 28.0274 28.294 28.3597 28.4608 28.2201 0.0432565 0.0230079
410 100 27.9589 28.0274 28.294 28.3597 28.4608 28.2201 0.0385734 0.0106541
594 100 27.9589 28.0274 28.294 28.3597 28.4608 28.2201 0.0366078 0.017262
542 100 31.3418 31.5113 31.5985 31.636 32.0557 31.6286 0.0538099 0.0208882
608 100 31.3389 31.5115 31.599 31.638 32.0551 31.6285 0.0381074 0.0151442
784 100 31.3388 31.5115 31.599 31.638 32.0551 31.6285 0.0295327 0.0117348
628 100 31.3383 31.5115 31.5985 31.6093 31.638 31.5391 0.0346767 0.0184542
692 0 31.3389 31.5115 31.599 31.6103 31.638 31.5395 0.0157555 0.0115802
1070 100 31.3388 31.5115 31.599 31.6098 31.638 31.5394 0.0405196 0.0224651
800 0 31.3383 31.5115 31.5985 31.6103 31.638 31.5393 0.0162762 0.0113913
1058 100 30.7316 31.3389 31.5115 31.599 31.6103 31.3583 0.0468248 0.0156068
638 100 30.7315 31.3388 31.5115 31.599 31.6098 31.3581 0.0426782 0.0215167
524 16 30.7315 31.3383 31.5115 31.5985 31.6103 31.358 0.0203105 0.0139424
668 100 30.169 30.7303 30.7315 30.9666 31.1254 30.7446 0.0338963 0.0123816
635 100 29.9568 30.452 30.7315 30.7457 30.8567 30.5486 0.0453258 0.0218531
897 100 29.9568 30.452 30.7315 30.7457 30.8567 30.5486 0.0292839 0.011362
685 100 29.9568 30.452 30.7315 30.7457 30.8567 30.5486 0.0446329 0.0233472
623 100 29.9568 30.452 30.7315 30.7457 30.8567 30.5486 0.0413605 0.023446
725 100 30.7315 31.3463 32.2776 33.8873 34.8917 32.6269 0.0339766 0.00938868
693 100 30.7315 31.3311 31.3463 31.599 32.2777 31.4571 0.0449668 0.0236567
762 0 30.7315 31.3284 31.3463 31.599 32.2777 31.4566 0.021053 0.0162999
1159 100 30.7315 31.3284 31.3463 31.5985 32.1938 31.4397 0.0365264 0.0114161
491 0 30.7315 31.3279 31.3463 31.599 32.1939 31.4397 0.0302671 0.0260587
1108 100 30.7315 31.3284 31.3463 31.5558 31.599 31.3122 0.0340739 0.0119944
672 16 30.7315 31.3284 31.3463 31.5115 31.5985 31.3032 0.0245513 0.0183782
553 100 30.7315 31.3279 31.3463 31.5115 31.599 31.3032 0.048916 0.0246443
566 100 30.7315 31.3284 31.3463 31.5115 31.599 31.3033 0.0378124 0.0197973
874 100 30.7315 31.3284 31.3463 31.5115 31.5985 31.3032 0.0361354 0.0120184
718 100 30.7315 31.3279 31.3463 31.5115 31.599 31.3032 0.0599456 0.0190182
672 100 30.7315 31.3284 31.3463 31.5115 31.599 31.3033 0.0494629 0.0271766
686 100 30.7315 31.3284 31.3463 31.5115 31.5985 31.3032 0.0372985 0.0198167
744 100 30.7315 30.9611 30.9626 31.0673 31.3279 31.0101 0.0409103 0.0248088
691 100 30.7315 30.9629 30.963 31.0185 31.3284 31.0009 0.0391116 0.0200877
703 100 30.7315 30.9629 30.963 31.0154 31.3284 31.0002 0.0487147 0.0263282
736 100 30.0833 30.7315 30.9629 30.963 31.0117 30.7505 0.0449996 0.0206076
771 100 30.0812 30.7315 30.9629 30.963 31.0071 30.7491 0.0398815 0.0220342
575 0 30.0812 30.7315 30.9629 30.963 31.0022 30.7482 0.0304142 0.0261585
1018 100 30.0812 30.7315 30.9629 30.963 30.996 30.7469 0.037348 0.0172811
814 100 30.0812 30.7315 30.9629 30.963 30.9895 30.7456 0.0376563 0.0208119
766 0 30.0812 30.7315 30.9629 30.963 30.9819 30.7441 0.0250745 0.0209011
1029 100 30.0812 30.7315 30.9629 30.963 30.9734 30.7424 0.0447614 0.0224621
614 88 30.0812 30.7315 30.9629 30.963 30.963 30.7403 0.0278218 0.0124314
703 100 30.0812 30.7315 30.9529 30.9629 30.963 30.7383 0.042853 0.0241556
835 100 30.0812 30.7315 30.9405 30.9629 30.963 30.7358 0.0412937 0.0232748
690 100 30.0812 30.7315 30.9271 30.9629 30.963 30.7331 0.0534638 0.0207743
799 0 30.0812 30.7315 30.9141 30.9629 30.963 30.7305 0.016701 0.0124441
879 100 30.0812 30.7315 30.8976 30.9629 30.963 30.7272 0.0302529 0.0125487
783 100 30.0812 30.7315 30.8858 30.9629 30.963 30.7249 0.0282216 0.0114293
761 100 30.0812 30.7315 30.8836 30.9629 30.963 30.7244 0.040582 0.01634
783 100 30.0812 30.7315 30.881 30.9629 30.963 30.7239 0.0465501 0.0236752
760 100 30.0812 30.7315 30.8779 30.9629 30.963 30.7233 0.0427603 0.0201659
656 100 30.0812 30.7315 30.8743 30.9629 30.963 30.7226 0.0264345 0.00719668
623 100 30.0812 30.7315 30.8701 30.9629 30.963 30.7217 0.021078 0.00804124
646 44 30.0812 30.7315 30.8651 30.9629 30.963 30.7207 0.0247128 0.0128363
722 100 30.0812 30.7315 30.8593 30.9629 30.963 30.7196 0.0369842 0.0194393
584 43 30.0812 30.7315 30.8525 30.9629 30.963 30.7182 0.0252718 0.0120063
347 0 30.0812 30.7315 30.8446 30.9629 30.963 30.7166 0.0331517 0.0289899
924 100 30.0812 30.7315 30.8355 30.9629 30.963 30.7148 0.0493665 0.0247897
