301 35 28.3635 29.3897 31.603 33.8909 33.956 31.4406 0.00960369 0.000380213
245 12 28.3562 29.3856 31.5948 33.8825 33.953 31.4344 0.0239289 0.0134781
317 84 28.3562 29.3856 31.5548 31.5948 31.6427 30.5068 0.0349592 0.0105571
244 28 28.3562 29.3856 31.5115 31.5948 31.5985 30.4893 0.0267653 0.0124757
402 300 28.3562 29.3856 31.248 31.5115 31.5948 30.4192 0.0443974 0.0181298
600 300 28.3562 29.3856 29.6263 29.8865 29.9568 29.4423 0.0428393 0.00712058
288 10 28.3562 29.3856 29.6137 29.8996 29.9471 29.4404 0.0173501 0.0104362
658 44 28.3562 29.3856 29.6137 29.8996 29.9471 29.4404 0.0267981 0.0167231
271 39 28.3562 29.3856 29.6137 29.8996 29.9471 29.4404 0.0262655 0.0110631
743 300 28.3562 29.1659 29.3856 29.6137 29.8996 29.2842 0.0354244 0.0127698
327 61 28.3562 29.1659 29.3856 29.6137 29.8996 29.2842 0.0347167 0.0165492
375 120 28.3562 29.1659 29.3856 29.6137 29.8996 29.2842 0.044681 0.0126459
624 300 28.3562 29.1659 29.3856 29.6137 29.8789 29.2801 0.05466 0.0227901
680 300 28.3562 29.1659 29.3856 29.6137 29.8328 29.2708 0.0419821 0.0094977
479 300 28.3562 29.1659 29.3856 29.6137 29.8328 29.2708 0.0409131 0.0110405
659 300 28.3562 29.1659 29.3856 29.6137 29.8328 29.2708 0.0417955 0.00631758
673 300 28.3562 29.1659 29.3856 29.6137 29.8328 29.2708 0.0579043 0.0228792
717 300 28.3562 29.1659 29.3856 29.6137 29.8328 29.2708 0.0414627 0.00746014
314 8 28.3562 29.1659 29.3856 29.6137 29.8328 29.2708 0.0177529 0.011071
621 300 28.3562 29.1659 29.3856 29.6137 29.8328 29.2708 0.049055 0.0174995
362 152 28.3562 28.742 29.1659 29.3856 29.6137 29.0527 0.0505484 0.0111802
591 52 28.3562 28.7371 29.1659 29.3856 29.6137 29.0517 0.0237645 0.00665225
311 0 28.3562 28.7371 29.1659 29.3856 29.6137 29.0517 0.0160471 0.011688
733 300 28.3562 28.7371 29.1659 29.3856 29.6137 29.0517 0.0448212 0.0188813
279 28 28.3562 28.7371 29.1659 29.3856 29.6137 29.0517 0.0260571 0.011098
393 300 28.3562 28.7371 29.1659 29.3856 29.6137 29.0517 0.0512348 0.0207456
240 0 28.3562 28.7371 29.1659 29.3856 29.6137 29.0517 0.0158208 0.0114379
427 300 28.3562 28.7371 29.1659 29.3856 29.6137 29.0517 0.0381772 0.0107331
268 63 28.3562 29.1659 29.3856 29.6137 30.1725 29.3388 0.0526104 0.023535
711 300 28.3562 29.1659 29.3856 29.6137 29.8204 29.2684 0.0249963 0.00642059
339 28 28.3562 29.1659 29.3856 29.6137 29.805 29.2653 0.0249346 0.0118002
238 6 28.3562 29.1659 29.3856 29.6137 29.805 29.2653 0.0234277 0.016455
483 300 28.3562 29.1659 29.3856 29.6137 29.805 29.2653 0.0400037 0.0112415
512 0 28.3562 29.1659 29.3856 29.6137 29.805 29.2653 0.0115721 0.00726019
273 21 28.3562 29.1659 29.3856 29.6137 29.805 29.2653 0.0195046 0.011128
389 66 28.3562 29.1659 29.3856 29.6137 29.805 29.2653 0.0401254 0.0199509
513 300 28.3562 29.1659 29.3856 29.6137 29.805 29.2653 0.0403014 0.016706
564 300 28.3562 29.1659 29.3856 29.6137 29.805 29.2653 0.0286069 0.00699485
243 126 27.9637 28.3562 28.9517 29.1659 29.3447 28.7564 0.0380463 0.0118032
584 300 27.9631 28.3562 28.9526 29.1659 29.3456 28.7567 0.034409 0.00862545
611 300 27.9631 28.3562 28.9526 29.1659 29.3456 28.7567 0.0570474 0.0291537
676 300 27.9631 28.3562 28.9526 29.1659 29.3456 28.7567 0.044996 0.00911427
209 0 27.9631 28.3562 28.9526 29.1659 29.3456 28.7567 0.0160144 0.0116185
440 168 27.9631 28.3562 28.9526 29.2592 29.3456 28.7753 0.0473143 0.0162663
617 300 27.9631 28.3562 28.9526 29.2589 29.3456 28.7753 0.0445107 0.0152759
567 292 27.9631 28.3562 28.9526 29.2589 29.3456 28.7753 0.0453251 0.00721444
205 0 27.9631 28.3562 28.9526 29.2589 29.3456 28.7753 0.0162932 0.0118707
892 300 27.9631 28.3562 28.9526 29.2589 29.3456 28.7753 0.0459659 0.0209441
801 300 27.9631 28.3562 28.9526 29.2589 29.3456 28.7753 0.0465705 0.0221096
747 300 27.9631 28.3562 28.9526 29.2589 29.3456 28.7753 0.0314741 0.00715322
178 0 27.9631 28.3562 28.9526 29.2589 29.3456 28.7753 0.0200372 0.0155026
404 30 27.9631 28.3562 28.9526 29.2589 29.3456 28.7753 0.0223435 0.0135361
263 12 27.9631 28.3562 28.9526 29.2589 29.3456 28.7753 0.0211062 0.0108178
545 87 27.9631 28.3562 28.9526 29.2589 29.3456 28.7753 0.0475168 0.0120915
317 0 27.9631 28.3562 28.9526 29.2589 29.3456 28.7753 0.0298959 0.0255239
573 277 27.9631 28.3562 28.9526 29.2589 29.3456 28.7753 0.0396696 0.0100245
673 300 27.9631 28.3562 28.9526 29.2589 29.3456 28.7753 0.0510679 0.0206572
675 33 27.9631 28.3562 28.9526 29.2589 29.3456 28.7753 0.0176393 0.00675217
227 4 29.9568 34.7875 35.0183 36.9562 55.5907 38.4619 0.016537 0.0105956
654 216 29.9568 32.783 32.8642 33.2704 33.826 32.5401 0.0372523 0.0129393
655 0 29.9568 32.7788 32.8607 33.267 33.7715 32.527 0.0269549 0.0226371
729 0 29.9568 32.7788 32.8607 33.267 33.7506 32.5228 0.0253083 0.0210002
320 0 29.9568 32.7788 32.8607 33.267 33.7005 32.5127 0.0162928 0.0119332
325 9 29.9568 32.7788 32.8607 33.267 33.8319 32.539 0.0270467 0.0196924
775 0 29.9568 32.7788 32.8607 33.267 33.7648 32.5256 0.0111944 0.00689708
699 0 29.9568 32.7788 32.8607 33.267 33.7045 32.5136 0.0195536 0.0152416
864 300 29.9568 31.2165 31.6218 32.0481 32.174 31.4034 0.0523906 0.0202346
798 300 29.9568 31.2468 31.6369 32.0551 32.1838 31.4159 0.0278109 0.0068609
359 36 29.9568 31.2468 31.5113 31.6369 31.9255 31.2554 0.0258334 0.0112337
484 81 29.9568 30.7289 30.7381 30.9685 30.9708 30.6726 0.0377193 0.0145982
747 300 29.9568 30.7315 30.7376 30.963 30.9691 30.6716 0.047159 0.0205632
401 144 29.9568 30.7315 30.7376 30.963 30.9691 30.6716 0.053364 0.00847593
651 300 29.9568 30.7315 30.7376 30.963 30.9691 30.6716 0.0451961 0.0239922
488 0 29.9568 30.7315 30.7376 30.963 30.9691 30.6716 0.0131314 0.00878411
459 91 29.9568 30.7315 30.7376 30.963 30.9691 30.6716 0.0447207 0.0162351
813 300 29.9568 30.7315 30.7376 30.963 30.9691 30.6716 0.0287329 0.00690573
736 150 29.9568 30.7315 30.7376 30.963 30.9691 30.6716 0.0463918 0.0231887
587 33 29.9568 30.7315 30.7376 30.963 30.9691 30.6716 0.0167337 0.00866531
689 168 29.9568 30.7315 30.7376 30.963 30.9691 30.6716 0.0564481 0.0235257
743 300 29.9568 30.7315 30.7376 30.963 30.9691 30.6716 0.0331904 0.00747102
444 91 29.9568 30.7315 30.7376 30.963 30.9691 30.6716 0.0385758 0.0116644
560 0 29.9568 30.7315 30.7376 30.963 30.9691 30.6716 0.012201 0.00789258
658 228 29.9568 30.7315 30.7376 30.963 30.9691 30.6716 0.0452409 0.0226111
733 300 29.9568 30.7315 30.7376 30.963 30.9691 30.6716 0.0310809 0.00702152
626 0 29.9568 30.7315 30.7376 30.963 30.9691 30.6716 0.0291137 0.0247685
561 0 29.9568 30.7315 30.7376 30.963 30.9691 30.6716 0.0153941 0.0111073
285 0 29.9568 30.7315 30.7376 30.963 30.9691 30.6716 0.0164503 0.0121348
468 112 29.9568 30.7315 30.7376 30.963 30.9691 30.6716 0.052735 0.011555
785 0 29.9568 30.7315 30.7376 30.963 30.9691 30.6716 0.0250314 0.0206852
674 0 29.9568 30.7315 30.7376 30.963 30.9691 30.6716 0.0243717 0.0200858
672 300 29.9568 30.7315 30.7376 30.963 30.9691 30.6716 0.0513488 0.0246008
795 0 29.9568 30.7315 30.7376 30.963 30.9691 30.6716 0.0114729 0.00714375
706 300 29.9568 30.3958 30.7315 30.7376 30.963 30.557 0.0486381 0.0220403
634 24 29.9568 30.4025 30.7315 30.7376 30.963 30.5583 0.0187237 0.01031
245 0 29.9568 30.4025 30.7315 30.7376 30.963 30.5583 0.0161096 0.0116926
940 300 29.9568 30.4025 30.7315 30.7376 30.963 30.5583 0.0548367 0.0207698
517 273 29.9568 30.4025 30.7315 30.7376 30.963 30.5583 0.0315544 0.0103312
720 300 29.9568 30.4025 30.7315 30.7376 30.963 30.5583 0.0344318 0.0134736
271 21 29.9568 30.4025 30.7315 30.7376 30.963 30.5583 0.0215044 0.0118562
350 39 29.9568 30.4025 30.7315 30.7376 30.963 30.5583 0.0258298 0.0108856
774 198 29.9568 30.4025 30.7315 30.7376 30.963 30.5583 0.0495247 0.0217676
616 0 29.9568 30.4025 30.7315 30.7376 30.963 30.5583 0.0129729 0.00866558
594 208 29.9568 30.4025 30.7315 30.7376 30.963 30.5583 0.0430226 0.0147093
706 300 29.9568 30.4025 30.7315 30.7376 30.963 30.5583 0.0452373 0.00727469
328 0 29.9568 30.4025 30.7315 30.7376 30.963 30.5583 0.0156316 0.0112624
709 300 29.9568 30.4025 30.7315 30.7376 30.963 30.5583 0.0491067 0.0162329
734 0 29.9568 30.4025 30.7315 30.7376 30.963 30.5583 0.0215845 0.017279
700 0 29.9568 30.4025 30.7315 30.7376 30.963 30.5583 0.013877 0.00954124
721 162 29.9568 30.4025 30.7315 30.7376 30.963 30.5583 0.0489086 0.0214865
625 175 29.9568 30.4025 30.7315 30.7376 30.963 30.5583 0.0329219 0.00955819
314 10 29.9568 30.4025 30.7315 30.7376 30.963 30.5583 0.0198489 0.0114651
659 26 29.9568 30.4025 30.7315 30.7376 30.963 30.5583 0.0225087 0.0159075
660 0 29.9568 30.4025 30.7315 30.7376 30.963 30.5583 0.0251667 0.0208797
617 171 29.9568 30.4025 30.7315 30.7376 30.963 30.5583 0.049557 0.0205968
473 80 29.9568 30.4025 30.7315 30.7376 30.963 30.5583 0.0424778 0.0111368
747 12 29.9568 30.4025 30.7315 30.7376 30.963 30.5583 0.0137819 0.00798774
373 0 29.9568 30.4025 30.7315 30.7376 30.963 30.5583 0.0160356 0.0117161
832 300 29.9568 30.4025 30.7315 30.7376 30.963 30.5583 0.0369206 0.0165534
330 12 30.7315 30.7376 30.963 31.5113 31.7747 31.1436 0.0199242 0.0122441
502 24 30.7315 30.7376 30.963 31.5115 31.599 31.1085 0.0256663 0.0153667
444 0 30.7315 30.7376 30.963 31.5115 31.5985 31.1084 0.0164344 0.0121202
792 273 30.7315 30.7376 30.963 31.5115 31.599 31.1085 0.0482877 0.0206037
459 0 30.7315 30.7376 30.963 31.5115 31.599 31.1085 0.0165802 0.0122469
755 300 30.7315 30.7376 30.963 31.421 31.5115 31.0729 0.044145 0.0138342
722 135 30.7315 30.7376 30.963 31.2513 31.5115 31.039 0.044958 0.0241917
919 300 30.7315 30.7376 30.963 31.2513 31.5115 31.039 0.0371314 0.00810509
753 300 30.7315 30.7376 30.963 31.2513 31.5115 31.039 0.0453671 0.0206213
577 0 30.7315 30.7376 30.963 31.2513 31.5115 31.039 0.0127653 0.00844462
845 300 30.7315 30.7376 30.963 31.2513 31.3299 31.0027 0.0532205 0.0206068
571 300 30.7315 30.7376 30.963 31.2513 31.3284 31.0024 0.0504583 0.00730573
604 65 30.7315 30.7376 30.963 31.2513 31.3279 31.0023 0.0433991 0.0198483
726 300 30.7315 30.7376 30.963 31.2513 31.3284 31.0024 0.0359948 0.00801824
602 0 30.7315 30.7376 30.963 31.2513 31.3284 31.0024 0.0273451 0.0230061
654 144 30.7315 30.7376 30.963 31.2513 31.3279 31.0023 0.0389387 0.0114492
868 162 30.7315 30.7376 30.963 31.2513 31.3284 31.0024 0.0312992 0.00774314
455 12 30.7315 30.7376 30.963 31.2513 31.3284 31.0024 0.0311798 0.0238898
433 25 30.7315 30.7376 30.963 31.2513 31.3279 31.0023 0.0228018 0.0123856
521 0 30.7315 30.7376 30.963 31.2513 31.3284 31.0024 0.0190126 0.0147016
375 32 30.7315 30.7376 30.963 31.2513 31.3284 31.0024 0.025096 0.0125556
216 0 30.7315 30.7376 30.963 31.2513 31.3279 31.0023 0.017372 0.0128196
304 120 30.7315 30.7376 30.963 31.2513 31.3284 31.0024 0.047802 0.01172
632 112 30.7315 30.7376 30.963 31.2513 31.3284 31.0024 0.036809 0.00868377
414 0 30.7315 30.7376 30.963 31.2513 31.3279 31.0023 0.0153692 0.0110456
464 0 30.7315 30.7376 30.963 31.2513 31.3284 31.0024 0.0132238 0.00893056
418 0 30.7315 30.7376 30.963 31.2513 31.3284 31.0024 0.0136194 0.00927948
456 144 30.7315 30.7376 30.963 31.2513 31.3279 31.0023 0.0342712 0.00923505
477 154 30.7315 30.7376 30.963 31.2513 31.3284 31.0024 0.058014 0.0234925
748 121 30.7315 30.7376 30.963 31.2513 31.3284 31.0024 0.0327538 0.008582
796 300 30.7315 30.7376 30.963 31.2513 31.3279 31.0023 0.0511947 0.02366
739 300 30.7315 30.7376 30.963 31.2513 31.3284 31.0024 0.0351524 0.00787127
255 0 30.7315 30.7376 30.963 31.2513 31.3284 31.0024 0.0155214 0.0111565
822 300 30.1057 30.7315 30.7376 30.963 31.2513 30.7578 0.0529402 0.0211473
848 0 30.0812 30.7315 30.7376 30.963 31.2513 30.7529 0.023059 0.0187199
677 182 30.0812 30.7315 30.7376 30.963 31.2513 30.7529 0.0460661 0.0186764
530 60 30.0812 30.7315 30.7376 30.963 31.2513 30.7529 0.0269305 0.0122946
751 300 30.0812 30.7315 30.7376 30.963 31.2513 30.7529 0.0381256 0.0137922
708 300 30.0812 30.7315 30.7376 30.963 31.2513 30.7529 0.0531541 0.024581
724 108 30.0812 30.7315 30.7376 30.963 31.2513 30.7529 0.048044 0.0202573
