167 0 0 0 0 0 0 -1 0.00495648 0.000272142
608 97 30.4011 30.7313 31.1916 31.7422 32.0553 31.2243 0.0355894 0.000107748
655 100 30.4025 30.7315 31.1917 31.7462 32.0551 31.2254 0.0437104 0.0145037
341 24 29.1567 29.8926 30.4025 30.7315 30.953 30.2273 0.0341596 0.0258913
572 100 28.3561 29.1659 29.8996 29.9496 29.9639 29.467 0.0387157 0.0195013
660 100 28.3562 29.1659 29.8996 29.9471 29.9683 29.4674 0.0416577 0.0191249
296 0 28.3562 29.1659 29.8996 29.9471 29.9683 29.4674 0.0239174 0.0197304
852 100 28.3562 29.1659 29.8996 29.9471 29.9683 29.4674 0.0441111 0.0160778
675 100 28.3562 29.1659 29.8996 29.9471 29.9683 29.4674 0.0422964 0.0137084
748 100 28.3562 29.1659 29.8996 29.9471 29.9683 29.4674 0.0290372 0.0103923
490 100 28.3562 29.1659 29.6086 29.8996 29.9471 29.3955 0.0470443 0.0223319
669 100 28.3562 29.1659 29.2825 29.6086 29.8996 29.2626 0.0359531 0.0117415
667 100 28.3562 29.1659 29.3477 29.6086 29.8996 29.2756 0.0494152 0.0177786
733 100 28.3562 28.7367 29.1659 29.2799 29.6086 29.0294 0.0644206 0.0240652
550 100 28.3562 28.7371 29.1659 29.2647 29.6086 29.0265 0.0310848 0.00720976
737 100 28.3562 28.7371 29.1659 29.2025 29.6086 29.0141 0.0372943 0.0123172
589 100 28.3562 28.7371 29.1659 29.3059 29.6086 29.0347 0.0528334 0.0184566
713 100 28.3562 28.7371 29.1659 29.2564 29.6086 29.0248 0.0363642 0.0146243
731 100 28.3562 28.5127 28.7371 29.1659 29.3815 28.8307 0.0443938 0.0234963
767 100 28.3562 28.4608 28.7371 29.1659 29.3498 28.814 0.0357422 0.0114307
738 100 28.3562 28.4608 28.7371 29.1659 29.2815 28.8003 0.0466455 0.0199509
665 100 28.3562 28.4608 28.7371 29.0762 29.1659 28.7592 0.0313042 0.00922344
723 100 28.0513 28.3562 28.4608 28.7371 29.1659 28.5543 0.0424578 0.023376
776 100 28.0296 28.3562 28.4608 28.7371 29.1659 28.5499 0.0331073 0.0118044
633 100 27.9678 28.3562 28.4608 28.7371 29.1659 28.5376 0.0438882 0.0190688
785 100 28.0903 28.3562 28.4608 28.7371 29.1659 28.5621 0.0563977 0.0242772
612 100 28.0497 28.3562 28.4608 28.7371 29.1659 28.5539 0.0402302 0.0190946
646 100 28.0217 28.3562 28.4608 28.7371 29.1659 28.5483 0.0521123 0.0237318
641 100 28.1718 28.3562 28.4608 29.1659 31.5116 29.1333 0.0338347 0.0114799
580 69 28.1453 28.3562 28.4608 29.1659 29.2903 28.6837 0.0294919 0.0112968
488 0 28.0975 28.3562 28.4608 29.1659 29.2589 28.6679 0.0276286 0.0234918
630 100 28.0341 28.3562 28.4608 29.1659 29.2589 28.6552 0.0439048 0.0110189
579 100 27.974 28.3562 28.4608 29.1659 29.2589 28.6432 0.0493954 0.0172217
621 100 28.1073 28.3562 28.4608 29.1659 29.2589 28.6698 0.034554 0.0144964
688 100 28.0428 28.3562 28.4608 29.1659 29.2589 28.6569 0.0486164 0.0210716
719 100 27.995 28.3562 28.4608 29.1659 29.2589 28.6474 0.0372772 0.0119809
633 100 28.1126 28.3562 28.4608 29.1659 29.2589 28.6709 0.0416758 0.0178204
743 100 28.0475 28.3562 28.4608 29.1659 29.2589 28.6579 0.0365729 0.0114007
600 100 28.0127 28.3562 28.4608 29.1659 29.2589 28.6509 0.0521624 0.0225531
740 100 28.1419 28.3562 28.4608 29.1659 29.2589 28.6768 0.0313163 0.0114432
745 100 28.0908 28.3562 28.4608 29.1659 29.2589 28.6665 0.0428655 0.0194648
748 100 28.0504 28.3562 28.4608 28.986 29.1659 28.6039 0.0279319 0.012009
649 100 28.0251 28.3562 28.4608 28.9483 29.1659 28.5912 0.0494008 0.0234184
597 100 27.9644 28.3562 28.4608 28.9483 31.5213 29.0502 0.0475635 0.0237471
784 100 28.0799 28.3562 28.4608 28.9483 31.2318 29.0154 0.0591326 0.0189682
591 100 28.0338 28.3562 28.4608 28.9483 30.9343 28.9467 0.0289234 0.0115624
688 100 27.9736 28.3562 28.4608 28.9483 29.6657 28.6809 0.0415787 0.0206525
774 16 28.1062 28.3562 28.4608 28.9483 29.3856 28.6514 0.0310848 0.0255482
727 100 28.0418 28.3562 28.4608 28.9483 29.3856 28.6385 0.0445719 0.0170035
628 100 27.9917 28.3562 28.4608 28.9483 29.3856 28.6285 0.0313358 0.0112105
833 100 28.1085 28.3562 28.4608 28.9483 29.3856 28.6519 0.0493748 0.0220588
308 4 28.0439 28.3562 28.4608 28.9483 29.3856 28.639 0.0191692 0.0127803
690 100 27.9985 28.3562 28.4608 28.9483 29.3856 28.6299 0.0482752 0.0196634
650 100 28.1174 28.3562 28.4608 28.9483 29.3856 28.6537 0.0373271 0.0114745
761 100 28.0517 28.3562 28.4608 28.9483 29.3856 28.6405 0.0423612 0.0141007
661 0 28.0315 28.3562 28.4608 28.9483 29.3856 28.6365 0.0155918 0.0114708
999 100 27.9701 28.3562 28.4608 28.9483 29.3856 28.6242 0.0492878 0.0221979
548 100 28.0967 28.3562 28.4608 28.9483 28.9831 28.569 0.0414719 0.0211566
637 36 30.9495 31.7424 31.982 32.3425 32.3805 31.8794 0.0240142 0.0136289
803 100 30.4025 31.1955 31.2419 31.6369 32.0551 31.3064 0.0380218 0.0094288
676 100 30.4025 31.1955 31.2419 31.3329 31.6089 31.1563 0.0364196 0.0138839
491 0 30.4025 31.1955 31.2419 31.3388 31.599 31.1555 0.0148624 0.010669
1113 100 30.4025 31.1955 31.2419 31.3383 31.5985 31.1553 0.0430342 0.0197326
543 84 30.4025 31.1955 31.2419 31.3389 31.599 31.1556 0.0464966 0.0201824
616 100 30.4025 31.0679 31.1074 31.1955 31.2419 31.003 0.0516722 0.0202658
713 100 30.4025 30.8602 31.1045 31.1955 31.2419 30.9609 0.0378486 0.00742471
731 100 30.4025 30.8602 31.1045 31.1955 31.2419 30.9609 0.0335255 0.00751517
656 100 30.4025 30.8602 31.1045 31.1955 31.2419 30.9609 0.0344965 0.00730182
593 0 30.4025 30.8602 31.1045 31.1955 31.2419 30.9609 0.0285238 0.0243897
938 100 30.4025 30.8602 31.1045 31.1955 31.2419 30.9609 0.0436451 0.0194078
782 0 30.4025 30.8602 31.1045 31.1955 31.2419 30.9609 0.0239786 0.0198201
999 100 30.4025 30.8602 31.1045 31.1955 31.2419 30.9609 0.0516843 0.0234772
558 100 30.4025 30.8602 30.9879 31.1045 31.1955 30.9101 0.0429413 0.0173294
683 100 30.4025 30.8602 31.1045 31.1955 31.2718 30.9669 0.0366742 0.0180189
517 0 30.4025 30.8602 31.1045 31.1955 31.2419 30.9609 0.0226576 0.0185275
979 0 30.4025 30.8602 31.1045 31.1955 31.2419 30.9609 0.0143673 0.0082143
1012 100 30.4025 30.8602 31.1045 31.1955 31.2419 30.9609 0.0328682 0.00809588
596 0 30.4025 30.8602 31.1045 31.1955 31.2419 30.9609 0.0114298 0.00728784
969 100 28.6758 29.5878 30.3326 30.4025 30.6266 29.9251 0.044717 0.0205738
752 0 28.6757 29.5911 30.3326 30.4025 30.6258 29.9255 0.0252298 0.0211103
963 100 28.6757 29.5911 30.3326 30.4025 30.6258 29.9255 0.0375972 0.0134828
732 100 28.6757 29.5911 30.3326 30.4025 30.6258 29.9255 0.0261086 0.00702982
768 100 28.6757 29.5911 30.3326 30.4025 30.6258 29.9255 0.0387015 0.00729969
590 100 28.6757 29.5911 30.3326 30.4025 30.6258 29.9255 0.0336625 0.00756196
544 100 28.6757 29.5911 30.3326 30.4025 30.6258 29.9255 0.032006 0.00780435
740 100 28.6757 29.5911 30.3326 30.4025 30.6258 29.9255 0.0382149 0.0106573
709 100 28.6757 29.5911 30.3326 30.4025 30.6258 29.9255 0.046468 0.0158469
717 100 28.6757 29.5911 30.3326 30.4025 30.6258 29.9255 0.0435565 0.022777
720 100 28.6757 29.5911 30.3326 30.4025 30.6258 29.9255 0.0382097 0.0111329
785 99 28.6757 29.5911 30.3326 30.4025 30.6258 29.9255 0.0334773 0.00709038
567 100 28.6757 29.5911 30.3326 30.4025 30.6258 29.9255 0.0410273 0.00734141
314 0 28.6757 29.5911 30.3326 30.4025 30.6258 29.9255 0.0294272 0.0252653
1233 100 28.6757 29.5911 30.3326 30.4025 30.6258 29.9255 0.0411072 0.0203895
644 100 28.6757 29.5911 30.3326 30.4025 30.6258 29.9255 0.0533491 0.0272825
791 100 28.6757 29.5911 30.3326 30.4025 30.6258 29.9255 0.0345574 0.0127016
729 100 28.6757 29.5911 30.3326 30.4025 30.6258 29.9255 0.046583 0.00790438
624 100 28.6757 29.5911 30.3326 30.4025 30.6258 29.9255 0.0381938 0.00832616
772 100 28.6757 29.5911 30.3326 30.4025 30.6258 29.9255 0.0436925 0.0185227
657 100 28.6757 29.5911 30.3326 30.4025 30.6258 29.9255 0.0457796 0.0196965
628 100 28.6757 29.5911 30.3326 30.4025 30.6258 29.9255 0.0519652 0.0225007
613 100 28.6757 29.5911 30.3326 30.4025 30.6258 29.9255 0.0340514 0.0131604
662 100 28.6757 29.5911 30.3326 30.4025 30.6258 29.9255 0.0476092 0.021907
634 100 28.6757 29.5911 30.3326 30.4025 30.6258 29.9255 0.048833 0.0204504
277 0 28.6757 30.3326 30.4025 30.6258 78.0159 39.6105 0.0169678 0.0127577
773 100 28.6757 30.3326 30.4025 30.6258 31.5116 30.3096 0.0511811 0.0232471
348 0 28.6757 30.3326 30.4025 30.6258 31.5115 30.3096 0.0160562 0.0118877
923 100 28.6757 29.4763 30.3326 30.4025 30.5958 29.8966 0.0424386 0.0147263
753 100 28.6757 29.4646 30.3326 30.4025 30.5941 29.8939 0.0245574 0.0115674
491 0 28.6757 29.4646 30.3326 30.4025 30.5941 29.8939 0.0249529 0.0208311
1209 100 28.6757 29.4646 30.3326 30.4025 30.5941 29.8939 0.0447229 0.0231077
724 0 28.6757 29.4646 30.3326 30.4025 30.5941 29.8939 0.0253634 0.0212318
836 0 28.6757 29.4646 30.3326 30.4025 30.5941 29.8939 0.0171011 0.010982
909 18 28.6757 29.4646 30.3326 30.4025 30.5941 29.8939 0.0285429 0.0209364
760 55 28.6757 29.4646 30.3326 30.4025 30.5941 29.8939 0.0217093 0.0110886
564 30 28.6757 29.4646 30.3326 30.4025 30.5941 29.8939 0.0264845 0.0181052
614 100 28.6757 29.4646 30.3326 30.4025 30.5941 29.8939 0.0381622 0.0218769
650 100 28.6757 29.4646 30.3326 30.4025 30.5941 29.8939 0.0494727 0.0210315
622 100 28.6757 29.4646 30.3326 30.4025 30.5941 29.8939 0.0281666 0.00793447
911 1 30.7376 30.9619 32.8799 36.4057 76.7315 41.5433 0.0183736 0.0135901
694 100 30.7376 30.9619 31.643 32.0109 32.4051 31.5517 0.0364862 0.00951557
687 100 30.7376 30.9619 31.5115 31.5985 32.0102 31.3639 0.042446 0.0201645
682 100 30.7376 30.9619 31.5115 31.599 32.0108 31.3642 0.0367779 0.0211495
560 100 30.7376 30.9619 31.5115 31.599 31.9201 31.346 0.042666 0.0206128
656 100 30.7376 30.9619 31.5115 31.5985 31.9178 31.3454 0.0236559 0.0109411
633 0 30.7376 30.9619 31.5115 31.599 31.9178 31.3456 0.0240327 0.0198674
888 100 30.7376 30.9619 31.5115 31.599 31.9178 31.3455 0.0630289 0.030056
626 100 30.7376 30.9619 31.1118 31.5115 31.5985 31.1843 0.0413689 0.0104962
805 100 30.7376 30.9619 31.1113 31.5115 31.599 31.1843 0.0496249 0.0221738
670 100 30.7376 30.9619 31.1113 31.5115 31.599 31.1843 0.0395712 0.0112152
681 0 30.7376 30.9619 31.1113 31.5115 31.5985 31.1841 0.0280162 0.0239065
1141 0 30.7376 30.9619 31.1113 31.5115 31.599 31.1843 0.0194016 0.0132775
1179 100 30.7376 30.9619 31.1113 31.5115 31.599 31.1843 0.0332372 0.0125499
719 84 30.7376 30.9619 31.1113 31.2501 31.3418 31.0805 0.0458627 0.021708
304 0 30.7376 30.9619 31.1113 31.2513 31.3383 31.0801 0.0274846 0.0232986
1046 100 30.7376 30.9619 31.1113 31.2513 31.3389 31.0802 0.0483833 0.0211455
790 0 30.7376 30.9619 31.1113 31.2513 31.3388 31.0802 0.0254035 0.0212546
627 15 30.7376 30.9619 31.1113 31.2513 31.3383 31.0801 0.0220501 0.0112191
695 23 30.7376 30.9619 31.1113 31.2513 31.3389 31.0802 0.0133005 0.00723903
718 34 30.08 30.7376 30.9619 31.1113 31.2513 30.8284 0.0218057 0.0109989
664 100 30.0797 30.7376 30.9619 31.1113 31.2513 30.8284 0.0344169 0.0193232
664 100 30.0797 30.7376 30.9619 31.1113 31.2513 30.8284 0.0455556 0.0175373
689 75 30.0797 30.7376 30.9619 31.1113 31.2513 30.8284 0.0299016 0.0143459
835 100 30.0797 30.7376 30.8984 30.9619 31.1113 30.7578 0.0516996 0.022327
640 24 30.0797 30.7315 30.7376 30.9619 31.1113 30.7244 0.0287462 0.02163
511 0 30.0797 30.7315 30.7376 30.9619 31.1113 30.7244 0.0275865 0.0234678
1299 100 30.0797 30.7315 30.7376 30.9619 31.1113 30.7244 0.0424097 0.0191656
638 0 30.0797 30.7315 30.7376 30.9619 31.1113 30.7244 0.0245906 0.0204749
305 8 30.0797 30.7315 30.7376 30.9619 31.1113 30.7244 0.0356343 0.0267571
593 0 30.0797 30.7315 30.7376 30.9619 31.1113 30.7244 0.0189609 0.0148532
978 100 30.0797 30.7315 30.7376 30.9619 31.1113 30.7244 0.0308369 0.0113771
821 100 30.0797 30.7315 30.7376 30.9619 31.1113 30.7244 0.0465941 0.0228251
612 100 30.0797 30.7315 30.7376 30.9619 31.1113 30.7244 0.0383451 0.0211157
708 24 30.0797 30.7315 30.7376 30.9619 31.1113 30.7244 0.0354553 0.0262247
657 0 30.0797 30.7315 30.7376 30.9619 31.1113 30.7244 0.0212538 0.017142
806 100 30.0797 30.7315 30.7376 30.9619 31.1113 30.7244 0.0537681 0.0307442
660 100 30.0797 30.7315 30.7376 30.9619 31.1113 30.7244 0.0462034 0.0177083
324 100 30.0797 30.7315 30.7376 30.9619 31.1113 30.7244 0.0676807 0.0273886
781 22 30.0797 30.7315 30.7376 30.9619 31.1113 30.7244 0.0319744 0.0246388
