304 50 28.4841 29.514 29.5945 30.038 30.6244 29.651 0.0239429 0.000249548
600 50 28.4608 29.491 29.5835 30.0361 30.3158 29.5774 0.0275125 0.00731327
600 50 28.4608 29.4909 29.5835 30.0361 30.2545 29.5651 0.0287145 0.0191272
533 50 28.4608 29.4909 29.5835 29.8999 30.0361 29.4942 0.0403204 0.0183902
600 50 28.4608 29.4909 29.5835 29.8996 30.0361 29.4942 0.0427073 0.0201813
600 50 28.4608 29.4909 29.5835 29.8996 30.0361 29.4942 0.0282881 0.0173566
600 50 28.4608 29.4909 29.5835 29.8996 30.0361 29.4942 0.021617 0.0106786
600 50 28.4608 29.4909 29.5835 29.8996 30.0361 29.4942 0.0360625 0.0177994
600 50 28.4608 29.4909 29.5835 29.8996 30.0361 29.4942 0.0380357 0.0228098
600 50 28.4608 29.4909 29.5835 29.8996 30.0361 29.4942 0.0340122 0.0170154
600 50 28.4608 29.4909 29.5835 29.8996 30.0361 29.4942 0.0321527 0.017584
600 50 28.4608 29.4909 29.5835 29.8996 29.9604 29.479 0.0211736 0.00924401
600 50 28.4608 29.4909 29.5835 29.8996 29.9731 29.4816 0.0267761 0.0113103
600 50 28.4608 29.4909 29.5835 29.8996 29.9731 29.4816 0.033315 0.0193817
600 12 28.4608 29.4909 29.5835 29.8996 29.9731 29.4816 0.0222674 0.016215
600 50 28.4608 29.4909 29.5835 29.8996 29.9731 29.4816 0.0278177 0.013044
600 50 28.4608 29.4909 29.5835 29.8996 29.9731 29.4816 0.0359863 0.0224959
600 50 28.4608 29.4909 29.5835 29.8996 29.9731 29.4816 0.0312485 0.0203047
600 50 28.4608 29.0817 29.4909 29.5835 29.8996 29.3033 0.0328319 0.0208963
600 50 28.3562 28.4608 29.4909 29.5835 29.8996 29.1582 0.039318 0.0212147
600 50 28.3562 28.4608 29.4909 29.5835 29.8996 29.1582 0.0318703 0.0200435
600 28 28.3562 28.4608 29.4909 29.5835 29.8996 29.1582 0.0289897 0.0219846
600 50 28.3562 28.4608 29.4909 29.5835 29.8996 29.1582 0.0380825 0.0225809
600 50 28.3562 28.4608 29.4909 29.5835 29.8996 29.1582 0.0421956 0.0232732
600 50 28.3562 28.4608 29.4909 29.5835 29.8996 29.1582 0.020464 0.0107151
600 50 28.3562 28.4608 29.4909 29.5835 29.8996 29.1582 0.0185618 0.0104384
600 50 28.3562 28.4608 29.4909 29.5835 29.8996 29.1582 0.0494997 0.0293641
600 50 28.3562 28.4608 29.4909 29.5835 29.8996 29.1582 0.0330672 0.0204777
600 50 28.2273 28.3562 28.4608 29.4909 29.5835 28.8237 0.0302383 0.02019
600 50 27.9589 28.3562 28.4608 29.4909 29.5835 28.77 0.0377187 0.0218523
600 50 27.9589 28.3562 28.4608 29.4909 29.5835 28.77 0.023543 0.0118561
600 50 27.9589 28.3562 28.4608 29.4909 29.5835 28.77 0.0331733 0.0190485
600 50 27.9589 28.3562 28.4608 29.4909 29.5835 28.77 0.0223369 0.0108573
600 50 27.9589 28.3562 28.4608 29.4909 29.5835 28.77 0.0364915 0.0235879
600 50 27.9589 28.3562 28.4608 29.4909 29.5835 28.77 0.0326802 0.0206176
600 50 27.9589 28.3562 28.4608 29.4909 29.5835 28.77 0.0217746 0.0120009
600 50 27.9589 28.3562 28.4608 29.4909 29.5835 28.77 0.0384983 0.0238776
600 50 27.9589 28.3562 28.4608 29.4909 29.5835 28.77 0.0332524 0.0219453
600 50 27.9589 28.3562 28.4608 29.4909 29.5835 28.77 0.0410372 0.011884
600 50 27.9589 28.3562 28.4608 29.4909 29.5835 28.77 0.0319501 0.0200737
600 50 27.9589 28.3562 28.4608 29.4909 29.5835 28.77 0.0362259 0.0213943
600 50 27.9589 28.3562 28.4608 29.4909 29.5835 28.77 0.0291845 0.0170551
600 50 27.9589 28.3562 28.4608 29.4909 29.5835 28.77 0.0420719 0.0278823
600 0 32.3696 73.2959 74.1721 74.9277 76.3421 66.2215 0.0159784 0.00677153
600 50 30.7313 30.7365 31.0136 31.0195 32.3674 31.1737 0.0181852 0.00889775
600 50 30.7315 30.7376 30.963 30.9691 32.3674 31.1537 0.0365937 0.0234874
600 0 30.7315 30.7376 30.963 30.9691 32.3674 31.1537 0.027764 0.0242698
600 50 30.7315 30.7376 30.963 30.9691 31.6494 31.0101 0.0243133 0.0116955
600 50 30.7315 30.7376 30.963 30.9691 31.6369 31.0076 0.0347816 0.0121521
600 42 30.7315 30.7376 30.963 30.9691 31.3541 30.9511 0.0185781 0.0083805
600 50 30.6258 30.7315 30.7376 30.963 30.9691 30.8054 0.0302984 0.0198312
600 50 30.6258 30.7315 30.7376 30.963 30.9691 30.8054 0.0326925 0.0208597
600 50 30.6258 30.7315 30.7376 30.963 30.9691 30.8054 0.0293069 0.0202613
600 50 30.6258 30.7315 30.7376 30.963 30.9691 30.8054 0.0236094 0.012172
600 50 30.6258 30.7315 30.7376 30.963 30.9691 30.8054 0.0255237 0.01007
600 0 30.6258 30.7315 30.7376 30.963 30.9691 30.8054 0.0159225 0.0129356
600 50 30.6258 30.7315 30.7376 30.963 30.9691 30.8054 0.0364377 0.0227721
600 0 30.6258 30.7315 30.7376 30.963 30.9691 30.8054 0.0230236 0.0196111
600 12 30.7315 30.7376 30.963 30.9691 32.4173 31.1637 0.0294533 0.0247827
600 50 30.7315 30.7376 30.963 30.9691 32.426 31.1655 0.032422 0.0212067
600 0 30.7315 30.7376 30.963 30.9691 32.426 31.1654 0.0267945 0.0231767
600 0 30.7315 30.7376 30.963 30.9691 32.4255 31.1653 0.0234681 0.0205733
600 50 30.7315 30.7376 30.963 30.9691 32.426 31.1655 0.0396084 0.0217415
600 50 30.7315 30.7376 30.963 30.9691 32.426 31.1654 0.0391288 0.0165485
600 50 30.7315 30.7376 30.963 30.9691 32.4255 31.1653 0.0376634 0.0230237
600 50 30.7315 30.7376 30.963 30.9691 32.426 31.1655 0.0359817 0.0217122
600 0 30.7315 30.7376 30.963 30.9691 32.426 31.1654 0.0261861 0.0232851
600 50 30.7315 30.7376 30.963 30.9691 32.4013 31.1605 0.0319178 0.0188387
600 50 30.7315 30.7376 30.963 30.9691 32.4021 31.1607 0.0303599 0.0203549
600 50 30.7315 30.7376 30.963 30.9691 31.1108 30.9024 0.0365774 0.0215018
600 50 30.7315 30.7376 30.963 30.9691 31.1115 30.9025 0.0213037 0.0115099
600 50 30.7315 30.7376 30.963 30.9691 31.1115 30.9025 0.0479543 0.0201262
600 50 30.7315 30.7376 30.963 30.9691 31.1115 30.9025 0.0352771 0.0122078
600 49 30.7315 30.7376 30.963 30.9691 31.1115 30.9025 0.0316793 0.0138364
600 0 30.7315 30.7376 30.963 30.9691 31.1115 30.9025 0.0227542 0.0198758
600 50 30.7315 30.7376 30.963 30.9691 31.1115 30.9025 0.0366277 0.0186717
600 50 30.7315 30.7376 30.963 30.9691 31.1115 30.9025 0.0317428 0.021481
600 50 30.7315 30.7376 30.963 30.9691 31.1115 30.9025 0.038284 0.0232038
600 0 30.7315 30.7376 30.963 30.9691 31.1115 30.9025 0.0150035 0.0119595
600 25 30.7315 30.7376 30.963 30.9691 31.1115 30.9025 0.0188259 0.010782
600 50 30.7315 30.7376 30.963 30.9691 31.1115 30.9025 0.0398526 0.0232526
600 48 30.7315 30.7376 30.963 30.9691 31.1115 30.9025 0.0325786 0.0222505
600 2 30.7315 30.7376 30.963 30.9691 31.1115 30.9025 0.0329781 0.024511
600 50 30.7315 30.7376 30.963 30.9691 31.1115 30.9025 0.031823 0.0186329
600 50 30.7315 30.7376 30.963 30.9691 31.1115 30.9025 0.0351423 0.0232233
600 50 30.7315 30.7376 30.963 30.9691 31.1115 30.9025 0.0349109 0.0220126
600 50 30.7315 30.7376 30.963 30.9691 31.1115 30.9025 0.0343438 0.0210354
600 12 30.7315 30.7376 30.963 30.9691 31.1115 30.9025 0.0272476 0.0216354
600 50 30.7315 30.7376 30.963 30.9691 31.1115 30.9025 0.0206832 0.011655
600 50 30.7315 30.7376 30.963 30.9691 31.1115 30.9025 0.0237427 0.0113789
600 50 30.7315 30.7376 30.963 30.9691 31.1115 30.9025 0.035383 0.0254782
600 50 30.7315 30.7376 30.963 30.9691 31.1115 30.9025 0.036094 0.0199485
600 0 30.7315 30.7376 30.963 30.9691 31.1115 30.9025 0.0271157 0.0237132
600 50 30.7315 30.7376 30.963 30.9691 31.1115 30.9025 0.0331831 0.0190185
600 50 30.7315 30.7376 30.963 30.9691 31.1115 30.9025 0.0216894 0.0118234
600 50 30.7315 30.7376 30.963 30.9691 31.1115 30.9025 0.0387844 0.0168244
600 50 30.7315 30.7376 30.963 30.9691 31.1115 30.9025 0.032343 0.0233107
600 0 30.7315 30.7376 30.963 30.9691 31.1115 30.9025 0.0178244 0.0136161
