62 1 18.4272 0 0 0 0 18.4272 0.00546184 0.00019726
42 1 18.4272 0 0 0 0 18.4272 0.00790161 0.00207409
54 1 18.4272 0 0 0 0 18.4272 0.00837572 0.00248281
50 1 18.4272 0 0 0 0 18.4272 0.00753322 0.00199452
50 1 18.4272 0 0 0 0 18.4272 0.0078254 0.00198276
51 1 18.4272 0 0 0 0 18.4272 0.00756324 0.00200546
132 1 18.4272 0 0 0 0 18.4272 0.00580576 0.00104614
119 1 18.4272 0 0 0 0 18.4272 0.00547911 0.000763074
76 1 18.4272 0 0 0 0 18.4272 0.00678394 0.00193682
45 1 18.4272 0 0 0 0 18.4272 0.00776146 0.00198834
163 1 18.4272 0 0 0 0 18.4272 0.00755677 0.00196849
57 1 18.4272 0 0 0 0 18.4272 0.00746252 0.0017598
52 1 18.4272 0 0 0 0 18.4272 0.0075894 0.00189166
40 1 18.4272 0 0 0 0 18.4272 0.0075329 0.00192003
42 1 18.4272 0 0 0 0 18.4272 0.00744345 0.00187642
45 1 18.4272 0 0 0 0 18.4272 0.00747145 0.00190016
52 1 18.4272 0 0 0 0 18.4272 0.00761823 0.0020285
48 1 18.4272 0 0 0 0 18.4272 0.00774611 0.0019682
43 1 18.4272 0 0 0 0 18.4272 0.00759216 0.00194108
49 1 18.4272 0 0 0 0 18.4272 0.00734227 0.00153296
51 1 18.4272 0 0 0 0 18.4272 0.00742273 0.0019633
39 1 18.4272 0 0 0 0 18.4272 0.00774941 0.00196545
49 1 18.4272 0 0 0 0 18.4272 0.00782766 0.00195607
43 1 18.4272 0 0 0 0 18.4272 0.0075096 0.00189624
50 1 18.4272 0 0 0 0 18.4272 0.00730004 0.00198679
57 1 18.4272 0 0 0 0 18.4272 0.00745047 0.00190166
51 1 18.4272 0 0 0 0 18.4272 0.00761091 0.00196285
162 1 18.4272 0 0 0 0 18.4272 0.00526398 0.000533392
50 1 18.4272 0 0 0 0 18.4272 0.00749498 0.00204308
44 1 18.4272 0 0 0 0 18.4272 0.0076986 0.0019664
49 1 18.4272 0 0 0 0 18.4272 0.00798562 0.0019802
36 1 18.4272 0 0 0 0 18.4272 0.00785997 0.00195772
46 1 18.4272 0 0 0 0 18.4272 0.00740341 0.00196517
51 1 18.4272 0 0 0 0 18.4272 0.00758999 0.00197721
52 1 18.4272 0 0 0 0 18.4272 0.00753443 0.00194779
118 1 18.4272 0 0 0 0 18.4272 0.00591742 0.000996035
51 1 18.4272 0 0 0 0 18.4272 0.00754415 0.00197579
41 1 18.4272 0 0 0 0 18.4272 0.00677924 0.00189889
138 1 18.4272 0 0 0 0 18.4272 0.00562292 0.000905977
255 1 18.4272 0 0 0 0 18.4272 0.00489428 0.000467103
50 1 18.4272 0 0 0 0 18.4272 0.00762488 0.00207559
44 1 18.4272 0 0 0 0 18.4272 0.00764294 0.00196471
48 1 18.4272 0 0 0 0 18.4272 0.00756028 0.00196067
219 1 18.4272 0 0 0 0 18.4272 0.0049866 0.000427681
51 1 18.4272 0 0 0 0 18.4272 0.00768731 0.0019861
55 1 18.4272 0 0 0 0 18.4272 0.00774632 0.00195528
47 1 18.4272 0 0 0 0 18.4272 0.00749863 0.00195779
49 1 18.4272 0 0 0 0 18.4272 0.00758572 0.00195685
51 1 18.4272 0 0 0 0 18.4272 0.00750973 0.00196445
53 1 18.4272 0 0 0 0 18.4272 0.00722913 0.00187479
50 1 18.4272 0 0 0 0 18.4272 0.00783015 0.00224599
82 1 18.4272 0 0 0 0 18.4272 0.00578685 0.000808428
60 1 18.4272 0 0 0 0 18.4272 0.00750079 0.00195495
49 1 18.4272 0 0 0 0 18.4272 0.00737949 0.00195655
206 1 18.4272 0 0 0 0 18.4272 0.00523779 0.000541834
47 1 18.4272 0 0 0 0 18.4272 0.00701386 0.00189603
58 1 18.4272 0 0 0 0 18.4272 0.00748834 0.00197498
53 1 18.4272 0 0 0 0 18.4272 0.00755162 0.00196913
50 1 18.4272 0 0 0 0 18.4272 0.00642189 0.000898767
45 1 18.4272 0 0 0 0 18.4272 0.00718979 0.00163863
51 1 18.4272 0 0 0 0 18.4272 0.007496 0.00195431
50 1 18.4272 0 0 0 0 18.4272 0.00760749 0.00205252
177 1 18.4272 0 0 0 0 18.4272 0.005787 0.00101193
51 1 18.4272 0 0 0 0 18.4272 0.00762452 0.00209555
47 1 18.4272 0 0 0 0 18.4272 0.00725347 0.00200243
61 1 18.4272 0 0 0 0 18.4272 0.00656017 0.00196754
54 1 18.4272 0 0 0 0 18.4272 0.00741448 0.00197313
62 1 18.4272 0 0 0 0 18.4272 0.00751004 0.00188417
55 1 18.4272 0 0 0 0 18.4272 0.00779851 0.00196606
46 1 18.4272 0 0 0 0 18.4272 0.00766244 0.00208024
54 1 18.4272 0 0 0 0 18.4272 0.00737919 0.00197296
58 1 18.4272 0 0 0 0 18.4272 0.00750602 0.00189637
47 1 18.4272 0 0 0 0 18.4272 0.00755083 0.00197409
52 1 18.4272 0 0 0 0 18.4272 0.00747827 0.001958
45 1 18.4272 0 0 0 0 18.4272 0.00766769 0.00195463
56 1 18.4272 0 0 0 0 18.4272 0.00758981 0.00199267
49 1 18.4272 0 0 0 0 18.4272 0.007716 0.00204356
112 1 18.4272 0 0 0 0 18.4272 0.00677818 0.00202207
53 1 18.4272 0 0 0 0 18.4272 0.00747373 0.00198836
41 1 18.4272 0 0 0 0 18.4272 0.00676233 0.00198424
51 1 18.4272 0 0 0 0 18.4272 0.0074014 0.00188304
77 1 18.4272 0 0 0 0 18.4272 0.00704532 0.00195869
47 1 18.4272 0 0 0 0 18.4272 0.00727971 0.00190326
49 1 18.4272 0 0 0 0 18.4272 0.00676057 0.0018874
41 1 18.4272 0 0 0 0 18.4272 0.00748794 0.00196626
48 1 18.4272 0 0 0 0 18.4272 0.00725233 0.00195202
46 1 18.4272 0 0 0 0 18.4272 0.00758821 0.0019635
56 1 18.4272 0 0 0 0 18.4272 0.0074903 0.00196563
49 1 18.4272 0 0 0 0 18.4272 0.00747838 0.00201271
213 1 18.4272 0 0 0 0 18.4272 0.00642308 0.00172844
126 1 18.4272 0 0 0 0 18.4272 0.00650677 0.00190442
49 1 18.4272 0 0 0 0 18.4272 0.00752717 0.00197355
46 1 18.4272 0 0 0 0 18.4272 0.00744444 0.00198101
45 1 18.4272 0 0 0 0 18.4272 0.00785852 0.00218491
46 1 18.4272 0 0 0 0 18.4272 0.00792078 0.00216502
44 1 18.4272 0 0 0 0 18.4272 0.0073604 0.00197709
58 1 18.4272 0 0 0 0 18.4272 0.00771597 0.00196628
157 1 18.4272 0 0 0 0 18.4272 0.00556968 0.000891828
40 1 18.4272 0 0 0 0 18.4272 0.00801635 0.00196714
44 1 18.4272 0 0 0 0 18.4272 0.00750126 0.00197707
45 1 18.4272 0 0 0 0 18.4272 0.00755427 0.00190645
48 1 18.4272 0 0 0 0 18.4272 0.00746539 0.00196736
45 1 18.4272 0 0 0 0 18.4272 0.00798486 0.00202395
57 1 18.4272 0 0 0 0 18.4272 0.00752485 0.00197265
54 1 18.4272 0 0 0 0 18.4272 0.0078503 0.00196825
45 1 18.4272 0 0 0 0 18.4272 0.00748055 0.00194566
44 1 18.4272 0 0 0 0 18.4272 0.0073859 0.00189489
42 1 18.4272 0 0 0 0 18.4272 0.00749785 0.00190486
82 1 18.4272 0 0 0 0 18.4272 0.00595986 0.000754034
50 1 18.4272 0 0 0 0 18.4272 0.00736366 0.00189676
44 1 18.4272 0 0 0 0 18.4272 0.00759009 0.00197369
54 1 18.4272 0 0 0 0 18.4272 0.00765422 0.00196674
49 1 18.4272 0 0 0 0 18.4272 0.00766704 0.0019047
51 1 18.4272 0 0 0 0 18.4272 0.00751172 0.00196642
88 1 18.4272 0 0 0 0 18.4272 0.00656247 0.00196611
60 1 18.4272 0 0 0 0 18.4272 0.00737299 0.00198483
120 1 18.4272 0 0 0 0 18.4272 0.00618938 0.000929988
46 1 18.4272 0 0 0 0 18.4272 0.00769978 0.00197049
52 1 18.4272 0 0 0 0 18.4272 0.00779464 0.00197352
50 1 18.4272 0 0 0 0 18.4272 0.00770487 0.0021948
41 1 18.4272 0 0 0 0 18.4272 0.00768501 0.00201531
47 1 18.4272 0 0 0 0 18.4272 0.00729409 0.00194911
44 1 18.4272 0 0 0 0 18.4272 0.00755435 0.00194387
98 1 18.4272 0 0 0 0 18.4272 0.00664717 0.00195314
138 1 18.4272 0 0 0 0 18.4272 0.00540119 0.000607829
50 1 18.4272 0 0 0 0 18.4272 0.00759988 0.00196264
42 1 18.4272 0 0 0 0 18.4272 0.00763926 0.00201032
48 1 18.4272 0 0 0 0 18.4272 0.0074829 0.0018937
49 1 18.4272 0 0 0 0 18.4272 0.00754174 0.00195753
53 1 18.4272 0 0 0 0 18.4272 0.00761043 0.00195526
55 1 18.4272 0 0 0 0 18.4272 0.00793709 0.00206281
56 1 18.4272 0 0 0 0 18.4272 0.00746057 0.00195692
82 1 18.4272 0 0 0 0 18.4272 0.00678479 0.00190343
49 1 18.4272 0 0 0 0 18.4272 0.00727024 0.00187635
46 1 18.4272 0 0 0 0 18.4272 0.0072511 0.00188747
45 1 18.4272 0 0 0 0 18.4272 0.00744553 0.00189777
52 1 18.4272 0 0 0 0 18.4272 0.00756868 0.00194457
91 1 18.4272 0 0 0 0 18.4272 0.00668925 0.00195434
53 1 18.4272 0 0 0 0 18.4272 0.00762727 0.00195821
40 1 18.4272 0 0 0 0 18.4272 0.00755447 0.00196351
47 1 18.4272 0 0 0 0 18.4272 0.00778885 0.002196
51 1 18.4272 0 0 0 0 18.4272 0.0074928 0.00195835
56 1 18.4272 0 0 0 0 18.4272 0.00753352 0.00189849
59 1 18.4272 0 0 0 0 18.4272 0.00737215 0.00196287
47 1 18.4272 0 0 0 0 18.4272 0.00757614 0.00196026
46 1 18.4272 0 0 0 0 18.4272 0.0073959 0.00190061
190 1 18.4272 0 0 0 0 18.4272 0.00660155 0.00151943
173 1 18.4272 0 0 0 0 18.4272 0.00562198 0.000879347
144 1 18.4272 0 0 0 0 18.4272 0.00601617 0.00112837
185 1 18.4272 0 0 0 0 18.4272 0.00566397 0.00088463
73 1 18.4272 0 0 0 0 18.4272 0.00649852 0.00197769
36 1 18.4272 0 0 0 0 18.4272 0.006579 0.00108189
55 1 18.4272 0 0 0 0 18.4272 0.00661488 0.00189512
45 1 18.4272 0 0 0 0 18.4272 0.007714 0.00197954
55 1 18.4272 0 0 0 0 18.4272 0.00758963 0.00197234
52 1 18.4272 0 0 0 0 18.4272 0.00752835 0.0019685
45 1 18.4272 0 0 0 0 18.4272 0.00808802 0.00216495
41 1 18.4272 0 0 0 0 18.4272 0.00839884 0.002407
