22 1 18.4272 0 0 0 0 18.4272 0.0053459 0.000312668
16 1 18.4272 0 0 0 0 18.4272 0.00740448 0.00177741
10 1 18.4272 0 0 0 0 18.4272 0.00666765 0.000996677
50 1 18.4272 0 0 0 0 18.4272 0.00540958 0.000706003
46 1 18.4272 0 0 0 0 18.4272 0.00536552 0.000789672
36 1 18.4272 0 0 0 0 18.4272 0.0058212 0.000969289
52 1 18.4272 0 0 0 0 18.4272 0.00562352 0.000899007
15 1 18.4272 0 0 0 0 18.4272 0.00636943 0.000932557
57 1 18.4272 0 0 0 0 18.4272 0.0051036 0.000515564
32 1 18.4272 0 0 0 0 18.4272 0.00655361 0.00195078
11 1 18.4272 0 0 0 0 18.4272 0.00782607 0.00218741
11 1 18.4272 0 0 0 0 18.4272 0.00776047 0.00197554
9 1 18.4272 0 0 0 0 18.4272 0.00786614 0.00196137
10 1 18.4272 0 0 0 0 18.4272 0.00833914 0.00233284
40 1 18.4272 0 0 0 0 18.4272 0.00539427 0.000884133
11 1 18.4272 0 0 0 0 18.4272 0.00754213 0.00196731
47 1 18.4272 0 0 0 0 18.4272 0.00548682 0.000785502
16 1 18.4272 0 0 0 0 18.4272 0.00600334 0.000907939
14 1 18.4272 0 0 0 0 18.4272 0.00716662 0.00195991
41 1 18.4272 0 0 0 0 18.4272 0.00553926 0.000929372
23 1 18.4272 0 0 0 0 18.4272 0.00550755 0.0006228
44 1 18.4272 0 0 0 0 18.4272 0.00563398 0.000910944
50 1 18.4272 0 0 0 0 18.4272 0.00528347 0.000618964
54 1 18.4272 0 0 0 0 18.4272 0.00537197 0.000764541
53 1 18.4272 0 0 0 0 18.4272 0.0051904 0.000604287
43 1 18.4272 0 0 0 0 18.4272 0.00544569 0.000684925
13 1 18.4272 0 0 0 0 18.4272 0.00732299 0.00189374
12 1 18.4272 0 0 0 0 18.4272 0.00775465 0.00200896
12 1 18.4272 0 0 0 0 18.4272 0.0073891 0.00196455
11 1 18.4272 0 0 0 0 18.4272 0.00770673 0.00205138
56 1 18.4272 0 0 0 0 18.4272 0.00524755 0.000513482
12 1 18.4272 0 0 0 0 18.4272 0.00794918 0.00202462
21 1 18.4272 0 0 0 0 18.4272 0.00655744 0.00198891
16 1 18.4272 0 0 0 0 18.4272 0.00686877 0.00162013
11 1 18.4272 0 0 0 0 18.4272 0.00760126 0.00196002
12 1 18.4272 0 0 0 0 18.4272 0.00776695 0.00199033
12 1 18.4272 0 0 0 0 18.4272 0.00778394 0.00196483
36 1 18.4272 0 0 0 0 18.4272 0.0065424 0.00194753
8 1 18.4272 0 0 0 0 18.4272 0.00760332 0.00195459
9 1 18.4272 0 0 0 0 18.4272 0.00740615 0.00196345
13 1 18.4272 0 0 0 0 18.4272 0.00777836 0.00196021
11 1 18.4272 0 0 0 0 18.4272 0.00789816 0.00196395
11 1 18.4272 0 0 0 0 18.4272 0.00796042 0.00205347
9 1 18.4272 0 0 0 0 18.4272 0.00723137 0.00201355
23 1 18.4272 0 0 0 0 18.4272 0.00573729 0.000735165
13 1 18.4272 0 0 0 0 18.4272 0.00802744 0.00195945
11 1 18.4272 0 0 0 0 18.4272 0.0076075 0.00196251
12 1 18.4272 0 0 0 0 18.4272 0.00752094 0.00196161
11 1 18.4272 0 0 0 0 18.4272 0.00787225 0.00195286
9 1 18.4272 0 0 0 0 18.4272 0.0080318 0.00220852
13 1 18.4272 0 0 0 0 18.4272 0.00726094 0.0019633
14 1 18.4272 0 0 0 0 18.4272 0.00770129 0.00195961
14 1 18.4272 0 0 0 0 18.4272 0.00719507 0.00196191
15 1 18.4272 0 0 0 0 18.4272 0.00659685 0.00196102
9 1 18.4272 0 0 0 0 18.4272 0.00752657 0.00195885
11 1 18.4272 0 0 0 0 18.4272 0.00722022 0.00156528
10 1 18.4272 0 0 0 0 18.4272 0.00762597 0.00195144
12 1 18.4272 0 0 0 0 18.4272 0.00776701 0.00198489
12 1 18.4272 0 0 0 0 18.4272 0.0074782 0.00195655
29 1 18.4272 0 0 0 0 18.4272 0.00667662 0.00191015
13 1 18.4272 0 0 0 0 18.4272 0.00771812 0.00198577
12 1 18.4272 0 0 0 0 18.4272 0.00774868 0.00195601
12 1 18.4272 0 0 0 0 18.4272 0.00748436 0.00196071
21 1 18.4272 0 0 0 0 18.4272 0.00584253 0.00092152
10 1 18.4272 0 0 0 0 18.4272 0.00770101 0.0019641
11 1 18.4272 0 0 0 0 18.4272 0.00775373 0.00207131
8 1 18.4272 0 0 0 0 18.4272 0.00774417 0.00200276
10 1 18.4272 0 0 0 0 18.4272 0.00749398 0.00195253
10 1 18.4272 0 0 0 0 18.4272 0.00852614 0.0024364
11 1 18.4272 0 0 0 0 18.4272 0.00792323 0.0019736
12 1 18.4272 0 0 0 0 18.4272 0.00750621 0.00188635
35 1 18.4272 0 0 0 0 18.4272 0.00693224 0.00231865
12 1 18.4272 0 0 0 0 18.4272 0.00755482 0.00170662
12 1 18.4272 0 0 0 0 18.4272 0.00772383 0.00197015
12 1 18.4272 0 0 0 0 18.4272 0.00790104 0.00198844
12 1 18.4272 0 0 0 0 18.4272 0.0076065 0.00190597
12 1 18.4272 0 0 0 0 18.4272 0.0065249 0.000720696
10 1 18.4272 0 0 0 0 18.4272 0.00772717 0.00197706
11 1 18.4272 0 0 0 0 18.4272 0.00789838 0.00204432
9 1 18.4272 0 0 0 0 18.4272 0.00784728 0.00195942
10 1 18.4272 0 0 0 0 18.4272 0.00840054 0.00217234
13 1 18.4272 0 0 0 0 18.4272 0.00741139 0.0020084
22 1 18.4272 0 0 0 0 18.4272 0.00593897 0.000934196
11 1 18.4272 0 0 0 0 18.4272 0.00810765 0.00211971
11 1 18.4272 0 0 0 0 18.4272 0.00773548 0.00188911
11 1 18.4272 0 0 0 0 18.4272 0.00768272 0.0020294
12 1 18.4272 0 0 0 0 18.4272 0.00742469 0.00189804
9 1 18.4272 0 0 0 0 18.4272 0.00750942 0.00195528
12 1 18.4272 0 0 0 0 18.4272 0.00830071 0.00196513
9 1 18.4272 0 0 0 0 18.4272 0.00790881 0.00202217
28 1 18.4272 0 0 0 0 18.4272 0.00665043 0.00159185
9 1 18.4272 0 0 0 0 18.4272 0.00760548 0.00195438
9 1 18.4272 0 0 0 0 18.4272 0.00787077 0.00196604
12 1 18.4272 0 0 0 0 18.4272 0.00746201 0.00197674
9 1 18.4272 0 0 0 0 18.4272 0.00772648 0.00196243
10 1 18.4272 0 0 0 0 18.4272 0.00741546 0.0018946
10 1 18.4272 0 0 0 0 18.4272 0.00790946 0.00196137
11 1 18.4272 0 0 0 0 18.4272 0.00817881 0.00228199
13 1 18.4272 0 0 0 0 18.4272 0.0075916 0.00189805
12 1 18.4272 0 0 0 0 18.4272 0.00784592 0.00195754
9 1 18.4272 0 0 0 0 18.4272 0.0075139 0.0019585
10 1 18.4272 0 0 0 0 18.4272 0.00740636 0.00175608
12 1 18.4272 0 0 0 0 18.4272 0.00784131 0.0018993
11 1 18.4272 0 0 0 0 18.4272 0.00773769 0.00196742
11 1 18.4272 0 0 0 0 18.4272 0.00785392 0.00195323
10 1 18.4272 0 0 0 0 18.4272 0.00754688 0.00197512
12 1 18.4272 0 0 0 0 18.4272 0.00757513 0.00189705
12 1 18.4272 0 0 0 0 18.4272 0.00761283 0.00196914
12 1 18.4272 0 0 0 0 18.4272 0.00790706 0.00196322
14 1 18.4272 0 0 0 0 18.4272 0.00753785 0.00198148
12 1 18.4272 0 0 0 0 18.4272 0.0066852 0.00195908
11 1 18.4272 0 0 0 0 18.4272 0.00753924 0.00195639
10 1 18.4272 0 0 0 0 18.4272 0.00784901 0.00196414
13 1 18.4272 0 0 0 0 18.4272 0.00798412 0.00203747
10 1 18.4272 0 0 0 0 18.4272 0.00775364 0.001951
11 1 18.4272 0 0 0 0 18.4272 0.00779228 0.00187651
7 1 18.4272 0 0 0 0 18.4272 0.00816398 0.00193814
12 1 18.4272 0 0 0 0 18.4272 0.00784718 0.0020114
10 1 18.4272 0 0 0 0 18.4272 0.00761443 0.00196499
11 1 18.4272 0 0 0 0 18.4272 0.00779978 0.00191149
12 1 18.4272 0 0 0 0 18.4272 0.00768891 0.0020049
10 1 18.4272 0 0 0 0 18.4272 0.00781543 0.00208931
10 1 18.4272 0 0 0 0 18.4272 0.00809055 0.00196952
13 1 18.4272 0 0 0 0 18.4272 0.00784229 0.0019854
13 1 18.4272 0 0 0 0 18.4272 0.00786738 0.00199574
12 1 18.4272 0 0 0 0 18.4272 0.00780568 0.00195909
11 1 18.4272 0 0 0 0 18.4272 0.00763172 0.00206653
12 1 18.4272 0 0 0 0 18.4272 0.00785497 0.00196675
29 1 18.4272 0 0 0 0 18.4272 0.00551054 0.000651577
11 1 18.4272 0 0 0 0 18.4272 0.00760563 0.00189427
18 1 18.4272 0 0 0 0 18.4272 0.00662629 0.0019502
11 1 18.4272 0 0 0 0 18.4272 0.00765722 0.00195072
12 1 18.4272 0 0 0 0 18.4272 0.00752817 0.00195559
12 1 18.4272 0 0 0 0 18.4272 0.00729183 0.00190295
13 1 18.4272 0 0 0 0 18.4272 0.00781228 0.00222329
12 1 18.4272 0 0 0 0 18.4272 0.0078911 0.00196781
31 1 18.4272 0 0 0 0 18.4272 0.00706531 0.0019643
9 1 18.4272 0 0 0 0 18.4272 0.00765749 0.00208653
12 1 18.4272 0 0 0 0 18.4272 0.00750593 0.00195481
13 1 18.4272 0 0 0 0 18.4272 0.00801102 0.00195828
11 1 18.4272 0 0 0 0 18.4272 0.0076142 0.00195234
14 1 18.4272 0 0 0 0 18.4272 0.00793682 0.0019795
12 1 18.4272 0 0 0 0 18.4272 0.00783509 0.0019872
11 1 18.4272 0 0 0 0 18.4272 0.00781263 0.00195619
10 1 18.4272 0 0 0 0 18.4272 0.00771918 0.0019666
9 1 18.4272 0 0 0 0 18.4272 0.00786576 0.00202829
56 1 18.4272 0 0 0 0 18.4272 0.00505351 0.000467983
53 1 18.4272 0 0 0 0 18.4272 0.00509881 0.000501656
50 1 18.4272 0 0 0 0 18.4272 0.00519499 0.000570853
51 1 18.4272 0 0 0 0 18.4272 0.00523418 0.000700006
12 1 18.4272 0 0 0 0 18.4272 0.0076857 0.00198039
11 1 18.4272 0 0 0 0 18.4272 0.00802055 0.00197257
10 1 18.4272 0 0 0 0 18.4272 0.00761905 0.00190631
10 1 18.4272 0 0 0 0 18.4272 0.00803417 0.00199438
11 1 18.4272 0 0 0 0 18.4272 0.00771788 0.00200807
12 1 18.4272 0 0 0 0 18.4272 0.00784398 0.00200777
9 1 18.4272 0 0 0 0 18.4272 0.00751904 0.0019727
11 1 18.4272 0 0 0 0 18.4272 0.00746437 0.00196487
