114 0 0 0 0 0 0 -1 0.0048259 0.000366551
205 1 54.2299 0 0 0 0 54.2299 0.00528282 0.000146355
191 0 54.2432 0 0 0 0 54.2432 0.0066558 0.00232893
119 0 54.2345 0 0 0 0 54.2345 0.00677452 0.0024327
128 0 54.2432 0 0 0 0 54.2432 0.00871812 0.00423098
81 0 54.2345 0 0 0 0 54.2345 0.00861319 0.00426765
58 0 54.2432 0 0 0 0 54.2432 0.0085919 0.00392031
117 0 54.2345 0 0 0 0 54.2345 0.00881257 0.00420855
85 0 54.2432 0 0 0 0 54.2432 0.00855616 0.0040768
205 2 50.2514 51.1271 54.2345 0 0 51.871 0.010831 0.0039876
369 30 30.1627 30.6508 31.0632 31.2287 31.6262 30.9463 0.0219904 0.01101
106 0 29.8996 30.6733 31.0698 31.2359 31.6332 30.9024 0.0143445 0.00990408
266 22 29.8996 30.3997 30.6733 31.0698 31.2359 30.6557 0.018097 0.00887978
125 0 29.8996 30.4025 30.6733 31.0698 31.2359 30.6562 0.0176866 0.0133519
133 0 29.8996 30.4025 30.6733 31.0698 31.2359 30.6562 0.0111644 0.00687223
131 0 29.8996 30.4025 30.6733 31.0698 31.2359 30.6562 0.010379 0.00611467
226 27 29.4856 29.8996 30.4025 30.6733 31.0698 30.3062 0.0189076 0.00590081
247 0 29.4909 29.8996 30.4025 30.6733 31.0698 30.3072 0.0162247 0.0119627
419 0 29.4909 29.8996 30.4025 30.6733 31.0698 30.3072 0.0150105 0.0107079
217 4 29.4909 29.8996 30.4025 30.6733 31.0698 30.3072 0.0241457 0.0182093
121 0 29.4909 29.8996 30.4025 30.6733 31.0698 30.3072 0.0234042 0.0189812
176 0 29.4909 29.8996 30.4025 30.6733 31.0698 30.3072 0.0154808 0.0111167
69 0 29.4909 29.8996 30.4025 30.6733 31.0698 30.3072 0.0222924 0.0179814
263 0 29.4909 29.8996 30.4025 30.6733 31.0698 30.3072 0.0127842 0.00852959
189 18 29.4909 29.8996 30.4025 30.6733 31.0698 30.3072 0.0213077 0.00988364
170 0 29.4909 29.8996 30.4025 30.6733 31.0698 30.3072 0.0180544 0.0137587
301 10 29.4909 29.8996 30.4025 30.6733 31.0698 30.3072 0.0248513 0.0179408
103 0 29.4909 29.8996 30.4025 30.6733 31.0698 30.3072 0.0146925 0.010333
175 0 29.4909 29.8996 30.4025 30.6733 31.0698 30.3072 0.012132 0.00784924
320 132 29.4909 29.6707 29.8996 30.4025 30.4481 29.9824 0.0886545 0.0210339
176 0 29.2589 29.4909 29.8996 30.0409 30.4025 29.8186 0.0266259 0.0222616
193 0 29.2589 29.4909 29.8996 30.0409 30.4025 29.8186 0.016926 0.0126146
110 0 29.2589 29.4909 29.8996 30.0409 30.4025 29.8186 0.0264979 0.0221455
283 0 29.2589 29.4909 29.8996 30.0409 30.4025 29.8186 0.0169181 0.0126288
275 0 29.2589 29.4909 29.8996 30.0409 30.4025 29.8186 0.0267331 0.0224478
185 0 29.2589 29.4909 29.8996 30.0409 30.4025 29.8186 0.0155083 0.0112359
343 0 29.2589 29.4909 29.8996 30.0409 30.4025 29.8186 0.0238421 0.0195979
254 0 29.2589 29.4909 29.8996 30.0409 30.4025 29.8186 0.0163314 0.0120483
269 8 29.2589 29.4909 29.8996 30.0409 30.4025 29.8186 0.0175455 0.0111188
191 1 29.2589 29.4909 29.8996 30.0409 30.4025 29.8186 0.01485 0.00971291
261 0 29.2589 29.4909 29.8996 30.0409 30.4025 29.8186 0.0153093 0.011013
362 14 29.2589 29.4909 29.8996 30.0409 30.4025 29.8186 0.0200188 0.0136424
260 0 29.2589 29.4909 29.8996 30.0409 30.4025 29.8186 0.0145509 0.0102812
485 0 29.2589 29.4909 29.8996 30.0409 30.4025 29.8186 0.0201008 0.0158329
207 0 29.2589 29.4909 29.8996 30.0409 30.4025 29.8186 0.0122914 0.0080518
287 0 29.2589 29.4909 29.8996 30.0409 30.4025 29.8186 0.0228839 0.0186275
222 0 29.2589 29.4909 29.8996 30.0409 30.4025 29.8186 0.0149787 0.0106539
183 0 29.2589 29.4909 29.8996 30.0409 30.4025 29.8186 0.0145197 0.0102406
132 0 29.2589 29.4909 29.8996 30.0409 30.4025 29.8186 0.0327018 0.0283864
214 0 29.2589 29.4909 29.8996 30.0409 30.4025 29.8186 0.0239526 0.0196363
176 0 29.2589 29.4909 29.8996 30.0409 30.4025 29.8186 0.0250145 0.0206509
167 0 29.2589 29.4909 29.8996 30.0409 30.4025 29.8186 0.0199163 0.015666
285 0 29.2589 29.4909 29.8996 30.0409 30.4025 29.8186 0.0263111 0.0220231
368 0 29.2589 29.4909 29.8996 30.0409 30.4025 29.8186 0.022612 0.0183364
150 0 29.2589 29.4909 29.8996 30.0409 30.4025 29.8186 0.0146965 0.0103786
234 0 29.2589 29.4909 29.8996 30.0409 30.4025 29.8186 0.0192153 0.0149375
224 0 29.2589 29.4909 29.8996 30.0409 30.4025 29.8186 0.0291996 0.0248721
145 0 29.2589 29.4909 29.8996 30.0409 30.4025 29.8186 0.0186465 0.0143254
185 0 29.2589 29.4909 29.8996 30.0409 30.4025 29.8186 0.0326562 0.0283073
84 0 29.2589 29.4909 29.8996 30.0409 30.4025 29.8186 0.0186029 0.0142524
226 0 29.2589 29.4909 29.8996 30.0409 30.4025 29.8186 0.0251674 0.0209205
281 0 29.2589 29.4909 29.8996 30.0409 30.4025 29.8186 0.0231953 0.0189207
269 0 29.2589 29.4909 29.8996 30.0409 30.4025 29.8186 0.0148909 0.010562
376 120 29.2589 29.4909 29.8996 30.0409 30.4025 29.8186 0.121355 0.0145905
277 0 29.2589 29.4909 29.8996 30.0409 30.4025 29.8186 0.0201248 0.0158294
232 0 29.2589 29.4909 29.8996 30.0409 30.4025 29.8186 0.0258023 0.0214839
115 0 29.2589 29.4909 29.8996 30.0409 30.4025 29.8186 0.0215231 0.0172369
272 0 29.2589 29.4909 29.8996 30.0409 30.4025 29.8186 0.0158679 0.0116156
190 0 29.2589 29.4909 29.8996 30.0409 30.4025 29.8186 0.0275882 0.0233333
211 0 29.2589 29.4909 29.8996 30.0409 30.4025 29.8186 0.0279993 0.0236925
131 0 29.2589 29.4909 29.8996 30.0409 30.4025 29.8186 0.0256868 0.0212825
171 0 29.2589 29.4909 29.8996 30.0409 30.4025 29.8186 0.0151718 0.0108942
283 0 29.2589 29.4909 29.8996 30.0409 30.4025 29.8186 0.0142665 0.00995707
336 3 29.2589 29.4909 29.8996 30.0409 30.4025 29.8186 0.0275799 0.0226757
196 6 29.2589 29.4909 29.8996 30.0409 30.4025 29.8186 0.018018 0.0123358
187 0 29.2589 29.4909 29.8996 30.0409 30.4025 29.8186 0.0139751 0.00972769
138 0 29.2589 29.4909 29.8996 30.0409 30.4025 29.8186 0.0163384 0.0120552
332 0 29.2589 29.4909 29.8996 30.0409 30.4025 29.8186 0.0247914 0.020503
291 0 29.2589 29.4909 29.8996 30.0409 30.4025 29.8186 0.0223545 0.01803
261 0 29.2589 29.4909 29.8996 30.0409 30.4025 29.8186 0.0196793 0.0153633
336 0 29.2589 29.4909 29.8996 30.0409 30.4025 29.8186 0.025466 0.0211995
252 1 29.2589 29.4909 29.8996 30.0409 30.4025 29.8186 0.0294249 0.0247486
94 0 29.2589 29.4909 29.8996 30.0409 30.4025 29.8186 0.0172856 0.0130066
222 1 29.2589 29.4909 29.8996 30.0409 30.4025 29.8186 0.01511 0.0104466
230 0 29.2589 29.4909 29.8996 30.0409 30.4025 29.8186 0.0243353 0.0200094
115 0 29.2589 29.4909 29.8996 30.0409 30.4025 29.8186 0.0254343 0.0211349
283 0 29.2589 29.4909 29.8996 30.0409 30.4025 29.8186 0.0129224 0.00863982
329 45 29.2589 29.4909 29.8996 30.0409 30.4025 29.8186 0.0447493 0.0201601
224 8 29.2589 29.4909 29.8996 30.0409 30.4025 29.8186 0.0211939 0.0155225
334 0 29.2589 29.4909 29.8996 30.0409 30.4025 29.8186 0.0151941 0.0108895
322 8 28.4619 29.2589 29.4909 29.8996 30.0409 29.4305 0.019782 0.0138798
295 0 28.4608 29.2589 29.4909 29.8996 30.0409 29.4302 0.0150082 0.010755
327 0 28.4608 29.2589 29.4909 29.8996 30.0409 29.4302 0.0161107 0.0118616
178 0 28.4608 29.2589 29.4909 29.8996 30.0409 29.4302 0.0187604 0.0144732
217 0 28.4608 29.2589 29.4909 29.8996 30.0409 29.4302 0.0134861 0.00920577
127 0 28.4608 29.2589 29.4909 29.8996 30.0409 29.4302 0.0142254 0.00983012
153 0 28.4608 29.2589 29.4909 29.8996 30.0409 29.4302 0.0230991 0.0187856
271 6 28.4608 29.2589 29.4909 29.8996 30.0409 29.4302 0.0161272 0.0108396
258 8 28.4608 29.2589 29.4909 29.8015 29.8996 29.3823 0.0160398 0.0105016
181 1 28.4608 29.2589 29.4909 29.805 29.8996 29.3831 0.016261 0.0111665
235 12 28.4608 29.2589 29.4909 29.805 29.8996 29.3831 0.0274792 0.0180789
185 0 28.4608 29.2589 29.4909 29.805 29.8996 29.3831 0.025519 0.0211666
140 0 28.4608 29.2589 29.4909 29.805 29.8996 29.3831 0.0249579 0.0207085
207 0 28.4608 29.2589 29.4909 29.805 29.8996 29.3831 0.0203728 0.0161055
289 4 28.4608 29.2589 29.4909 29.805 29.8996 29.3831 0.0264386 0.0210891
205 0 28.4608 29.2589 29.4909 29.805 29.8996 29.3831 0.0159842 0.011699
178 12 28.4608 29.2589 29.4909 29.805 29.8996 29.3831 0.0210673 0.00983721
143 0 28.4608 29.2589 29.4909 29.805 29.8996 29.3831 0.0151315 0.0108457
231 0 28.4608 29.2589 29.4909 29.805 29.8996 29.3831 0.0236819 0.0194146
225 0 28.4608 29.2589 29.4909 29.805 29.8996 29.3831 0.0151018 0.0108361
228 1 28.4608 29.2589 29.4909 29.805 29.8996 29.3831 0.0233187 0.0181034
183 0 28.4608 29.2589 29.4909 29.805 29.8996 29.3831 0.0156224 0.0113404
211 4 28.4608 29.2589 29.4909 29.805 29.8996 29.3831 0.026653 0.0216548
197 0 28.4608 29.2589 29.4909 29.805 29.8996 29.3831 0.0156515 0.0113186
317 25 28.4608 29.2589 29.4909 29.805 29.8996 29.3831 0.0253609 0.0133074
323 0 28.4608 29.2589 29.4909 29.805 29.8996 29.3831 0.0271262 0.0227809
175 0 28.4608 29.2589 29.4909 29.805 29.8996 29.3831 0.0229484 0.0186518
160 0 28.4608 29.2589 29.4909 29.805 29.8996 29.3831 0.0161121 0.0118458
286 24 28.4608 29.2589 29.4909 29.805 29.8996 29.3831 0.0335968 0.0188561
123 3 28.4608 29.2589 29.4909 29.805 29.8058 29.3643 0.0158168 0.0106917
233 0 28.4608 29.2589 29.4909 29.805 29.8056 29.3642 0.0263918 0.0221461
251 0 28.4608 29.2589 29.4909 29.805 29.8056 29.3642 0.0255876 0.0212483
189 0 28.4608 29.2589 29.4909 29.805 29.8056 29.3642 0.0249364 0.0206951
290 0 28.4608 29.2589 29.4909 29.805 29.8056 29.3642 0.015469 0.0111869
232 4 28.4608 29.2589 29.4909 29.805 29.8056 29.3642 0.0237431 0.0183059
263 0 28.4608 29.2589 29.4909 29.805 29.8056 29.3642 0.026292 0.0219528
129 0 28.4608 29.2589 29.4909 29.805 29.8056 29.3642 0.019723 0.0153931
202 0 28.4608 29.2589 29.4909 29.805 29.8056 29.3642 0.0148869 0.0105019
142 0 28.4608 29.2589 29.4909 29.805 29.8056 29.3642 0.0192889 0.0149708
227 2 28.4608 29.2589 29.4909 29.805 29.8056 29.3642 0.0164337 0.011379
264 2 28.4608 29.2589 29.4909 29.805 29.8056 29.3642 0.0290281 0.0240856
284 0 28.4608 29.2589 29.4909 29.805 29.8056 29.3642 0.0319895 0.0277162
206 8 28.4608 29.2589 29.4909 29.805 29.8056 29.3642 0.0149865 0.00848232
207 3 28.4608 29.2589 29.4909 29.805 29.8056 29.3642 0.0319832 0.0269397
135 0 28.4608 29.2589 29.4909 29.805 29.8056 29.3642 0.0198826 0.0155489
287 12 28.4608 29.2589 29.4909 29.805 29.8056 29.3642 0.0170922 0.0105448
162 0 28.4608 29.2589 29.4909 29.805 29.8056 29.3642 0.0153347 0.0110684
248 0 28.4608 29.2589 29.4909 29.805 29.8056 29.3642 0.0292038 0.024901
150 0 28.4608 29.2589 29.4909 29.805 29.8056 29.3642 0.023301 0.0190059
274 0 28.4608 29.2589 29.4909 29.805 29.8056 29.3642 0.0265335 0.0222395
334 12 28.4608 29.2589 29.4909 29.532 29.805 29.3095 0.025208 0.0180601
340 0 28.4608 29.2589 29.4909 29.5419 29.805 29.3115 0.0157281 0.0114483
243 0 28.4608 29.2589 29.4909 29.5419 29.805 29.3115 0.0241907 0.0199196
301 60 28.4608 29.2589 29.4909 29.5419 29.805 29.3115 0.0409895 0.0119512
289 0 28.4608 29.2589 29.4909 29.5419 29.805 29.3115 0.0134778 0.00914266
135 0 28.4608 29.2589 29.4909 29.5419 29.805 29.3115 0.027929 0.0235694
148 0 28.4608 29.2589 29.4909 29.5419 29.805 29.3115 0.0179045 0.0134637
173 0 28.4608 29.2589 29.4909 29.5419 29.805 29.3115 0.028583 0.0241853
96 1 28.4608 29.2589 29.4909 29.5419 29.805 29.3115 0.0209025 0.0155563
166 0 28.4608 29.2589 29.4909 29.5419 29.805 29.3115 0.0151751 0.010743
166 0 28.4608 29.2589 29.4909 29.5419 29.805 29.3115 0.0216817 0.0173084
220 0 28.4608 29.2589 29.4909 29.5419 29.805 29.3115 0.0150823 0.0108053
354 0 28.4608 29.2589 29.4909 29.5419 29.805 29.3115 0.025134 0.0208648
300 0 28.4608 29.2589 29.4909 29.5419 29.805 29.3115 0.0275292 0.0232302
187 4 28.4608 29.2589 29.4909 29.5419 29.805 29.3115 0.0195799 0.0142662
187 0 28.4608 29.2589 29.4909 29.5419 29.805 29.3115 0.0238175 0.0195229
233 0 28.4608 29.2589 29.4909 29.5419 29.805 29.3115 0.0187906 0.0144693
218 0 28.4608 29.2589 29.4909 29.5419 29.805 29.3115 0.0171563 0.0128366
212 20 40.0691 40.2688 41.0224 41.2221 57.3859 43.9937 0.0115023 0.000176566
130 0 39.3511 39.5333 40.3839 40.5676 56.6836 43.3039 0.0101315 0.00580494
128 0 39.345 39.5321 40.3839 40.5676 56.6695 43.2996 0.0089213 0.00464871
240 0 39.345 39.5321 40.3839 40.5676 56.6695 43.2996 0.00846905 0.00416754
334 0 39.345 39.5321 40.3839 40.5676 56.6695 43.2996 0.0138712 0.00960376
76 0 39.345 39.5321 40.3839 40.5676 56.6695 43.2996 0.00829809 0.00379441
104 0 39.345 39.5321 40.3839 40.5676 56.6695 43.2996 0.011739 0.0072765
66 0 39.345 39.5321 40.3839 40.5676 56.6695 43.2996 0.0173792 0.0128898
168 0 39.345 39.5321 40.3839 40.5676 56.6695 43.2996 0.0091746 0.00482968
125 0 39.345 39.5321 40.3839 40.5676 56.6695 43.2996 0.0184199 0.0140586
106 0 39.345 39.5321 40.3839 40.5676 56.6695 43.2996 0.0180228 0.0136686
239 3 36.4134 39.345 39.5321 40.3839 40.5676 39.2484 0.0118196 0.00610384
154 0 36.4124 39.345 39.5321 40.3839 40.5676 39.2482 0.0214634 0.0170815
104 0 36.4119 39.345 39.5321 40.3839 40.5676 39.2481 0.0162982 0.0117648
95 0 36.4124 39.345 39.5321 40.3839 40.5676 39.2482 0.0130005 0.00856604
130 0 36.4124 39.345 39.5321 40.3839 40.5676 39.2482 0.0116303 0.00733296
258 80 29.7074 31.0454 31.5905 31.6923 33.0304 31.4132 0.0381784 0.004554
244 0 29.6137 30.9531 31.5162 31.5795 32.9189 31.3163 0.0212762 0.0168613
183 4 28.4608 29.6137 30.9531 31.5162 31.5796 30.4247 0.0250255 0.0199723
275 11 28.4608 29.6137 30.1253 30.9531 31.5162 30.1338 0.0250497 0.0185594
149 0 28.4608 29.6137 30.1329 30.9531 31.5162 30.1353 0.0152893 0.0107614
87 0 28.4608 29.6137 30.1329 30.9531 31.5162 30.1353 0.0144203 0.0100481
99 0 28.4608 29.6137 30.1329 30.9531 31.5162 30.1353 0.0148531 0.010374
167 0 28.4608 29.6137 30.1329 30.9531 31.5162 30.1353 0.0124233 0.00809798
133 0 28.4608 29.6137 30.1329 30.9531 31.5162 30.1353 0.0109583 0.00653208
305 0 28.4608 29.6137 30.1329 30.9531 31.5162 30.1353 0.0245079 0.020163
138 0 28.4608 29.6137 30.1329 30.9531 31.5162 30.1353 0.0273325 0.0229291
142 0 28.4608 29.6137 30.1329 30.9531 31.5162 30.1353 0.0210221 0.016686
364 102 28.4608 29.6137 30.1329 30.9531 31.1239 30.0569 0.109921 0.0246963
306 24 28.4608 29.6137 30.1329 30.9531 31.1334 30.0588 0.0216968 0.00800633
109 0 28.4608 29.6137 30.1329 30.9531 31.1329 30.0587 0.015429 0.0106219
234 1 28.4608 29.6137 30.1329 30.9531 31.133 30.0587 0.0267005 0.0214175
170 1 28.4608 29.6137 30.1329 30.9531 31.1334 30.0588 0.0210797 0.0161198
144 0 28.4608 29.6137 30.1329 30.9531 31.1329 30.0587 0.0153192 0.010988
103 0 28.4608 29.6137 30.1329 30.9531 31.133 30.0587 0.0223558 0.0178833
244 0 28.4608 29.6137 30.1329 30.9531 31.1334 30.0588 0.0251732 0.0209179
97 0 28.4608 29.6137 30.1329 30.9531 31.1329 30.0587 0.0197597 0.01542
272 0 28.4608 29.6137 30.1329 30.9531 31.133 30.0587 0.0265084 0.0221403
120 0 28.4608 29.6137 30.1329 30.9531 31.1334 30.0588 0.0160654 0.0117084
234 0 28.4608 29.6137 30.1329 30.9531 31.1329 30.0587 0.026056 0.021732
107 0 28.4608 29.6137 30.1329 30.9531 31.133 30.0587 0.0182383 0.0136366
162 0 28.4608 29.6137 30.1329 30.9531 31.1334 30.0588 0.0236103 0.0193292
160 0 28.4608 29.6137 30.1329 30.9531 31.1329 30.0587 0.0135977 0.00931038
270 0 28.4608 29.6137 30.1329 30.9531 31.133 30.0587 0.0267687 0.022423
252 0 28.4608 29.6137 30.1329 30.9531 31.1334 30.0588 0.023572 0.0190134
199 0 28.4608 29.6137 30.1329 30.9531 31.1329 30.0587 0.0219388 0.0174748
161 0 28.4608 29.6137 30.1329 30.9531 31.133 30.0587 0.0157507 0.0114117
116 0 28.4608 29.6137 30.1329 30.9531 31.1334 30.0588 0.0163682 0.0118378
263 48 28.4608 29.494 29.6137 30.0872 30.1329 29.5577 0.0390484 0.0176287
126 0 28.4608 29.4909 29.6137 30.0872 30.1329 29.5571 0.0155643 0.0112478
270 46 28.4608 29.4909 29.6137 30.0872 30.1329 29.5571 0.0377327 0.0202013
188 7 28.4608 29.4909 29.6137 30.0872 30.1329 29.5571 0.0306888 0.0247016
165 0 28.4608 29.4909 29.6137 30.0872 30.1329 29.5571 0.0229479 0.018617
265 28 28.4608 29.4909 29.6137 30.0872 30.1329 29.5571 0.0359732 0.0223182
133 0 28.4608 29.4909 29.6137 30.0872 30.1329 29.5571 0.0105181 0.00620289
188 0 28.4608 29.4909 29.6137 30.0872 30.1329 29.5571 0.0241953 0.0198746
297 0 28.4608 29.4909 29.6137 30.0872 30.1329 29.5571 0.021283 0.0170202
190 8 28.4608 29.4909 29.6137 30.0872 30.1329 29.5571 0.0249169 0.0180962
164 0 28.4608 29.4909 29.6137 30.0872 30.1329 29.5571 0.0238422 0.0194551
291 0 28.4608 29.4909 29.6137 30.0872 30.1329 29.5571 0.0143017 0.00992273
149 0 28.4608 29.4909 29.6137 30.0872 30.1329 29.5571 0.0134367 0.00916202
219 0 28.4608 29.4909 29.6137 30.0872 30.1329 29.5571 0.0268721 0.0225989
103 0 28.4608 29.4909 29.6137 30.0872 30.1329 29.5571 0.0145308 0.0102461
249 0 28.4608 29.4909 29.6137 30.0872 30.1329 29.5571 0.0286905 0.0244225
94 0 28.4608 29.4909 29.6137 30.0872 30.1329 29.5571 0.0155193 0.0110072
242 26 28.4608 29.4909 29.6137 30.0872 30.1329 29.5571 0.0320321 0.0196943
216 0 28.4608 29.4909 29.6137 30.0872 30.1329 29.5571 0.0210746 0.0167472
174 0 28.4608 29.4909 29.6137 30.0872 30.1329 29.5571 0.0130273 0.00871421
169 0 28.4608 29.4909 29.6137 30.0872 30.1329 29.5571 0.0209146 0.0166304
270 0 28.4608 29.4909 29.6137 30.0872 30.1329 29.5571 0.0264872 0.0222063
119 0 28.4608 29.4909 29.6137 30.0872 30.1329 29.5571 0.0213501 0.0169487
89 0 28.4608 29.4909 29.6137 30.0872 30.1329 29.5571 0.0150846 0.0106437
282 0 28.4608 29.4909 29.6137 30.0872 30.1329 29.5571 0.0227963 0.0185
195 18 28.4608 29.4909 29.6137 30.0872 30.1329 29.5571 0.0255549 0.0157253
133 0 28.4608 29.4909 29.6137 30.0872 30.1329 29.5571 0.0217387 0.0174536
180 0 28.4608 29.4909 29.6137 30.0872 30.1329 29.5571 0.0147281 0.0104524
298 15 28.4608 29.4909 29.6137 30.0872 30.1329 29.5571 0.0226149 0.0153599
70 0 28.4608 29.4909 29.6137 30.0872 30.1329 29.5571 0.0159214 0.0114789
110 0 28.4608 29.4909 29.6137 30.0872 30.1329 29.5571 0.0182086 0.0135995
118 0 28.4608 29.4909 29.6137 30.0872 30.1329 29.5571 0.0153769 0.0109081
83 0 28.4608 29.4909 29.6137 30.0872 30.1329 29.5571 0.014287 0.00993837
255 0 28.4608 29.4909 29.6137 30.0872 30.1329 29.5571 0.0222818 0.0180033
163 0 28.4608 29.4909 29.6137 30.0872 30.1329 29.5571 0.0217228 0.0174681
231 0 28.4608 29.4909 29.6137 30.0872 30.1329 29.5571 0.0259775 0.0216716
150 0 28.4608 29.4909 29.6137 30.0872 30.1329 29.5571 0.0213815 0.0170585
168 0 28.4608 29.4909 29.6137 30.0872 30.1329 29.5571 0.0250568 0.0208065
189 0 28.4608 29.4909 29.6137 30.0872 30.1329 29.5571 0.0196231 0.0152984
125 0 28.4608 29.4909 29.6137 30.0872 30.1329 29.5571 0.0148874 0.0105321
130 16 28.4608 29.4909 29.6137 30.0872 30.1329 29.5571 0.0266508 0.0159194
64 0 28.4608 29.4909 29.6137 30.0872 30.1329 29.5571 0.0154562 0.0110804
295 0 28.4608 29.4909 29.6137 30.0872 30.1329 29.5571 0.0235983 0.0193232
215 0 28.4608 29.4909 29.6137 30.0872 30.1329 29.5571 0.0154187 0.0110862
206 78 28.4608 29.4909 29.6137 30.0401 30.0872 29.5385 0.0611258 0.0195695
172 0 28.4608 29.4909 29.6137 30.0409 30.0872 29.5387 0.0154057 0.0111342
108 0 28.4608 29.4909 29.6137 30.0409 30.0872 29.5387 0.015264 0.0109768
168 0 28.4608 29.4909 29.6137 30.0409 30.0872 29.5387 0.0235623 0.0193102
172 0 28.4608 29.4909 29.6137 30.0409 30.0872 29.5387 0.0147525 0.0103327
172 0 28.4608 29.4909 29.6137 30.0409 30.0872 29.5387 0.0173773 0.0130677
123 0 28.4608 29.4909 29.6137 30.0409 30.0872 29.5387 0.0149157 0.0106211
131 0 28.4608 29.4909 29.6137 30.0409 30.0872 29.5387 0.0177582 0.0133761
231 0 28.4608 29.4909 29.6137 30.0409 30.0872 29.5387 0.023072 0.0187232
140 0 28.4608 29.4909 29.6137 30.0409 30.0872 29.5387 0.0171536 0.0126895
152 0 28.4608 29.4909 29.6137 30.0409 30.0872 29.5387 0.0254254 0.0211153
213 3 28.4608 29.4909 29.6137 30.0409 30.0872 29.5387 0.0206865 0.0155696
95 0 28.4608 29.4909 29.6137 30.0409 30.0872 29.5387 0.0156252 0.0112801
218 0 28.4608 29.4909 29.6137 30.0409 30.0872 29.5387 0.0136037 0.00925688
190 0 28.4608 29.4909 29.6137 30.0409 30.0872 29.5387 0.0152654 0.0109406
127 0 28.4608 29.4909 29.6137 30.0409 30.0872 29.5387 0.0189433 0.0146361
334 103 28.4608 29.4909 29.6137 30.0409 30.0872 29.5387 0.0682053 0.0225241
137 0 28.4608 29.4909 29.6137 30.0409 30.0872 29.5387 0.0156968 0.0113393
221 0 28.4608 29.4909 29.6137 30.0409 30.0872 29.5387 0.0229621 0.0186684
238 18 28.4608 29.4909 29.6137 30.0409 30.0872 29.5387 0.025356 0.0183501
138 0 28.4608 29.4909 29.6137 30.0409 30.0872 29.5387 0.0162833 0.011916
129 0 28.4608 29.4909 29.6137 30.0409 30.0872 29.5387 0.0145005 0.0101224
95 0 28.4608 29.4909 29.6137 30.0409 30.0872 29.5387 0.0156215 0.0112086
257 17 28.4608 29.4909 29.6137 30.0409 30.0872 29.5387 0.0261076 0.0184013
125 0 28.4608 29.4909 29.6137 30.0409 30.0872 29.5387 0.0158835 0.0112953
112 0 28.4608 29.4909 29.6137 30.0409 30.0872 29.5387 0.0173626 0.0129985
134 0 28.4608 29.4909 29.6137 30.0409 30.0872 29.5387 0.0172234 0.0129177
243 9 28.4608 29.4909 29.6137 30.0409 30.0872 29.5387 0.0200982 0.014519
169 0 28.4608 29.4909 29.6137 30.0409 30.0872 29.5387 0.014674 0.0101869
188 0 28.4608 29.4909 29.6137 30.0409 30.0872 29.5387 0.0151447 0.0108285
229 0 28.4608 29.4909 29.6137 30.0409 30.0872 29.5387 0.0252487 0.0209807
220 0 28.4608 29.4909 29.6137 30.0409 30.0872 29.5387 0.0212386 0.016981
315 0 28.4608 29.4909 29.6137 30.0409 30.0872 29.5387 0.0251601 0.0208323
117 0 28.4608 29.4909 29.6137 30.0409 30.0872 29.5387 0.0187037 0.0144346
148 0 28.4608 29.4909 29.6137 30.0409 30.0872 29.5387 0.0152701 0.0109372
267 38 28.4608 29.4909 29.6137 30.0409 30.0872 29.5387 0.0465088 0.0196297
224 0 28.4608 29.4909 29.6137 30.0409 30.0872 29.5387 0.0260101 0.0216153
265 0 28.4608 29.4909 29.6137 30.0409 30.0872 29.5387 0.0248368 0.0205414
94 0 28.4608 29.4909 29.6137 30.0409 30.0872 29.5387 0.014907 0.0103907
299 0 28.4608 29.4909 29.6137 30.0409 30.0872 29.5387 0.0113267 0.0069891
271 0 28.4608 29.4909 29.6137 30.0409 30.0872 29.5387 0.0282578 0.0239273
234 0 28.4608 29.4909 29.6137 30.0409 30.0872 29.5387 0.0249904 0.0207314
219 10 28.4608 29.4909 29.6137 30.0409 30.0872 29.5387 0.0261173 0.0188577
104 0 28.4608 29.4909 29.6137 30.0409 30.0872 29.5387 0.0200041 0.0155377
320 0 28.4608 29.4909 29.6137 30.0409 30.0872 29.5387 0.0251866 0.0208156
126 1 28.4608 29.4909 29.6137 30.0409 30.0872 29.5387 0.0191867 0.0143445
117 0 28.4608 29.4909 29.6137 30.0409 30.0872 29.5387 0.0156424 0.0112416
371 0 28.4608 29.4909 29.6137 30.0409 30.0872 29.5387 0.0226592 0.0183724
59 0 28.4608 29.4909 29.6137 30.0409 30.0872 29.5387 0.0154692 0.0110502
247 0 28.4608 29.4909 29.6137 30.0409 30.0872 29.5387 0.0178337 0.0135724
134 0 28.4608 29.4909 29.6137 30.0409 30.0872 29.5387 0.0152954 0.0109081
78 0 28.4608 29.4909 29.6137 30.0409 30.0872 29.5387 0.0216594 0.0170166
293 0 28.4608 29.4909 29.6137 30.0409 30.0872 29.5387 0.0234073 0.0191009
175 0 28.4608 29.4909 29.6137 30.0409 30.0872 29.5387 0.0186782 0.0143804
215 0 28.4608 29.4909 29.6137 30.0409 30.0872 29.5387 0.0267243 0.0224739
280 0 28.4608 29.4909 29.6137 30.0409 30.0872 29.5387 0.0198241 0.015511
265 3 28.4608 29.4909 29.6137 30.0409 30.0872 29.5387 0.02459 0.0193484
144 0 28.4608 29.4909 29.6137 30.0409 30.0872 29.5387 0.0178864 0.0136102
238 23 28.4608 29.4909 29.6137 30.0409 30.0872 29.5387 0.0329675 0.0200066
179 0 28.4608 29.4909 29.6137 30.0409 30.0872 29.5387 0.0211318 0.0167911
137 0 28.4608 29.4909 29.6137 30.0409 30.0872 29.5387 0.0222801 0.017902
277 0 28.4608 29.4909 29.6137 30.0409 30.0872 29.5387 0.022198 0.017931
354 0 28.4608 29.4909 29.6137 30.0409 30.0872 29.5387 0.0264542 0.0221538
311 0 28.4608 29.4909 29.6137 30.0409 30.0872 29.5387 0.0215027 0.0171315
112 0 28.4608 29.4909 29.6137 30.0409 30.0872 29.5387 0.0249533 0.0206695
243 49 28.4608 29.4909 29.6137 30.0409 30.0872 29.5387 0.0413342 0.0138305
94 0 0 0 0 0 0 -1 0.0049296 0.00034091
60 0 0 0 0 0 0 -1 0.00532313 0.000285497
60 0 0 0 0 0 0 -1 0.00476602 0.000339
97 0 0 0 0 0 0 -1 0.00462882 0.000299868
87 0 0 0 0 0 0 -1 0.00480161 0.000320081
134 0 0 0 0 0 0 -1 0.00448894 0.000153794
129 0 0 0 0 0 0 -1 0.0046155 0.000228942
97 0 0 0 0 0 0 -1 0.00487066 0.00024131
48 0 0 0 0 0 0 -1 0.00478466 0.000306443
57 0 0 0 0 0 0 -1 0.00490336 0.000313105
59 0 0 0 0 0 0 -1 0.00536114 0.000352338
78 0 0 0 0 0 0 -1 0.00460603 0.000238655
64 0 0 0 0 0 0 -1 0.00534063 0.000328091
73 0 0 0 0 0 0 -1 0.00486482 0.000331307
100 0 0 0 0 0 0 -1 0.00449771 0.000188941
275 0 0 0 0 0 0 -1 0.00441669 0.000140251
248 5 36.1049 36.6662 43.3771 0 0 38.7161 0.00586689 0.000209034
62 0 0 0 0 0 0 -1 0.00477583 0.000236458
92 0 0 0 0 0 0 -1 0.00611225 0.00031256
76 0 0 0 0 0 0 -1 0.0046804 0.000302938
80 0 0 0 0 0 0 -1 0.00447962 0.000147823
98 0 0 0 0 0 0 -1 0.00457846 0.000146146
97 0 0 0 0 0 0 -1 0.00472247 0.000224064
77 0 0 0 0 0 0 -1 0.00471428 0.000244752
57 0 0 0 0 0 0 -1 0.0046833 0.000305954
78 0 0 0 0 0 0 -1 0.00492132 0.000326283
82 0 0 0 0 0 0 -1 0.00505976 0.000243755
103 0 0 0 0 0 0 -1 0.00485806 0.000251804
84 0 0 0 0 0 0 -1 0.0054817 0.000235219
127 1 32.1887 0 0 0 0 32.1887 0.00578143 0.000178572
107 0 0 0 0 0 0 -1 0.00480224 0.000234057
87 0 0 0 0 0 0 -1 0.00475245 0.000311067
163 0 0 0 0 0 0 -1 0.00500638 0.000315437
112 0 0 0 0 0 0 -1 0.00537189 0.000246095
119 0 0 0 0 0 0 -1 0.00499627 0.00032303
77 0 0 0 0 0 0 -1 0.00491931 0.000300391
47 0 0 0 0 0 0 -1 0.00477708 0.000333635
238 18 31.627 37.0485 42.7939 43.6688 45.8418 40.196 0.00715265 0.000161607
111 0 0 0 0 0 0 -1 0.00497136 0.000239681
83 0 0 0 0 0 0 -1 0.00474553 0.00035771
64 0 0 0 0 0 0 -1 0.00489961 0.000372108
100 0 0 0 0 0 0 -1 0.00468091 0.000292803
88 0 0 0 0 0 0 -1 0.0047228 0.000295214
69 0 0 0 0 0 0 -1 0.00506756 0.000372253
97 0 0 0 0 0 0 -1 0.00476912 0.000334138
68 0 0 0 0 0 0 -1 0.00478117 0.000253982
60 0 0 0 0 0 0 -1 0.00535506 0.000294872
89 0 0 0 0 0 0 -1 0.00469076 0.000316962
83 0 0 0 0 0 0 -1 0.004715 0.000293284
70 0 0 0 0 0 0 -1 0.00479316 0.000316795
85 0 0 0 0 0 0 -1 0.00484905 0.000305444
65 0 0 0 0 0 0 -1 0.00486097 0.000309471
52 0 0 0 0 0 0 -1 0.00500762 0.000242042
75 0 0 0 0 0 0 -1 0.00509977 0.000306796
88 0 0 0 0 0 0 -1 0.00470282 0.000318752
91 0 0 0 0 0 0 -1 0.00472254 0.000313346
294 0 0 0 0 0 0 -1 0.00442413 0.000136051
91 0 0 0 0 0 0 -1 0.00489058 0.000302539
63 0 0 0 0 0 0 -1 0.0048476 0.000230172
51 0 0 0 0 0 0 -1 0.0047612 0.000302823
68 0 0 0 0 0 0 -1 0.00484075 0.000306097
64 0 0 0 0 0 0 -1 0.00519853 0.000309546
66 0 0 0 0 0 0 -1 0.00487271 0.000245329
60 0 0 0 0 0 0 -1 0.00529827 0.000265409
146 0 0 0 0 0 0 -1 0.00461052 0.000204091
89 0 0 0 0 0 0 -1 0.00471192 0.000328136
109 0 0 0 0 0 0 -1 0.00489656 0.000239132
86 0 0 0 0 0 0 -1 0.00473044 0.000310909
114 0 0 0 0 0 0 -1 0.00469716 0.000246466
81 0 0 0 0 0 0 -1 0.00510872 0.000235905
87 0 0 0 0 0 0 -1 0.0048632 0.000303091
88 0 0 0 0 0 0 -1 0.00486878 0.000232974
68 0 0 0 0 0 0 -1 0.00519215 0.000232584
125 0 0 0 0 0 0 -1 0.00469439 0.000304976
85 0 0 0 0 0 0 -1 0.0047931 0.000307601
214 0 0 0 0 0 0 -1 0.00463456 0.000258031
133 0 0 0 0 0 0 -1 0.00484375 0.00031463
81 0 0 0 0 0 0 -1 0.00490831 0.000310963
59 0 0 0 0 0 0 -1 0.00513964 0.000329198
128 0 0 0 0 0 0 -1 0.00483934 0.00032058
86 0 0 0 0 0 0 -1 0.00477574 0.000297479
300 0 0 0 0 0 0 -1 0.00441724 0.000117631
55 0 0 0 0 0 0 -1 0.00484452 0.000305481
58 0 0 0 0 0 0 -1 0.00478669 0.000278536
91 0 0 0 0 0 0 -1 0.00478355 0.000244781
162 0 0 0 0 0 0 -1 0.00470333 0.000303972
154 0 0 0 0 0 0 -1 0.00501086 0.000325266
89 0 0 0 0 0 0 -1 0.00515021 0.000316932
75 0 0 0 0 0 0 -1 0.00564578 0.000303522
93 0 0 0 0 0 0 -1 0.00560407 0.000309446
80 0 0 0 0 0 0 -1 0.00524287 0.000316239
79 0 0 0 0 0 0 -1 0.00479826 0.000328424
61 0 0 0 0 0 0 -1 0.00572679 0.000239238
98 0 0 0 0 0 0 -1 0.00496899 0.000314223
106 0 0 0 0 0 0 -1 0.00558005 0.000139957
84 0 0 0 0 0 0 -1 0.00475972 0.000356207
99 1 31.1188 0 0 0 0 31.1188 0.00699355 0.000277234
147 1 36.4078 0 0 0 0 36.4078 0.00737732 0.000311203
76 0 0 0 0 0 0 -1 0.00469953 0.000248902
104 0 0 0 0 0 0 -1 0.00478934 0.000245885
106 0 0 0 0 0 0 -1 0.00491024 0.000245622
128 0 0 0 0 0 0 -1 0.00497513 0.000322085
93 0 0 0 0 0 0 -1 0.0045897 0.000227767
76 0 0 0 0 0 0 -1 0.0049216 0.000306
70 0 0 0 0 0 0 -1 0.00488735 0.000319887
82 0 0 0 0 0 0 -1 0.00473035 0.000249694
99 0 0 0 0 0 0 -1 0.00472387 0.000291513
58 0 0 0 0 0 0 -1 0.0047382 0.000325856
62 0 0 0 0 0 0 -1 0.00474135 0.000244904
84 0 0 0 0 0 0 -1 0.00481668 0.000245054
71 0 0 0 0 0 0 -1 0.00527847 0.000303544
71 0 0 0 0 0 0 -1 0.00495671 0.000504494
109 0 0 0 0 0 0 -1 0.00486221 0.000324383
77 0 0 0 0 0 0 -1 0.00493365 0.000326841
93 0 0 0 0 0 0 -1 0.0046574 0.00024581
72 0 0 0 0 0 0 -1 0.0047087 0.000308073
104 0 0 0 0 0 0 -1 0.00468267 0.000301754
45 0 0 0 0 0 0 -1 0.00488359 0.000248822
46 0 0 0 0 0 0 -1 0.0047248 0.000305006
119 0 0 0 0 0 0 -1 0.00509025 0.000236662
45 0 0 0 0 0 0 -1 0.00482017 0.000265551
100 0 0 0 0 0 0 -1 0.00454101 0.000209046
64 0 0 0 0 0 0 -1 0.00475733 0.000234436
59 0 0 0 0 0 0 -1 0.00473323 0.000241792
90 0 0 0 0 0 0 -1 0.00470261 0.000306629
59 0 0 0 0 0 0 -1 0.00545421 0.000298313
44 0 0 0 0 0 0 -1 0.0054419 0.000317639
85 0 0 0 0 0 0 -1 0.00468873 0.000289091
59 0 0 0 0 0 0 -1 0.00488563 0.000266567
209 0 0 0 0 0 0 -1 0.00459147 0.000252455
68 0 0 0 0 0 0 -1 0.00471478 0.000302305
127 0 0 0 0 0 0 -1 0.00475076 0.000234753
60 0 0 0 0 0 0 -1 0.00505889 0.000310226
66 0 0 0 0 0 0 -1 0.00484672 0.000306966
294 20 31.5681 32.9349 33.5292 38.8416 44.7275 36.3203 0.00759392 0.00012309
83 0 0 0 0 0 0 -1 0.00539017 0.000177537
114 0 0 0 0 0 0 -1 0.00452772 0.000139393
176 0 0 0 0 0 0 -1 0.00464994 0.00032195
92 0 0 0 0 0 0 -1 0.00461552 0.000240378
66 0 0 0 0 0 0 -1 0.00495275 0.000325638
86 0 0 0 0 0 0 -1 0.00474376 0.000241469
82 0 0 0 0 0 0 -1 0.00472764 0.000349717
53 0 0 0 0 0 0 -1 0.00471251 0.000309111
102 0 0 0 0 0 0 -1 0.00465979 0.000243259
48 0 0 0 0 0 0 -1 0.00524149 0.000334242
150 0 0 0 0 0 0 -1 0.00516144 0.000262205
111 0 0 0 0 0 0 -1 0.00467152 0.000248572
38 0 0 0 0 0 0 -1 0.00586417 0.000480678
156 0 0 0 0 0 0 -1 0.00442502 0.00011956
124 0 0 0 0 0 0 -1 0.00515285 0.00030999
36 0 0 0 0 0 0 -1 0.00537419 0.000305365
120 0 0 0 0 0 0 -1 0.00484553 0.000312635
93 0 0 0 0 0 0 -1 0.00474973 0.000304193
68 0 0 0 0 0 0 -1 0.00472931 0.000333077
73 0 0 0 0 0 0 -1 0.00502105 0.000274129
74 0 0 0 0 0 0 -1 0.00526187 0.000390718
162 0 0 0 0 0 0 -1 0.00448312 0.000189938
33 0 0 0 0 0 0 -1 0.00480457 0.000312347
