158 3 39.5458 40.5146 42.7935 0 0 40.9513 0.00846348 0.00030583
200 0 39.5321 40.5238 42.804 0 0 40.9533 0.0121341 0.00795803
1205 100 34.7526 35.7345 36.7089 36.8513 37.17 36.2435 0.0283565 0.00648961
236 13 30.7458 32.624 32.8255 33.2256 34.7503 32.8342 0.0181463 0.00990676
469 0 30.5304 32.5672 32.7459 33.1539 34.7503 32.7496 0.0200072 0.0159186
908 100 30.5304 30.9547 32.5024 32.8805 33.2885 32.0313 0.0333262 0.0066655
634 100 30.5304 30.7688 30.9531 31.1153 31.7903 31.0316 0.0505679 0.018822
649 100 30.0361 30.5304 30.9531 31.0575 31.1197 30.7394 0.0464117 0.020248
620 100 30.0361 30.5304 30.9531 31.0575 31.1197 30.7394 0.039711 0.0157907
633 100 28.1224 29.3569 30.0361 30.3606 30.5304 29.6813 0.0458817 0.0215744
521 100 28.0232 28.6801 29.2646 30.0361 30.2374 29.2483 0.0452126 0.0194432
668 100 28.0232 28.6757 28.7372 29.1585 29.2646 28.7719 0.0361425 0.0140453
469 17 28.0232 28.6757 28.7371 29.1587 29.2646 28.7719 0.0256669 0.01711
644 100 28.0232 28.6757 28.7371 29.1561 29.1587 28.7502 0.0473158 0.0192599
510 100 28.0232 28.6757 28.7371 29.1587 29.1659 28.7521 0.0460194 0.0195408
718 100 28.0232 28.3567 28.4627 28.6757 28.7371 28.4511 0.0296784 0.0099457
740 63 28.0232 28.3562 28.4608 28.6757 28.7371 28.4506 0.0268314 0.0145868
656 100 27.9576 28.0232 28.3562 28.4608 28.6757 28.2947 0.038934 0.019245
676 25 27.9589 28.0232 28.3562 28.4608 28.6757 28.295 0.0160316 0.00866768
679 100 27.9589 28.0232 28.3562 28.4608 28.6757 28.295 0.0314664 0.00567354
177 0 27.9589 28.0232 28.3562 28.4608 28.6757 28.295 0.0164775 0.0122234
985 100 27.9589 28.0232 28.3562 28.4608 28.6757 28.295 0.0461803 0.0224
433 100 27.9589 28.0232 28.3562 28.4608 28.6757 28.295 0.0491342 0.0203156
647 100 27.9589 28.0232 28.3562 28.4608 28.6757 28.295 0.0451338 0.0204217
687 100 27.9589 28.0232 28.3562 28.4608 28.6757 28.295 0.0401039 0.0135936
623 100 27.9589 28.0232 28.3562 28.4608 28.6757 28.295 0.0251943 0.00599457
702 100 27.9589 28.0232 28.3562 28.4608 28.6757 28.295 0.0401333 0.0113859
572 100 27.9589 28.0232 28.3562 28.4608 28.6757 28.295 0.0352257 0.00790464
585 100 27.9589 28.0232 28.3562 28.4608 28.6757 28.295 0.0494916 0.0213266
752 100 27.9589 28.0232 28.3562 28.4608 28.6757 28.295 0.0466577 0.0160366
692 100 27.9589 28.0232 28.3562 28.4608 28.6757 28.295 0.0299468 0.00702964
588 100 27.9589 28.0232 28.3562 28.4608 28.6757 28.295 0.0323826 0.00633498
746 100 27.9589 28.0232 28.3562 28.4608 28.6757 28.295 0.0189461 0.00668708
778 100 27.9589 28.0232 28.3562 28.4608 28.6757 28.295 0.0319111 0.00699545
765 100 27.9589 28.0232 28.3562 28.4608 28.6757 28.295 0.0283467 0.00718025
611 100 27.9589 28.0232 28.3562 28.4608 28.6757 28.295 0.0486773 0.0171629
706 100 27.9589 28.0232 28.3562 28.4608 28.6757 28.295 0.0436454 0.0131177
544 100 27.9589 28.0232 28.3562 28.4608 28.6757 28.295 0.0551732 0.0261495
684 100 27.9589 28.0232 28.3562 28.4608 28.6757 28.295 0.0346012 0.0145128
694 100 27.9589 28.0232 28.3562 28.4608 28.6757 28.295 0.0460465 0.0185957
824 100 27.9589 28.0232 28.3562 28.4608 28.6757 28.295 0.0370587 0.0126994
559 100 27.9589 28.0232 28.3562 28.4608 28.6757 28.295 0.0473319 0.0249688
687 100 27.9589 28.0232 28.3562 28.4608 28.6757 28.295 0.0261377 0.00663405
508 100 27.9589 28.0232 28.3562 28.4608 28.6757 28.295 0.0420745 0.0075123
729 100 27.9589 28.0232 28.3562 28.4608 28.6757 28.295 0.043813 0.0166021
674 54 27.9589 28.0232 28.3562 28.4608 28.6757 28.295 0.0289965 0.011539
810 100 27.9589 28.0232 28.3562 28.4608 28.6757 28.295 0.0322359 0.0119025
719 100 27.9589 28.0232 28.3562 28.4608 28.6757 28.295 0.0534854 0.0203404
709 100 27.9589 28.0232 28.3562 28.4608 28.6757 28.295 0.0374545 0.0133565
783 100 27.9589 28.0232 28.3562 28.4608 28.6757 28.295 0.0362787 0.012499
812 100 27.9589 28.0232 28.3562 28.4608 28.6757 28.295 0.033469 0.0065582
682 100 27.9589 28.0232 28.3562 28.4608 28.6757 28.295 0.0235367 0.00645444
638 100 27.9589 28.0232 28.3562 28.4608 28.6757 28.295 0.0336123 0.00635143
622 100 27.9589 28.0232 28.3562 28.4608 28.6757 28.295 0.0333389 0.00729518
841 100 27.9589 28.0232 28.3562 28.4608 28.6757 28.295 0.0289241 0.0065117
658 100 27.9589 28.0232 28.3562 28.4608 28.6757 28.295 0.0266105 0.00663188
588 100 27.9589 28.0232 28.3562 28.4608 28.6757 28.295 0.0276182 0.00643006
682 100 27.9589 28.0232 28.3562 28.4608 28.6757 28.295 0.0357928 0.00669295
674 100 27.9589 28.0232 28.3562 28.4608 28.6757 28.295 0.0186229 0.00742474
695 100 27.9589 28.0232 28.3562 28.4608 28.6757 28.295 0.0418897 0.00701342
715 100 27.9589 28.0232 28.3562 28.4608 28.6757 28.295 0.0340299 0.00673754
452 100 27.9589 28.0232 28.3562 28.4608 28.6757 28.295 0.0391355 0.0113974
674 100 27.9589 28.0232 28.3562 28.4608 28.6757 28.295 0.0361174 0.00918556
824 100 27.9589 28.0232 28.3562 28.4608 28.6757 28.295 0.0422347 0.010234
758 100 27.9589 28.0232 28.3562 28.4608 28.6757 28.295 0.0398085 0.0161195
330 60 27.9589 28.0232 28.3562 28.4608 28.6757 28.295 0.0496759 0.0281944
726 100 27.9589 28.0232 28.3562 28.4608 28.6757 28.295 0.044577 0.0176903
800 100 27.9589 28.0232 28.3562 28.4608 28.6757 28.295 0.0436701 0.0156614
824 100 27.9589 28.0232 28.3562 28.4608 28.6757 28.295 0.0405344 0.0105898
709 100 27.9589 28.0232 28.3562 28.4608 28.6757 28.295 0.053843 0.0228044
854 100 27.9589 28.0232 28.3562 28.4608 28.6757 28.295 0.0426954 0.0175739
788 100 27.9589 28.0232 28.3562 28.4608 28.6757 28.295 0.0378195 0.0114087
506 100 27.9589 28.0232 28.3562 28.4608 28.6757 28.295 0.0522398 0.0214603
717 100 27.9589 28.0232 28.3562 28.4608 28.6757 28.295 0.0352081 0.0115559
567 100 27.9589 28.0232 28.3562 28.4608 28.6757 28.295 0.046971 0.0241041
698 90 27.9589 28.0232 28.3562 28.4608 28.6757 28.295 0.0395629 0.011651
685 100 27.9589 28.0232 28.3562 28.4608 28.6757 28.295 0.0519627 0.00861337
656 100 27.9589 28.0232 28.3562 28.4608 28.6757 28.295 0.0483158 0.0224269
638 100 27.9589 28.0232 28.3562 28.4608 28.6757 28.295 0.0492946 0.017553
783 100 27.9589 28.0232 28.3562 28.4608 28.6757 28.295 0.0411905 0.022746
764 100 27.9589 28.0232 28.3562 28.4608 28.6757 28.295 0.0506029 0.0179468
655 100 27.9589 28.0232 28.3562 28.4608 28.6757 28.295 0.0493269 0.0235475
665 100 27.9589 28.0232 28.3562 28.4608 28.6757 28.295 0.05292 0.0189311
629 100 27.9589 28.0232 28.3562 28.4608 28.6757 28.295 0.027469 0.00726329
350 0 27.9589 28.0232 28.3562 28.4608 28.6757 28.295 0.0207721 0.0166032
294 0 27.9589 28.0232 28.3562 28.4608 28.6757 28.295 0.046737 0.0405145
998 100 27.9589 28.0232 28.3562 28.4608 28.6757 28.295 0.0396014 0.0103401
715 100 27.9589 28.0232 28.3562 28.4608 28.6757 28.295 0.0391819 0.0138767
685 100 27.9589 28.0232 28.3562 28.4608 28.6757 28.295 0.0467192 0.0144833
633 100 27.9589 28.0232 28.3562 28.4608 28.6757 28.295 0.0486579 0.0237701
722 100 27.9589 28.0232 28.3562 28.4608 28.5709 28.274 0.0468652 0.0211621
765 100 27.9589 28.0232 28.294 28.3562 28.4608 28.2186 0.0456346 0.0217749
762 100 27.9589 28.0232 28.294 28.3562 28.4608 28.2186 0.0411392 0.0164726
707 100 27.9589 28.0232 28.294 28.3562 28.4608 28.2186 0.0312228 0.0121297
735 100 27.9589 28.0232 28.294 28.3562 28.4608 28.2186 0.0410341 0.00768207
547 0 27.9589 28.0232 28.294 28.3562 28.4608 28.2186 0.0283274 0.0241796
1109 100 27.9589 28.0232 28.294 28.3562 28.4608 28.2186 0.0332856 0.012099
652 100 27.9589 28.0232 28.294 28.3562 28.4608 28.2186 0.0343274 0.00744117
743 100 27.9589 28.0232 28.294 28.3562 28.4608 28.2186 0.0571465 0.0271973
731 100 27.9589 28.0232 28.294 28.3562 28.4608 28.2186 0.0346614 0.012863
711 100 27.9589 28.0232 28.294 28.3562 28.4608 28.2186 0.0433733 0.0218297
738 100 27.9589 28.0232 28.294 28.3562 28.4608 28.2186 0.0483782 0.0208269
667 100 27.9589 28.0232 28.294 28.3562 28.4608 28.2186 0.0505876 0.0200686
421 100 27.9589 28.0232 28.294 28.3562 28.4608 28.2186 0.0475838 0.0168526
675 100 27.9589 28.0232 28.294 28.3562 28.4608 28.2186 0.0404563 0.0122099
497 100 27.9589 28.0232 28.294 28.3562 28.4608 28.2186 0.0530425 0.027718
296 2 27.9589 28.0232 28.294 28.3562 28.4608 28.2186 0.0218034 0.0166256
865 100 27.9589 28.0232 28.294 28.3562 28.4608 28.2186 0.0365674 0.0114436
628 100 27.9589 28.0232 28.294 28.3562 28.4608 28.2186 0.0488419 0.0231791
778 100 27.9589 28.0232 28.294 28.3562 28.4608 28.2186 0.0347294 0.012037
654 100 27.9589 28.0232 28.294 28.3562 28.4608 28.2186 0.0409228 0.019328
428 6 27.9589 28.0232 28.294 28.3562 28.4608 28.2186 0.0338615 0.0285639
731 100 27.9589 28.0232 28.294 28.3562 28.4608 28.2186 0.0479249 0.0216279
775 100 27.9589 28.0232 28.294 28.3562 28.4608 28.2186 0.054134 0.022351
447 100 27.9589 28.0232 28.294 28.3562 28.4608 28.2186 0.0396138 0.017573
626 100 27.9589 28.0232 28.294 28.3562 28.4608 28.2186 0.0335993 0.00951045
757 100 27.9589 28.0232 28.294 28.3562 28.4608 28.2186 0.0499391 0.0212378
746 100 27.9589 28.0232 28.294 28.3562 28.4608 28.2186 0.0315215 0.0124763
302 45 27.9589 28.0232 28.294 28.3562 28.4608 28.2186 0.0373023 0.019331
670 100 27.9589 28.0232 28.294 28.3562 28.4608 28.2186 0.0457939 0.0196751
674 100 27.9589 28.0232 28.294 28.3562 28.4608 28.2186 0.0285229 0.0115299
732 100 27.9589 28.0232 28.294 28.3562 28.4608 28.2186 0.0511906 0.0249989
767 100 27.9589 28.0232 28.294 28.3562 28.4608 28.2186 0.0332455 0.00932428
776 100 27.9589 28.0232 28.294 28.3562 28.4608 28.2186 0.054155 0.0231123
631 100 27.9589 28.0232 28.294 28.3562 28.4608 28.2186 0.0317345 0.00819426
632 100 27.9589 28.0232 28.294 28.3562 28.4608 28.2186 0.0331403 0.00758961
676 100 27.9589 28.0232 28.294 28.3562 28.4608 28.2186 0.0244329 0.00982725
697 100 27.9589 28.0232 28.294 28.3562 28.4608 28.2186 0.053559 0.0218571
632 100 27.9589 28.0232 28.294 28.3562 28.4608 28.2186 0.0482822 0.017976
721 100 27.9589 28.0232 28.294 28.3562 28.4608 28.2186 0.0339416 0.0123547
744 100 27.9589 28.0232 28.294 28.3562 28.4608 28.2186 0.0425274 0.0214916
729 100 27.9589 28.0232 28.294 28.3562 28.4608 28.2186 0.0476043 0.023281
730 100 27.9589 28.0232 28.294 28.3562 28.4608 28.2186 0.0456879 0.0153313
507 100 27.9589 28.0232 28.294 28.3562 28.4608 28.2186 0.0431833 0.0109157
622 100 27.9589 28.0232 28.294 28.3562 28.4608 28.2186 0.0578898 0.0223343
710 100 27.9589 28.0232 28.294 28.3562 28.4608 28.2186 0.0480315 0.0229934
752 100 27.9589 28.0232 28.294 28.3562 28.4608 28.2186 0.0355157 0.0146137
325 32 27.9589 28.0232 28.294 28.3562 28.4608 28.2186 0.0416949 0.0292312
734 100 27.9589 28.0232 28.294 28.3562 28.4608 28.2186 0.0478285 0.0210962
710 100 27.9589 28.0232 28.294 28.3562 28.4608 28.2186 0.0510436 0.0219705
611 100 27.9589 28.0232 28.294 28.3562 28.4608 28.2186 0.037904 0.0146678
630 100 27.9589 28.0232 28.294 28.3562 28.4608 28.2186 0.0526035 0.0214431
559 100 27.9589 28.0232 28.294 28.3562 28.4608 28.2186 0.0501895 0.024126
728 100 27.9589 28.0232 28.294 28.3562 28.4608 28.2186 0.047522 0.00823771
558 100 27.9589 28.0232 28.294 28.3562 28.4608 28.2186 0.0392454 0.00883547
624 100 27.9589 28.0232 28.294 28.3562 28.4608 28.2186 0.0425023 0.0194992
667 100 27.9589 28.0232 28.294 28.3562 28.4608 28.2186 0.035345 0.00700697
675 100 27.9589 28.0232 28.294 28.3562 28.4608 28.2186 0.0325546 0.0107394
590 100 27.9589 28.0232 28.294 28.3562 28.4608 28.2186 0.0467809 0.0169945
663 100 27.9589 28.0232 28.294 28.3562 28.4608 28.2186 0.0489708 0.0229426
416 100 27.9589 28.0232 28.294 28.3562 28.4608 28.2186 0.0512519 0.0197525
654 100 27.9589 28.0232 28.294 28.3562 28.4608 28.2186 0.0386048 0.020978
673 100 27.9589 28.0232 28.294 28.3562 28.4608 28.2186 0.0398903 0.016762
722 100 27.9589 28.0232 28.294 28.3562 28.4608 28.2186 0.0484192 0.0220946
764 100 27.9589 28.0232 28.294 28.3562 28.4608 28.2186 0.0432739 0.019287
531 0 27.9589 28.0232 28.294 28.3562 28.4608 28.2186 0.0272928 0.0231841
1070 100 27.9589 28.0232 28.294 28.3562 28.4608 28.2186 0.0467871 0.0212679
646 100 27.9589 28.0232 28.294 28.3562 28.4608 28.2186 0.0473363 0.0210715
