168 0 0 0 0 0 0 -1 0.00488154 0.000339927
163 2 32.5747 33.571 0 0 0 33.0728 0.00618995 0.000306293
177 0 0 0 0 0 0 -1 0.00470536 0.000236593
491 300 28.5174 30.1455 31.1599 31.238 31.742 30.5605 0.0240138 0.000180943
179 0 0 0 0 0 0 -1 0.00475136 0.000240651
189 0 0 0 0 0 0 -1 0.00480474 0.00036861
189 0 0 0 0 0 0 -1 0.00491792 0.000252505
170 6 33.7417 36.4186 36.7134 0 0 35.6246 0.00694687 0.000303012
213 53 31.555 31.9953 32.7593 32.9122 33.3525 32.5149 0.0168278 0.000223977
176 0 0 0 0 0 0 -1 0.00493313 0.000329219
164 0 0 0 0 0 0 -1 0.00486178 0.000313335
125 6 31.1188 32.2275 43.4985 48.4642 0 38.8272 0.00803418 0.000306308
312 54 28.7364 29.7945 29.8061 30.0801 31.1189 29.9072 0.0134657 0.000222858
635 300 31.5907 32.6798 35.675 36.1214 36.9268 34.5987 0.0234641 0.000185332
168 0 0 0 0 0 0 -1 0.00484425 0.000201378
205 20 42.2477 44.0249 44.1823 45.7535 45.816 44.4049 0.0111784 0.000273788
540 28 32.7624 33.176 35.0992 35.7079 36.3593 34.621 0.00968274 0.000243287
184 10 30.1446 30.9528 31.8832 32.9195 34.306 32.0412 0.00636777 0.000256559
120 0 0 0 0 0 0 -1 0.00488429 0.000309037
131 5 31.1197 32.5935 37.0906 0 0 33.6013 0.00674054 0.000338302
133 10 32.5613 40.6796 53.5594 0 0 42.2668 0.00620447 0.000308688
201 4 30.978 31.8755 34.1581 0 0 32.3372 0.00648083 0.000249122
171 0 0 0 0 0 0 -1 0.00506332 0.00031081
151 0 0 0 0 0 0 -1 0.00469429 0.000261197
200 0 0 0 0 0 0 -1 0.0047274 0.000366385
178 16 38.4968 38.6694 39.2297 39.4023 40.296 39.2189 0.00873448 0.000240241
149 4 30.813 34.3787 35.8261 0 0 33.6726 0.0072452 0.000309085
176 0 0 0 0 0 0 -1 0.00479779 0.000291301
153 0 0 0 0 0 0 -1 0.00477283 0.000356761
176 60 30.3162 30.7461 31.8944 32.2759 32.8898 31.6245 0.0257312 0.000309608
165 14 33.5766 34.0255 35.5744 43.1836 43.6316 37.9983 0.00939932 0.000232225
191 0 0 0 0 0 0 -1 0.00475732 0.000321715
195 0 0 0 0 0 0 -1 0.00463497 0.000244273
158 0 0 0 0 0 0 -1 0.0048669 0.000244875
174 0 0 0 0 0 0 -1 0.00476543 0.000317206
176 10 29.7382 29.8123 30.8685 30.9225 46.5951 33.5873 0.00788974 0.000307955
160 0 0 0 0 0 0 -1 0.00467916 0.000254289
506 127 35.2329 35.5414 36.6751 36.9734 37.4908 36.3827 0.0181208 0.000227324
120 0 0 0 0 0 0 -1 0.00479858 0.000261908
218 0 0 0 0 0 0 -1 0.00469634 0.000267225
142 0 0 0 0 0 0 -1 0.00472334 0.000296604
190 6 30.5976 31.587 37.7143 47.8619 0 36.9402 0.00827858 0.000242556
155 0 0 0 0 0 0 -1 0.00474857 0.000236412
169 0 0 0 0 0 0 -1 0.00471855 0.000270316
182 5 33.5971 35.1183 35.7343 0 0 34.8166 0.00730619 0.000239679
128 3 39.5453 40.5699 42.785 0 0 40.9667 0.00759142 0.000208927
145 0 0 0 0 0 0 -1 0.00482167 0.000330085
146 0 0 0 0 0 0 -1 0.00465332 0.000208405
156 4 30.8549 34.5362 36.8787 40.5526 0 35.7056 0.00667899 0.000235616
140 0 0 0 0 0 0 -1 0.00468502 0.000245367
183 0 0 0 0 0 0 -1 0.0046176 0.000218306
382 279 31.2114 32.0012 32.0593 32.981 32.9826 32.2471 0.0253346 0.000176003
167 6 31.2625 37.9326 38.0161 38.4242 40.5987 37.2468 0.00798655 0.00034504
166 0 0 0 0 0 0 -1 0.00475137 0.000309042
177 14 31.599 33.2546 54.9985 55.1841 56.0576 46.2188 0.0102852 0.000300856
185 34 29.3116 30.3341 31.1318 32.1543 32.5632 31.099 0.00925425 0.000307081
129 0 0 0 0 0 0 -1 0.00480992 0.000333357
168 0 0 0 0 0 0 -1 0.00467611 0.000238836
216 0 0 0 0 0 0 -1 0.00466977 0.000235254
168 20 33.4611 33.9206 42.5876 43.0588 50.2449 40.6546 0.00741619 0.000114547
132 0 0 0 0 0 0 -1 0.00469264 0.00016909
168 0 0 0 0 0 0 -1 0.00505886 0.000351607
128 0 0 0 0 0 0 -1 0.00469427 0.000278795
136 0 0 0 0 0 0 -1 0.00480539 0.000317232
163 0 0 0 0 0 0 -1 0.00479429 0.000318622
279 0 0 0 0 0 0 -1 0.00465757 0.000242979
138 0 0 0 0 0 0 -1 0.00463898 0.000246504
304 18 31.8625 32.8464 32.8701 34.1164 34.7453 33.2882 0.00938768 0.000245567
205 3 34.3791 35.831 0 0 0 35.105 0.00674527 0.000241268
158 0 0 0 0 0 0 -1 0.00467574 0.000246295
593 300 30.115 31.0742 31.6308 33.9738 35.9343 32.5456 0.0238068 0.000168319
108 2 39.5412 40.5746 0 0 0 40.0579 0.00715327 0.00038895
192 0 0 0 0 0 0 -1 0.00462958 0.000269242
171 0 0 0 0 0 0 -1 0.00465429 0.000220024
158 0 0 0 0 0 0 -1 0.004789 0.000352488
184 0 0 0 0 0 0 -1 0.00503458 0.000245994
183 24 34.3783 42.9001 45.9513 49.0327 49.7144 44.3953 0.0150412 0.00031705
98 0 0 0 0 0 0 -1 0.00537669 0.000373141
224 0 0 0 0 0 0 -1 0.0047034 0.000246446
137 0 0 0 0 0 0 -1 0.00475182 0.000249895
188 0 0 0 0 0 0 -1 0.00480413 0.000309394
194 0 0 0 0 0 0 -1 0.00473872 0.000317611
189 0 0 0 0 0 0 -1 0.00477914 0.000314896
179 0 0 0 0 0 0 -1 0.00476105 0.000301015
179 0 0 0 0 0 0 -1 0.00468192 0.000241886
184 1 34.9057 0 0 0 0 34.9057 0.00622824 0.000308479
463 300 28.4614 29.9358 30.5545 30.5828 31.1189 30.1307 0.0246204 0.000151986
264 124 29.1016 30.2233 30.3291 30.8302 31.3085 30.3585 0.02321 0.000331694
133 0 0 0 0 0 0 -1 0.00473715 0.000131263
193 12 29.9381 30.5744 35.9263 37.3872 37.6323 34.2917 0.00673826 0.000315641
172 5 34.3849 43.3479 43.6047 45.9507 0 41.822 0.0081717 0.000310589
146 0 0 0 0 0 0 -1 0.00479318 0.000320728
598 300 29.2993 29.7796 30.1164 30.4288 30.5263 30.0301 0.0206439 0.000181707
168 4 32.8096 35.1099 35.7275 0 0 34.549 0.00698299 0.000373528
409 99 32.3082 32.664 35.9451 36.3034 38.2373 35.0916 0.0228271 0.000328504
172 0 0 0 0 0 0 -1 0.00489061 0.000323184
178 0 0 0 0 0 0 -1 0.00478954 0.000325405
216 164 31.6653 31.8877 32.3972 33.4021 33.7999 32.6304 0.0266372 0.000317842
146 0 0 0 0 0 0 -1 0.00486243 0.000325109
183 72 32.4147 33.6136 33.6653 33.8648 34.7413 33.6599 0.0132597 0.000321978
197 0 0 0 0 0 0 -1 0.00483366 0.000356237
459 300 28.7371 29.8057 29.8577 29.9748 30.58 29.791 0.0223691 0.000304515
161 0 0 0 0 0 0 -1 0.00494959 0.000326442
110 0 0 0 0 0 0 -1 0.00468058 0.000267478
158 0 0 0 0 0 0 -1 0.00463526 0.000208488
160 0 0 0 0 0 0 -1 0.00454841 0.000185462
167 0 0 0 0 0 0 -1 0.00463117 0.000219375
176 0 0 0 0 0 0 -1 0.00468997 0.000238978
194 0 0 0 0 0 0 -1 0.00479845 0.000228424
130 0 0 0 0 0 0 -1 0.00470061 0.000231184
186 0 0 0 0 0 0 -1 0.00470428 0.000294755
198 31 39.344 39.5386 40.3706 40.5653 42.5963 40.483 0.0114862 0.000298731
182 0 0 0 0 0 0 -1 0.00478728 0.000244282
170 0 0 0 0 0 0 -1 0.00460009 0.000219248
185 0 0 0 0 0 0 -1 0.00473722 0.000316656
187 0 0 0 0 0 0 -1 0.00480637 0.000310841
180 0 0 0 0 0 0 -1 0.00473761 0.000308133
202 0 0 0 0 0 0 -1 0.00476696 0.000311053
170 0 0 0 0 0 0 -1 0.00474219 0.000242553
187 0 0 0 0 0 0 -1 0.00472799 0.000304287
162 0 0 0 0 0 0 -1 0.00476744 0.000233605
163 21 46.5946 47.0113 47.8493 48.0015 48.266 47.5445 0.0115486 0.000300137
196 0 0 0 0 0 0 -1 0.00482346 0.000315827
131 1 33.9312 0 0 0 0 33.9312 0.00608897 0.000249931
154 0 0 0 0 0 0 -1 0.00457264 0.000162872
173 0 0 0 0 0 0 -1 0.00474293 0.000232548
166 0 0 0 0 0 0 -1 0.0047263 0.000299806
198 26 55.0856 55.336 55.697 55.8832 56.4277 55.6859 0.0120192 0.000299845
154 0 0 0 0 0 0 -1 0.00465078 0.000224415
130 2 28.3567 28.4703 0 0 0 28.4135 0.0058787 0.000307091
149 0 0 0 0 0 0 -1 0.00474657 0.000300584
138 0 0 0 0 0 0 -1 0.00554293 0.000240271
166 14 30.0794 39.5386 40.2408 49.7002 50.8867 42.0891 0.0084849 0.000147157
134 0 0 0 0 0 0 -1 0.00464638 0.000229963
121 0 0 0 0 0 0 -1 0.00527878 0.000219945
107 0 0 0 0 0 0 -1 0.00467637 0.000242351
162 0 0 0 0 0 0 -1 0.0045099 0.000116211
141 13 30.8237 32.8182 38.0796 40.0439 44.4707 37.2472 0.00949711 0.000305233
182 83 31.6352 37.6565 38.2532 39.3291 39.3791 37.2506 0.0261648 0.00032621
178 0 0 0 0 0 0 -1 0.00484529 0.00027373
447 300 29.1557 29.6138 29.7949 30.2547 30.9079 29.9454 0.0229652 0.000144505
190 0 0 0 0 0 0 -1 0.00503874 0.000337967
287 300 28.3561 29.3857 29.9986 31.0282 33.1583 30.3854 0.0279613 0.000365467
195 0 0 0 0 0 0 -1 0.00502445 0.000347947
184 0 0 0 0 0 0 -1 0.00465792 0.00026067
221 0 0 0 0 0 0 -1 0.00474347 0.000283376
133 9 30.1456 31.2276 32.2706 33.303 34.385 32.2664 0.00654509 0.000308577
110 0 0 0 0 0 0 -1 0.00499515 0.000400986
259 27 27.995 28.3561 29.0248 29.386 29.9665 28.9457 0.0104518 0.000121969
155 7 29.7959 30.2498 31.5929 32.1543 34.5395 31.6665 0.00782018 0.000367252
150 0 0 0 0 0 0 -1 0.00487238 0.000241346
113 0 0 0 0 0 0 -1 0.00460923 0.000218598
177 0 0 0 0 0 0 -1 0.00464722 0.000219991
188 63 34.072 34.2574 35.1318 35.6615 36.1122 35.047 0.014467 0.000334236
168 2 31.643 0 0 0 0 31.643 0.00666453 0.000328515
136 0 0 0 0 0 0 -1 0.00476235 0.000310991
234 103 31.4078 32.2189 34.012 34.0149 34.2875 33.1882 0.0224893 0.000194022
183 0 0 0 0 0 0 -1 0.00482893 0.000315235
