214 8 32.2245 32.5092 33.0139 33.2986 34.0958 33.0284 0.00857474 0.000267175
784 100 29.6963 29.7081 29.766 30.4863 30.4979 30.0309 0.0421562 0.00602793
333 100 29.1901 29.2687 29.4157 29.8506 29.8711 29.5192 0.0357931 0.00909356
488 100 28.427 29.1901 29.2687 29.3989 29.4157 29.1401 0.036104 0.011193
709 100 28.3642 29.1901 29.2687 29.3343 29.4157 29.1146 0.0438748 0.0207953
296 0 28.4862 29.1901 29.2687 29.28 29.4157 29.1281 0.0148385 0.0106788
737 100 28.4454 29.1901 29.2687 29.3884 29.4157 29.1417 0.0501509 0.0219411
684 100 28.4146 28.7456 29.1901 29.2687 29.3891 29.0016 0.039676 0.0154346
596 100 28.5583 28.7371 29.1901 29.2687 29.3891 29.0287 0.0472923 0.0193574
615 100 28.461 28.5143 28.7371 29.1901 29.2687 28.8342 0.0360023 0.0123704
564 100 28.4485 28.4608 28.7371 29.1901 29.2687 28.821 0.0516597 0.0196959
693 100 28.429 28.4608 28.7371 29.1457 29.1901 28.7925 0.0391668 0.0154394
627 100 28.368 28.4608 28.7371 28.9926 29.1901 28.7497 0.0404488 0.0194113
307 0 28.4608 28.4966 28.7371 28.9926 29.1901 28.7754 0.0260397 0.0218018
919 100 28.4329 28.4608 28.6663 28.7371 28.9926 28.6579 0.0316793 0.00596855
441 100 28.294 28.3747 28.4608 28.7371 28.9926 28.5718 0.0454729 0.0115899
656 100 28.294 28.4608 28.5162 28.7371 28.9926 28.6001 0.0376835 0.00824905
677 100 28.294 28.4502 28.4608 28.7371 28.9926 28.5869 0.0274346 0.00586361
454 98 28.294 28.4363 28.4608 28.7371 28.9926 28.5841 0.0366998 0.00844028
436 100 28.294 28.3823 28.4608 28.7371 28.9926 28.5733 0.0407866 0.0148052
505 100 28.294 28.4608 28.5422 28.7371 28.9926 28.6053 0.0436581 0.00760473
717 100 28.294 28.4608 28.4946 28.7371 28.9926 28.5958 0.0244714 0.00629519
707 100 28.0457 28.294 28.4311 28.4608 28.7371 28.3937 0.0482611 0.0214122
261 15 28.0365 28.294 28.3714 28.4608 28.7371 28.3799 0.0247082 0.0161649
683 0 28.0365 28.294 28.4608 28.5062 28.7371 28.4069 0.0267529 0.0226639
1008 100 28.0365 28.294 28.4414 28.4608 28.7371 28.394 0.0349806 0.0108196
645 100 28.0365 28.294 28.3987 28.4608 28.7371 28.3854 0.0442982 0.0220991
505 100 28.0365 28.294 28.4608 28.5193 28.7371 28.4095 0.0392792 0.0107512
823 100 28.0365 28.294 28.4602 28.4608 28.7371 28.3977 0.0444099 0.0168126
565 100 28.0365 28.294 28.4466 28.4608 28.7371 28.395 0.0405056 0.0191156
229 5 28.0365 28.294 28.42 28.4608 28.7371 28.3897 0.0298985 0.0222478
577 100 28.0365 28.294 28.36 28.4608 28.7371 28.3777 0.0298186 0.00728035
700 100 28.0365 28.294 28.4608 28.4731 28.7371 28.4003 0.0500208 0.0236242
295 0 28.0365 28.294 28.4247 28.4608 28.7371 28.3906 0.0283795 0.0241456
1057 100 28.0365 28.294 28.363 28.4608 28.7371 28.3783 0.0539148 0.0215154
476 100 28.0365 28.294 28.4608 28.4826 28.7371 28.4022 0.0449122 0.00929928
756 100 28.0365 28.294 28.44 28.4608 28.7371 28.3937 0.0333257 0.011596
684 100 28.0365 28.294 28.3937 28.4608 28.7371 28.3844 0.0488561 0.0224114
691 100 28.0365 28.294 28.4608 28.512 28.7371 28.4081 0.0399916 0.0174754
545 100 28.0365 28.294 28.4466 28.4608 28.7371 28.395 0.0420538 0.011166
689 100 28.0365 28.294 28.4198 28.4608 28.7371 28.3896 0.0339499 0.0130664
666 100 28.0365 28.294 28.4608 28.5729 28.7371 28.4202 0.0346839 0.0110367
724 100 28.0365 28.294 28.4608 28.5631 28.7371 28.4183 0.042236 0.0104668
644 100 28.0365 28.294 28.4608 28.5269 28.7371 28.411 0.0474167 0.0228458
689 100 28.0365 28.294 28.4608 28.4666 28.7371 28.399 0.0419445 0.0189691
426 100 28.0365 28.294 28.4155 28.4608 28.7371 28.3888 0.0517974 0.0113464
319 28 28.0365 28.294 28.4608 28.5606 28.7371 28.4178 0.0397481 0.0242671
754 100 28.0365 28.294 28.4608 28.5201 28.7371 28.4097 0.0427812 0.0119362
667 100 28.0365 28.294 28.4608 28.4609 28.7371 28.3979 0.0379366 0.0111139
817 100 28.0365 28.294 28.4493 28.4608 28.7371 28.3955 0.0498285 0.0221928
595 100 28.0365 28.294 28.4323 28.4608 28.7371 28.3921 0.0430882 0.0155834
584 100 27.9613 28.0365 28.294 28.3736 28.4608 28.2252 0.0229752 0.0110781
355 100 27.9589 28.0365 28.294 28.4608 28.5128 28.2526 0.0654452 0.0303874
681 100 27.9589 28.0365 28.294 28.4473 28.4608 28.2395 0.0372719 0.0122168
557 100 27.9589 28.0365 28.294 28.423 28.4608 28.2346 0.0339725 0.0114933
769 100 27.9589 28.0365 28.294 28.362 28.4608 28.2224 0.0444737 0.0228896
647 100 27.9589 28.0365 28.294 28.4608 28.4797 28.246 0.0414177 0.0194648
701 100 27.9589 28.0365 28.294 28.4355 28.4608 28.2371 0.0380696 0.0110643
752 100 27.9589 28.0365 28.294 28.3808 28.4608 28.2262 0.0370366 0.0100996
652 100 27.9589 28.0365 28.294 28.4608 28.5356 28.2571 0.0314907 0.00865411
533 100 27.9589 28.0365 28.294 28.4608 28.4821 28.2465 0.046067 0.0110085
554 100 27.9589 28.0365 28.294 28.4394 28.4608 28.2379 0.0461064 0.0243981
752 9 27.9589 28.0365 28.294 28.3915 28.4608 28.2283 0.0159272 0.0108749
611 100 27.9589 28.0365 28.294 28.4608 28.5091 28.2518 0.0478917 0.022124
566 100 27.9589 28.0365 28.294 28.444 28.4608 28.2388 0.0425559 0.0126883
633 100 27.9589 28.0365 28.294 28.4089 28.4608 28.2318 0.0250227 0.0110831
753 100 27.9589 28.0365 28.294 28.4608 28.5377 28.2576 0.03487 0.0110369
736 100 27.9589 28.0365 28.294 28.4608 28.4859 28.2472 0.0480836 0.0223053
871 100 27.9589 28.0365 28.294 28.4449 28.4608 28.239 0.0284873 0.0107672
755 100 27.9589 28.0365 28.294 28.4125 28.4608 28.2325 0.0434997 0.0223474
836 100 27.9589 28.0365 28.294 28.4608 28.5458 28.2592 0.0387835 0.00929653
626 100 27.9589 28.0365 28.294 28.4608 28.5024 28.2505 0.0406508 0.0109941
534 100 27.9589 28.0365 28.294 28.438 28.4608 28.2376 0.0342295 0.0109721
608 100 27.9589 28.0365 28.294 28.3872 28.4608 28.2275 0.0419646 0.0198126
702 100 27.9589 28.0365 28.294 28.4608 28.5676 28.2635 0.0501965 0.0214703
671 100 27.9589 28.0365 28.294 28.4608 28.5395 28.2579 0.0454453 0.0143603
774 100 27.9589 28.0365 28.294 28.4608 28.4893 28.2479 0.0423137 0.0198034
782 100 27.9589 28.0365 28.294 28.4495 28.4608 28.2399 0.0455215 0.0213004
766 100 27.9589 28.0365 28.294 28.4332 28.4608 28.2367 0.0384706 0.010922
757 100 27.9589 28.0365 28.294 28.3753 28.4608 28.2251 0.0307876 0.0115651
649 100 27.9589 28.0365 28.294 28.4608 28.518 28.2536 0.0320253 0.0113333
673 100 27.9589 28.0365 28.294 28.4591 28.4608 28.2418 0.0390605 0.0108111
393 36 27.9589 28.0365 28.294 28.4426 28.4608 28.2385 0.0267311 0.0110063
710 100 27.9589 28.0365 28.294 28.403 28.4608 28.2306 0.0499767 0.0209664
395 100 27.9589 28.0365 28.294 28.4608 28.5263 28.2553 0.0458058 0.0240642
765 100 27.9589 28.0365 28.294 28.4608 28.4658 28.2432 0.040819 0.0111494
501 100 27.9589 28.0365 28.294 28.4142 28.4608 28.2329 0.0404975 0.0112477
699 100 27.9589 28.0365 28.294 28.4608 28.5574 28.2615 0.0462193 0.0108877
709 100 27.9589 28.0365 28.294 28.4608 28.5121 28.2524 0.0360826 0.011874
570 100 27.9589 28.0365 28.294 28.4466 28.4608 28.2393 0.0356915 0.0109494
661 100 27.9589 28.0365 28.294 28.42 28.4608 28.234 0.0353876 0.0213434
758 100 27.9589 28.0365 28.294 28.36 28.4608 28.222 0.0612587 0.0227356
726 100 27.9589 28.0365 28.294 28.4608 28.473 28.2446 0.0327019 0.0117164
619 100 27.9589 28.0365 28.294 28.4246 28.4608 28.2349 0.0363087 0.0112948
717 100 27.9589 28.0365 28.294 28.3628 28.4608 28.2226 0.0505088 0.0230634
555 100 27.9589 28.0365 28.294 28.4608 28.4821 28.2464 0.0360486 0.0176807
677 100 27.9589 28.0365 28.294 28.4393 28.4608 28.2379 0.035278 0.0116237
556 100 27.9589 28.0365 28.294 28.3913 28.4608 28.2283 0.0483561 0.0186911
452 60 27.9589 28.0365 28.294 28.4608 28.5088 28.2518 0.0466975 0.0289716
758 100 27.9589 28.0365 28.294 28.4438 28.4608 28.2388 0.0449356 0.0234346
248 84 27.9589 28.0365 28.294 28.4079 28.4608 28.2316 0.0534882 0.0252351
403 60 27.9589 28.0365 28.294 28.4608 28.5356 28.2571 0.0403316 0.0205547
715 100 27.9589 28.0365 28.294 28.4608 28.4821 28.2464 0.0347281 0.0110277
721 100 27.9589 28.0365 28.294 28.4393 28.4608 28.2379 0.034026 0.0113213
755 100 27.9589 28.0365 28.294 28.3913 28.4608 28.2283 0.0427936 0.0200471
768 100 27.9589 28.0365 28.294 28.4608 28.5089 28.2518 0.0483608 0.0159262
703 100 27.9589 28.0365 28.294 28.4439 28.4608 28.2388 0.0451951 0.0187296
718 100 27.9589 28.0365 28.294 28.4083 28.4608 28.2317 0.0328833 0.0116036
600 100 27.9589 28.0365 28.294 28.4608 28.5363 28.2573 0.0605736 0.027453
732 100 27.9589 28.0365 28.294 28.4608 28.4834 28.2467 0.0430213 0.0149041
656 100 27.9589 28.0365 28.294 28.4413 28.4608 28.2383 0.0344817 0.0148927
753 100 27.9589 28.0365 28.294 28.3982 28.4608 28.2297 0.0309846 0.0127656
782 100 27.9589 28.0365 28.294 28.4608 28.5186 28.2537 0.0306682 0.0122384
676 100 27.9589 28.0365 28.294 28.4596 28.4608 28.2419 0.0566796 0.0221759
467 100 27.9589 28.0365 28.294 28.4444 28.4608 28.2389 0.0355891 0.0135578
640 100 27.9589 28.0365 28.294 28.4106 28.4608 28.2321 0.0596939 0.0239551
727 100 27.9589 28.0365 28.294 28.4608 28.5413 28.2583 0.0441133 0.0182252
741 0 27.9589 28.0365 28.294 28.4608 28.4929 28.2486 0.0156237 0.011519
1217 100 27.9589 28.0365 28.294 28.4296 28.4608 28.236 0.0441231 0.0219189
705 100 27.9589 28.0365 28.294 28.369 28.4608 28.2238 0.0481825 0.0235178
722 100 27.9589 28.0365 28.294 28.4608 28.4993 28.2499 0.0413433 0.0176424
686 100 27.9589 28.0365 28.294 28.4353 28.4608 28.2371 0.0438393 0.0114537
759 100 27.9589 28.0365 28.294 28.3802 28.4608 28.2261 0.0279245 0.0115719
637 100 27.9589 28.0365 28.294 28.4608 28.5338 28.2568 0.0509568 0.0227321
702 100 27.9589 28.0365 28.294 28.4608 28.479 28.2458 0.0392637 0.0174619
465 100 27.9589 28.0365 28.294 28.4345 28.4608 28.2369 0.0584912 0.0241086
662 100 27.9589 28.0365 28.294 28.3784 28.4608 28.2257 0.0344807 0.0139105
826 100 27.9589 28.0365 28.294 28.4608 28.5277 28.2556 0.0444627 0.0191069
646 100 27.9589 28.0365 28.294 28.4608 28.4677 28.2436 0.0498751 0.0169463
590 100 27.9589 28.0365 28.294 28.4176 28.4608 28.2335 0.0481297 0.0210854
729 100 27.9589 28.0365 28.294 28.4608 28.5662 28.2633 0.0403483 0.0231708
623 100 27.9589 28.0365 28.294 28.4608 28.5357 28.2572 0.0328065 0.0123485
627 100 27.9589 28.0365 28.294 28.4608 28.4822 28.2465 0.0456602 0.0205733
618 100 27.9589 28.0365 28.294 28.4395 28.4608 28.2379 0.0385205 0.0235118
704 100 27.9589 28.0365 28.294 28.3918 28.4608 28.2284 0.0499897 0.0237364
530 0 27.9589 28.0365 28.294 28.4608 28.5095 28.2519 0.0254103 0.0212623
790 100 27.9589 28.0365 28.294 28.4444 28.4608 28.2389 0.0574652 0.0328401
723 100 27.9589 28.0365 28.294 28.4104 28.4608 28.2321 0.0672312 0.0209002
830 100 27.9589 28.0365 28.294 28.4608 28.541 28.2582 0.0433194 0.0219039
629 100 27.9589 28.0365 28.294 28.4608 28.4922 28.2485 0.0285385 0.0117563
753 100 27.9589 28.0365 28.294 28.4605 28.4608 28.2421 0.0512657 0.0242032
350 0 27.9589 28.0365 28.294 28.4478 28.4608 28.2396 0.0217744 0.0176266
946 100 27.9589 28.0365 28.294 28.4259 28.4608 28.2352 0.033663 0.0115229
624 100 27.9589 28.0365 28.294 28.3641 28.4608 28.2228 0.0306409 0.011429
459 100 27.9589 28.0365 28.294 28.4608 28.4858 28.2472 0.0525804 0.023413
339 0 27.9589 28.0365 28.294 28.4448 28.4608 28.239 0.033322 0.0291663
995 100 27.9589 28.0365 28.294 28.412 28.4608 28.2324 0.0481624 0.0227021
694 100 27.9589 28.0365 28.294 28.4608 28.5447 28.259 0.0498075 0.0192808
631 100 27.9589 28.0365 28.294 28.4608 28.4998 28.25 0.0441113 0.0114162
712 100 27.9589 28.0365 28.294 28.4357 28.4608 28.2372 0.0380359 0.0171148
631 100 27.9589 28.0365 28.294 28.3812 28.4608 28.2263 0.0494318 0.0235537
740 100 27.9589 28.0365 28.294 28.4608 28.5371 28.2574 0.0425479 0.0187896
727 100 27.9589 28.0365 28.294 28.4608 28.4848 28.247 0.0318203 0.0115085
697 73 27.9589 28.0365 28.294 28.4434 28.4608 28.2387 0.0358272 0.0215909
599 100 27.9589 28.0365 28.294 28.4063 28.4608 28.2313 0.0352453 0.00886843
610 100 27.9589 28.0365 28.294 28.4608 28.5323 28.2565 0.0329655 0.0107741
647 100 27.9589 28.0365 28.294 28.4608 28.4766 28.2453 0.0426238 0.0220097
569 100 27.9589 28.0365 28.294 28.4305 28.4608 28.2361 0.056999 0.0228402
