212 20 40.0691 40.2688 41.0224 41.2221 57.3859 43.9937 0.0115023 0.000176566
130 0 39.3511 39.5333 40.3839 40.5676 56.6836 43.3039 0.0101315 0.00580494
128 0 39.345 39.5321 40.3839 40.5676 56.6695 43.2996 0.0089213 0.00464871
240 0 39.345 39.5321 40.3839 40.5676 56.6695 43.2996 0.00846905 0.00416754
334 0 39.345 39.5321 40.3839 40.5676 56.6695 43.2996 0.0138712 0.00960376
76 0 39.345 39.5321 40.3839 40.5676 56.6695 43.2996 0.00829809 0.00379441
104 0 39.345 39.5321 40.3839 40.5676 56.6695 43.2996 0.011739 0.0072765
66 0 39.345 39.5321 40.3839 40.5676 56.6695 43.2996 0.0173792 0.0128898
168 0 39.345 39.5321 40.3839 40.5676 56.6695 43.2996 0.0091746 0.00482968
125 0 39.345 39.5321 40.3839 40.5676 56.6695 43.2996 0.0184199 0.0140586
106 0 39.345 39.5321 40.3839 40.5676 56.6695 43.2996 0.0180228 0.0136686
239 3 36.4134 39.345 39.5321 40.3839 40.5676 39.2484 0.0118196 0.00610384
154 0 36.4124 39.345 39.5321 40.3839 40.5676 39.2482 0.0214634 0.0170815
104 0 36.4119 39.345 39.5321 40.3839 40.5676 39.2481 0.0162982 0.0117648
95 0 36.4124 39.345 39.5321 40.3839 40.5676 39.2482 0.0130005 0.00856604
130 0 36.4124 39.345 39.5321 40.3839 40.5676 39.2482 0.0116303 0.00733296
258 80 29.7074 31.0454 31.5905 31.6923 33.0304 31.4132 0.0381784 0.004554
244 0 29.6137 30.9531 31.5162 31.5795 32.9189 31.3163 0.0212762 0.0168613
183 4 28.4608 29.6137 30.9531 31.5162 31.5796 30.4247 0.0250255 0.0199723
275 11 28.4608 29.6137 30.1253 30.9531 31.5162 30.1338 0.0250497 0.0185594
149 0 28.4608 29.6137 30.1329 30.9531 31.5162 30.1353 0.0152893 0.0107614
87 0 28.4608 29.6137 30.1329 30.9531 31.5162 30.1353 0.0144203 0.0100481
99 0 28.4608 29.6137 30.1329 30.9531 31.5162 30.1353 0.0148531 0.010374
167 0 28.4608 29.6137 30.1329 30.9531 31.5162 30.1353 0.0124233 0.00809798
133 0 28.4608 29.6137 30.1329 30.9531 31.5162 30.1353 0.0109583 0.00653208
305 0 28.4608 29.6137 30.1329 30.9531 31.5162 30.1353 0.0245079 0.020163
138 0 28.4608 29.6137 30.1329 30.9531 31.5162 30.1353 0.0273325 0.0229291
142 0 28.4608 29.6137 30.1329 30.9531 31.5162 30.1353 0.0210221 0.016686
364 102 28.4608 29.6137 30.1329 30.9531 31.1239 30.0569 0.109921 0.0246963
306 24 28.4608 29.6137 30.1329 30.9531 31.1334 30.0588 0.0216968 0.00800633
109 0 28.4608 29.6137 30.1329 30.9531 31.1329 30.0587 0.015429 0.0106219
234 1 28.4608 29.6137 30.1329 30.9531 31.133 30.0587 0.0267005 0.0214175
170 1 28.4608 29.6137 30.1329 30.9531 31.1334 30.0588 0.0210797 0.0161198
144 0 28.4608 29.6137 30.1329 30.9531 31.1329 30.0587 0.0153192 0.010988
103 0 28.4608 29.6137 30.1329 30.9531 31.133 30.0587 0.0223558 0.0178833
244 0 28.4608 29.6137 30.1329 30.9531 31.1334 30.0588 0.0251732 0.0209179
97 0 28.4608 29.6137 30.1329 30.9531 31.1329 30.0587 0.0197597 0.01542
272 0 28.4608 29.6137 30.1329 30.9531 31.133 30.0587 0.0265084 0.0221403
120 0 28.4608 29.6137 30.1329 30.9531 31.1334 30.0588 0.0160654 0.0117084
234 0 28.4608 29.6137 30.1329 30.9531 31.1329 30.0587 0.026056 0.021732
107 0 28.4608 29.6137 30.1329 30.9531 31.133 30.0587 0.0182383 0.0136366
162 0 28.4608 29.6137 30.1329 30.9531 31.1334 30.0588 0.0236103 0.0193292
160 0 28.4608 29.6137 30.1329 30.9531 31.1329 30.0587 0.0135977 0.00931038
270 0 28.4608 29.6137 30.1329 30.9531 31.133 30.0587 0.0267687 0.022423
252 0 28.4608 29.6137 30.1329 30.9531 31.1334 30.0588 0.023572 0.0190134
199 0 28.4608 29.6137 30.1329 30.9531 31.1329 30.0587 0.0219388 0.0174748
161 0 28.4608 29.6137 30.1329 30.9531 31.133 30.0587 0.0157507 0.0114117
116 0 28.4608 29.6137 30.1329 30.9531 31.1334 30.0588 0.0163682 0.0118378
263 48 28.4608 29.494 29.6137 30.0872 30.1329 29.5577 0.0390484 0.0176287
126 0 28.4608 29.4909 29.6137 30.0872 30.1329 29.5571 0.0155643 0.0112478
270 46 28.4608 29.4909 29.6137 30.0872 30.1329 29.5571 0.0377327 0.0202013
188 7 28.4608 29.4909 29.6137 30.0872 30.1329 29.5571 0.0306888 0.0247016
165 0 28.4608 29.4909 29.6137 30.0872 30.1329 29.5571 0.0229479 0.018617
265 28 28.4608 29.4909 29.6137 30.0872 30.1329 29.5571 0.0359732 0.0223182
133 0 28.4608 29.4909 29.6137 30.0872 30.1329 29.5571 0.0105181 0.00620289
188 0 28.4608 29.4909 29.6137 30.0872 30.1329 29.5571 0.0241953 0.0198746
297 0 28.4608 29.4909 29.6137 30.0872 30.1329 29.5571 0.021283 0.0170202
190 8 28.4608 29.4909 29.6137 30.0872 30.1329 29.5571 0.0249169 0.0180962
164 0 28.4608 29.4909 29.6137 30.0872 30.1329 29.5571 0.0238422 0.0194551
291 0 28.4608 29.4909 29.6137 30.0872 30.1329 29.5571 0.0143017 0.00992273
149 0 28.4608 29.4909 29.6137 30.0872 30.1329 29.5571 0.0134367 0.00916202
219 0 28.4608 29.4909 29.6137 30.0872 30.1329 29.5571 0.0268721 0.0225989
103 0 28.4608 29.4909 29.6137 30.0872 30.1329 29.5571 0.0145308 0.0102461
249 0 28.4608 29.4909 29.6137 30.0872 30.1329 29.5571 0.0286905 0.0244225
94 0 28.4608 29.4909 29.6137 30.0872 30.1329 29.5571 0.0155193 0.0110072
242 26 28.4608 29.4909 29.6137 30.0872 30.1329 29.5571 0.0320321 0.0196943
216 0 28.4608 29.4909 29.6137 30.0872 30.1329 29.5571 0.0210746 0.0167472
174 0 28.4608 29.4909 29.6137 30.0872 30.1329 29.5571 0.0130273 0.00871421
169 0 28.4608 29.4909 29.6137 30.0872 30.1329 29.5571 0.0209146 0.0166304
270 0 28.4608 29.4909 29.6137 30.0872 30.1329 29.5571 0.0264872 0.0222063
119 0 28.4608 29.4909 29.6137 30.0872 30.1329 29.5571 0.0213501 0.0169487
89 0 28.4608 29.4909 29.6137 30.0872 30.1329 29.5571 0.0150846 0.0106437
282 0 28.4608 29.4909 29.6137 30.0872 30.1329 29.5571 0.0227963 0.0185
195 18 28.4608 29.4909 29.6137 30.0872 30.1329 29.5571 0.0255549 0.0157253
133 0 28.4608 29.4909 29.6137 30.0872 30.1329 29.5571 0.0217387 0.0174536
180 0 28.4608 29.4909 29.6137 30.0872 30.1329 29.5571 0.0147281 0.0104524
298 15 28.4608 29.4909 29.6137 30.0872 30.1329 29.5571 0.0226149 0.0153599
70 0 28.4608 29.4909 29.6137 30.0872 30.1329 29.5571 0.0159214 0.0114789
110 0 28.4608 29.4909 29.6137 30.0872 30.1329 29.5571 0.0182086 0.0135995
118 0 28.4608 29.4909 29.6137 30.0872 30.1329 29.5571 0.0153769 0.0109081
83 0 28.4608 29.4909 29.6137 30.0872 30.1329 29.5571 0.014287 0.00993837
255 0 28.4608 29.4909 29.6137 30.0872 30.1329 29.5571 0.0222818 0.0180033
163 0 28.4608 29.4909 29.6137 30.0872 30.1329 29.5571 0.0217228 0.0174681
231 0 28.4608 29.4909 29.6137 30.0872 30.1329 29.5571 0.0259775 0.0216716
150 0 28.4608 29.4909 29.6137 30.0872 30.1329 29.5571 0.0213815 0.0170585
168 0 28.4608 29.4909 29.6137 30.0872 30.1329 29.5571 0.0250568 0.0208065
189 0 28.4608 29.4909 29.6137 30.0872 30.1329 29.5571 0.0196231 0.0152984
125 0 28.4608 29.4909 29.6137 30.0872 30.1329 29.5571 0.0148874 0.0105321
130 16 28.4608 29.4909 29.6137 30.0872 30.1329 29.5571 0.0266508 0.0159194
64 0 28.4608 29.4909 29.6137 30.0872 30.1329 29.5571 0.0154562 0.0110804
295 0 28.4608 29.4909 29.6137 30.0872 30.1329 29.5571 0.0235983 0.0193232
215 0 28.4608 29.4909 29.6137 30.0872 30.1329 29.5571 0.0154187 0.0110862
206 78 28.4608 29.4909 29.6137 30.0401 30.0872 29.5385 0.0611258 0.0195695
172 0 28.4608 29.4909 29.6137 30.0409 30.0872 29.5387 0.0154057 0.0111342
108 0 28.4608 29.4909 29.6137 30.0409 30.0872 29.5387 0.015264 0.0109768
168 0 28.4608 29.4909 29.6137 30.0409 30.0872 29.5387 0.0235623 0.0193102
172 0 28.4608 29.4909 29.6137 30.0409 30.0872 29.5387 0.0147525 0.0103327
172 0 28.4608 29.4909 29.6137 30.0409 30.0872 29.5387 0.0173773 0.0130677
123 0 28.4608 29.4909 29.6137 30.0409 30.0872 29.5387 0.0149157 0.0106211
131 0 28.4608 29.4909 29.6137 30.0409 30.0872 29.5387 0.0177582 0.0133761
231 0 28.4608 29.4909 29.6137 30.0409 30.0872 29.5387 0.023072 0.0187232
140 0 28.4608 29.4909 29.6137 30.0409 30.0872 29.5387 0.0171536 0.0126895
152 0 28.4608 29.4909 29.6137 30.0409 30.0872 29.5387 0.0254254 0.0211153
213 3 28.4608 29.4909 29.6137 30.0409 30.0872 29.5387 0.0206865 0.0155696
95 0 28.4608 29.4909 29.6137 30.0409 30.0872 29.5387 0.0156252 0.0112801
218 0 28.4608 29.4909 29.6137 30.0409 30.0872 29.5387 0.0136037 0.00925688
190 0 28.4608 29.4909 29.6137 30.0409 30.0872 29.5387 0.0152654 0.0109406
127 0 28.4608 29.4909 29.6137 30.0409 30.0872 29.5387 0.0189433 0.0146361
334 103 28.4608 29.4909 29.6137 30.0409 30.0872 29.5387 0.0682053 0.0225241
137 0 28.4608 29.4909 29.6137 30.0409 30.0872 29.5387 0.0156968 0.0113393
221 0 28.4608 29.4909 29.6137 30.0409 30.0872 29.5387 0.0229621 0.0186684
238 18 28.4608 29.4909 29.6137 30.0409 30.0872 29.5387 0.025356 0.0183501
138 0 28.4608 29.4909 29.6137 30.0409 30.0872 29.5387 0.0162833 0.011916
129 0 28.4608 29.4909 29.6137 30.0409 30.0872 29.5387 0.0145005 0.0101224
95 0 28.4608 29.4909 29.6137 30.0409 30.0872 29.5387 0.0156215 0.0112086
257 17 28.4608 29.4909 29.6137 30.0409 30.0872 29.5387 0.0261076 0.0184013
125 0 28.4608 29.4909 29.6137 30.0409 30.0872 29.5387 0.0158835 0.0112953
112 0 28.4608 29.4909 29.6137 30.0409 30.0872 29.5387 0.0173626 0.0129985
134 0 28.4608 29.4909 29.6137 30.0409 30.0872 29.5387 0.0172234 0.0129177
243 9 28.4608 29.4909 29.6137 30.0409 30.0872 29.5387 0.0200982 0.014519
169 0 28.4608 29.4909 29.6137 30.0409 30.0872 29.5387 0.014674 0.0101869
188 0 28.4608 29.4909 29.6137 30.0409 30.0872 29.5387 0.0151447 0.0108285
229 0 28.4608 29.4909 29.6137 30.0409 30.0872 29.5387 0.0252487 0.0209807
220 0 28.4608 29.4909 29.6137 30.0409 30.0872 29.5387 0.0212386 0.016981
315 0 28.4608 29.4909 29.6137 30.0409 30.0872 29.5387 0.0251601 0.0208323
117 0 28.4608 29.4909 29.6137 30.0409 30.0872 29.5387 0.0187037 0.0144346
148 0 28.4608 29.4909 29.6137 30.0409 30.0872 29.5387 0.0152701 0.0109372
267 38 28.4608 29.4909 29.6137 30.0409 30.0872 29.5387 0.0465088 0.0196297
224 0 28.4608 29.4909 29.6137 30.0409 30.0872 29.5387 0.0260101 0.0216153
265 0 28.4608 29.4909 29.6137 30.0409 30.0872 29.5387 0.0248368 0.0205414
94 0 28.4608 29.4909 29.6137 30.0409 30.0872 29.5387 0.014907 0.0103907
299 0 28.4608 29.4909 29.6137 30.0409 30.0872 29.5387 0.0113267 0.0069891
271 0 28.4608 29.4909 29.6137 30.0409 30.0872 29.5387 0.0282578 0.0239273
234 0 28.4608 29.4909 29.6137 30.0409 30.0872 29.5387 0.0249904 0.0207314
219 10 28.4608 29.4909 29.6137 30.0409 30.0872 29.5387 0.0261173 0.0188577
104 0 28.4608 29.4909 29.6137 30.0409 30.0872 29.5387 0.0200041 0.0155377
320 0 28.4608 29.4909 29.6137 30.0409 30.0872 29.5387 0.0251866 0.0208156
126 1 28.4608 29.4909 29.6137 30.0409 30.0872 29.5387 0.0191867 0.0143445
117 0 28.4608 29.4909 29.6137 30.0409 30.0872 29.5387 0.0156424 0.0112416
371 0 28.4608 29.4909 29.6137 30.0409 30.0872 29.5387 0.0226592 0.0183724
59 0 28.4608 29.4909 29.6137 30.0409 30.0872 29.5387 0.0154692 0.0110502
247 0 28.4608 29.4909 29.6137 30.0409 30.0872 29.5387 0.0178337 0.0135724
134 0 28.4608 29.4909 29.6137 30.0409 30.0872 29.5387 0.0152954 0.0109081
78 0 28.4608 29.4909 29.6137 30.0409 30.0872 29.5387 0.0216594 0.0170166
293 0 28.4608 29.4909 29.6137 30.0409 30.0872 29.5387 0.0234073 0.0191009
175 0 28.4608 29.4909 29.6137 30.0409 30.0872 29.5387 0.0186782 0.0143804
215 0 28.4608 29.4909 29.6137 30.0409 30.0872 29.5387 0.0267243 0.0224739
280 0 28.4608 29.4909 29.6137 30.0409 30.0872 29.5387 0.0198241 0.015511
265 3 28.4608 29.4909 29.6137 30.0409 30.0872 29.5387 0.02459 0.0193484
144 0 28.4608 29.4909 29.6137 30.0409 30.0872 29.5387 0.0178864 0.0136102
238 23 28.4608 29.4909 29.6137 30.0409 30.0872 29.5387 0.0329675 0.0200066
179 0 28.4608 29.4909 29.6137 30.0409 30.0872 29.5387 0.0211318 0.0167911
137 0 28.4608 29.4909 29.6137 30.0409 30.0872 29.5387 0.0222801 0.017902
277 0 28.4608 29.4909 29.6137 30.0409 30.0872 29.5387 0.022198 0.017931
354 0 28.4608 29.4909 29.6137 30.0409 30.0872 29.5387 0.0264542 0.0221538
311 0 28.4608 29.4909 29.6137 30.0409 30.0872 29.5387 0.0215027 0.0171315
112 0 28.4608 29.4909 29.6137 30.0409 30.0872 29.5387 0.0249533 0.0206695
243 49 28.4608 29.4909 29.6137 30.0409 30.0872 29.5387 0.0413342 0.0138305
