114 0 0 0 0 0 0 -1 0.0048259 0.000366551
205 1 54.2299 0 0 0 0 54.2299 0.00528282 0.000146355
191 0 54.2432 0 0 0 0 54.2432 0.0066558 0.00232893
119 0 54.2345 0 0 0 0 54.2345 0.00677452 0.0024327
128 0 54.2432 0 0 0 0 54.2432 0.00871812 0.00423098
81 0 54.2345 0 0 0 0 54.2345 0.00861319 0.00426765
58 0 54.2432 0 0 0 0 54.2432 0.0085919 0.00392031
117 0 54.2345 0 0 0 0 54.2345 0.00881257 0.00420855
85 0 54.2432 0 0 0 0 54.2432 0.00855616 0.0040768
205 2 50.2514 51.1271 54.2345 0 0 51.871 0.010831 0.0039876
369 30 30.1627 30.6508 31.0632 31.2287 31.6262 30.9463 0.0219904 0.01101
106 0 29.8996 30.6733 31.0698 31.2359 31.6332 30.9024 0.0143445 0.00990408
266 22 29.8996 30.3997 30.6733 31.0698 31.2359 30.6557 0.018097 0.00887978
125 0 29.8996 30.4025 30.6733 31.0698 31.2359 30.6562 0.0176866 0.0133519
133 0 29.8996 30.4025 30.6733 31.0698 31.2359 30.6562 0.0111644 0.00687223
131 0 29.8996 30.4025 30.6733 31.0698 31.2359 30.6562 0.010379 0.00611467
226 27 29.4856 29.8996 30.4025 30.6733 31.0698 30.3062 0.0189076 0.00590081
247 0 29.4909 29.8996 30.4025 30.6733 31.0698 30.3072 0.0162247 0.0119627
419 0 29.4909 29.8996 30.4025 30.6733 31.0698 30.3072 0.0150105 0.0107079
217 4 29.4909 29.8996 30.4025 30.6733 31.0698 30.3072 0.0241457 0.0182093
121 0 29.4909 29.8996 30.4025 30.6733 31.0698 30.3072 0.0234042 0.0189812
176 0 29.4909 29.8996 30.4025 30.6733 31.0698 30.3072 0.0154808 0.0111167
69 0 29.4909 29.8996 30.4025 30.6733 31.0698 30.3072 0.0222924 0.0179814
263 0 29.4909 29.8996 30.4025 30.6733 31.0698 30.3072 0.0127842 0.00852959
189 18 29.4909 29.8996 30.4025 30.6733 31.0698 30.3072 0.0213077 0.00988364
170 0 29.4909 29.8996 30.4025 30.6733 31.0698 30.3072 0.0180544 0.0137587
301 10 29.4909 29.8996 30.4025 30.6733 31.0698 30.3072 0.0248513 0.0179408
103 0 29.4909 29.8996 30.4025 30.6733 31.0698 30.3072 0.0146925 0.010333
175 0 29.4909 29.8996 30.4025 30.6733 31.0698 30.3072 0.012132 0.00784924
320 132 29.4909 29.6707 29.8996 30.4025 30.4481 29.9824 0.0886545 0.0210339
176 0 29.2589 29.4909 29.8996 30.0409 30.4025 29.8186 0.0266259 0.0222616
193 0 29.2589 29.4909 29.8996 30.0409 30.4025 29.8186 0.016926 0.0126146
110 0 29.2589 29.4909 29.8996 30.0409 30.4025 29.8186 0.0264979 0.0221455
283 0 29.2589 29.4909 29.8996 30.0409 30.4025 29.8186 0.0169181 0.0126288
275 0 29.2589 29.4909 29.8996 30.0409 30.4025 29.8186 0.0267331 0.0224478
185 0 29.2589 29.4909 29.8996 30.0409 30.4025 29.8186 0.0155083 0.0112359
343 0 29.2589 29.4909 29.8996 30.0409 30.4025 29.8186 0.0238421 0.0195979
254 0 29.2589 29.4909 29.8996 30.0409 30.4025 29.8186 0.0163314 0.0120483
269 8 29.2589 29.4909 29.8996 30.0409 30.4025 29.8186 0.0175455 0.0111188
191 1 29.2589 29.4909 29.8996 30.0409 30.4025 29.8186 0.01485 0.00971291
261 0 29.2589 29.4909 29.8996 30.0409 30.4025 29.8186 0.0153093 0.011013
362 14 29.2589 29.4909 29.8996 30.0409 30.4025 29.8186 0.0200188 0.0136424
260 0 29.2589 29.4909 29.8996 30.0409 30.4025 29.8186 0.0145509 0.0102812
485 0 29.2589 29.4909 29.8996 30.0409 30.4025 29.8186 0.0201008 0.0158329
207 0 29.2589 29.4909 29.8996 30.0409 30.4025 29.8186 0.0122914 0.0080518
287 0 29.2589 29.4909 29.8996 30.0409 30.4025 29.8186 0.0228839 0.0186275
222 0 29.2589 29.4909 29.8996 30.0409 30.4025 29.8186 0.0149787 0.0106539
183 0 29.2589 29.4909 29.8996 30.0409 30.4025 29.8186 0.0145197 0.0102406
132 0 29.2589 29.4909 29.8996 30.0409 30.4025 29.8186 0.0327018 0.0283864
214 0 29.2589 29.4909 29.8996 30.0409 30.4025 29.8186 0.0239526 0.0196363
176 0 29.2589 29.4909 29.8996 30.0409 30.4025 29.8186 0.0250145 0.0206509
167 0 29.2589 29.4909 29.8996 30.0409 30.4025 29.8186 0.0199163 0.015666
285 0 29.2589 29.4909 29.8996 30.0409 30.4025 29.8186 0.0263111 0.0220231
368 0 29.2589 29.4909 29.8996 30.0409 30.4025 29.8186 0.022612 0.0183364
150 0 29.2589 29.4909 29.8996 30.0409 30.4025 29.8186 0.0146965 0.0103786
234 0 29.2589 29.4909 29.8996 30.0409 30.4025 29.8186 0.0192153 0.0149375
224 0 29.2589 29.4909 29.8996 30.0409 30.4025 29.8186 0.0291996 0.0248721
145 0 29.2589 29.4909 29.8996 30.0409 30.4025 29.8186 0.0186465 0.0143254
185 0 29.2589 29.4909 29.8996 30.0409 30.4025 29.8186 0.0326562 0.0283073
84 0 29.2589 29.4909 29.8996 30.0409 30.4025 29.8186 0.0186029 0.0142524
226 0 29.2589 29.4909 29.8996 30.0409 30.4025 29.8186 0.0251674 0.0209205
281 0 29.2589 29.4909 29.8996 30.0409 30.4025 29.8186 0.0231953 0.0189207
269 0 29.2589 29.4909 29.8996 30.0409 30.4025 29.8186 0.0148909 0.010562
376 120 29.2589 29.4909 29.8996 30.0409 30.4025 29.8186 0.121355 0.0145905
277 0 29.2589 29.4909 29.8996 30.0409 30.4025 29.8186 0.0201248 0.0158294
232 0 29.2589 29.4909 29.8996 30.0409 30.4025 29.8186 0.0258023 0.0214839
115 0 29.2589 29.4909 29.8996 30.0409 30.4025 29.8186 0.0215231 0.0172369
272 0 29.2589 29.4909 29.8996 30.0409 30.4025 29.8186 0.0158679 0.0116156
190 0 29.2589 29.4909 29.8996 30.0409 30.4025 29.8186 0.0275882 0.0233333
211 0 29.2589 29.4909 29.8996 30.0409 30.4025 29.8186 0.0279993 0.0236925
131 0 29.2589 29.4909 29.8996 30.0409 30.4025 29.8186 0.0256868 0.0212825
171 0 29.2589 29.4909 29.8996 30.0409 30.4025 29.8186 0.0151718 0.0108942
283 0 29.2589 29.4909 29.8996 30.0409 30.4025 29.8186 0.0142665 0.00995707
336 3 29.2589 29.4909 29.8996 30.0409 30.4025 29.8186 0.0275799 0.0226757
196 6 29.2589 29.4909 29.8996 30.0409 30.4025 29.8186 0.018018 0.0123358
187 0 29.2589 29.4909 29.8996 30.0409 30.4025 29.8186 0.0139751 0.00972769
138 0 29.2589 29.4909 29.8996 30.0409 30.4025 29.8186 0.0163384 0.0120552
332 0 29.2589 29.4909 29.8996 30.0409 30.4025 29.8186 0.0247914 0.020503
291 0 29.2589 29.4909 29.8996 30.0409 30.4025 29.8186 0.0223545 0.01803
261 0 29.2589 29.4909 29.8996 30.0409 30.4025 29.8186 0.0196793 0.0153633
336 0 29.2589 29.4909 29.8996 30.0409 30.4025 29.8186 0.025466 0.0211995
252 1 29.2589 29.4909 29.8996 30.0409 30.4025 29.8186 0.0294249 0.0247486
94 0 29.2589 29.4909 29.8996 30.0409 30.4025 29.8186 0.0172856 0.0130066
222 1 29.2589 29.4909 29.8996 30.0409 30.4025 29.8186 0.01511 0.0104466
230 0 29.2589 29.4909 29.8996 30.0409 30.4025 29.8186 0.0243353 0.0200094
115 0 29.2589 29.4909 29.8996 30.0409 30.4025 29.8186 0.0254343 0.0211349
283 0 29.2589 29.4909 29.8996 30.0409 30.4025 29.8186 0.0129224 0.00863982
329 45 29.2589 29.4909 29.8996 30.0409 30.4025 29.8186 0.0447493 0.0201601
224 8 29.2589 29.4909 29.8996 30.0409 30.4025 29.8186 0.0211939 0.0155225
334 0 29.2589 29.4909 29.8996 30.0409 30.4025 29.8186 0.0151941 0.0108895
322 8 28.4619 29.2589 29.4909 29.8996 30.0409 29.4305 0.019782 0.0138798
295 0 28.4608 29.2589 29.4909 29.8996 30.0409 29.4302 0.0150082 0.010755
327 0 28.4608 29.2589 29.4909 29.8996 30.0409 29.4302 0.0161107 0.0118616
178 0 28.4608 29.2589 29.4909 29.8996 30.0409 29.4302 0.0187604 0.0144732
217 0 28.4608 29.2589 29.4909 29.8996 30.0409 29.4302 0.0134861 0.00920577
127 0 28.4608 29.2589 29.4909 29.8996 30.0409 29.4302 0.0142254 0.00983012
153 0 28.4608 29.2589 29.4909 29.8996 30.0409 29.4302 0.0230991 0.0187856
271 6 28.4608 29.2589 29.4909 29.8996 30.0409 29.4302 0.0161272 0.0108396
258 8 28.4608 29.2589 29.4909 29.8015 29.8996 29.3823 0.0160398 0.0105016
181 1 28.4608 29.2589 29.4909 29.805 29.8996 29.3831 0.016261 0.0111665
235 12 28.4608 29.2589 29.4909 29.805 29.8996 29.3831 0.0274792 0.0180789
185 0 28.4608 29.2589 29.4909 29.805 29.8996 29.3831 0.025519 0.0211666
140 0 28.4608 29.2589 29.4909 29.805 29.8996 29.3831 0.0249579 0.0207085
207 0 28.4608 29.2589 29.4909 29.805 29.8996 29.3831 0.0203728 0.0161055
289 4 28.4608 29.2589 29.4909 29.805 29.8996 29.3831 0.0264386 0.0210891
205 0 28.4608 29.2589 29.4909 29.805 29.8996 29.3831 0.0159842 0.011699
178 12 28.4608 29.2589 29.4909 29.805 29.8996 29.3831 0.0210673 0.00983721
143 0 28.4608 29.2589 29.4909 29.805 29.8996 29.3831 0.0151315 0.0108457
231 0 28.4608 29.2589 29.4909 29.805 29.8996 29.3831 0.0236819 0.0194146
225 0 28.4608 29.2589 29.4909 29.805 29.8996 29.3831 0.0151018 0.0108361
228 1 28.4608 29.2589 29.4909 29.805 29.8996 29.3831 0.0233187 0.0181034
183 0 28.4608 29.2589 29.4909 29.805 29.8996 29.3831 0.0156224 0.0113404
211 4 28.4608 29.2589 29.4909 29.805 29.8996 29.3831 0.026653 0.0216548
197 0 28.4608 29.2589 29.4909 29.805 29.8996 29.3831 0.0156515 0.0113186
317 25 28.4608 29.2589 29.4909 29.805 29.8996 29.3831 0.0253609 0.0133074
323 0 28.4608 29.2589 29.4909 29.805 29.8996 29.3831 0.0271262 0.0227809
175 0 28.4608 29.2589 29.4909 29.805 29.8996 29.3831 0.0229484 0.0186518
160 0 28.4608 29.2589 29.4909 29.805 29.8996 29.3831 0.0161121 0.0118458
286 24 28.4608 29.2589 29.4909 29.805 29.8996 29.3831 0.0335968 0.0188561
123 3 28.4608 29.2589 29.4909 29.805 29.8058 29.3643 0.0158168 0.0106917
233 0 28.4608 29.2589 29.4909 29.805 29.8056 29.3642 0.0263918 0.0221461
251 0 28.4608 29.2589 29.4909 29.805 29.8056 29.3642 0.0255876 0.0212483
189 0 28.4608 29.2589 29.4909 29.805 29.8056 29.3642 0.0249364 0.0206951
290 0 28.4608 29.2589 29.4909 29.805 29.8056 29.3642 0.015469 0.0111869
232 4 28.4608 29.2589 29.4909 29.805 29.8056 29.3642 0.0237431 0.0183059
263 0 28.4608 29.2589 29.4909 29.805 29.8056 29.3642 0.026292 0.0219528
129 0 28.4608 29.2589 29.4909 29.805 29.8056 29.3642 0.019723 0.0153931
202 0 28.4608 29.2589 29.4909 29.805 29.8056 29.3642 0.0148869 0.0105019
142 0 28.4608 29.2589 29.4909 29.805 29.8056 29.3642 0.0192889 0.0149708
227 2 28.4608 29.2589 29.4909 29.805 29.8056 29.3642 0.0164337 0.011379
264 2 28.4608 29.2589 29.4909 29.805 29.8056 29.3642 0.0290281 0.0240856
284 0 28.4608 29.2589 29.4909 29.805 29.8056 29.3642 0.0319895 0.0277162
206 8 28.4608 29.2589 29.4909 29.805 29.8056 29.3642 0.0149865 0.00848232
207 3 28.4608 29.2589 29.4909 29.805 29.8056 29.3642 0.0319832 0.0269397
135 0 28.4608 29.2589 29.4909 29.805 29.8056 29.3642 0.0198826 0.0155489
287 12 28.4608 29.2589 29.4909 29.805 29.8056 29.3642 0.0170922 0.0105448
162 0 28.4608 29.2589 29.4909 29.805 29.8056 29.3642 0.0153347 0.0110684
248 0 28.4608 29.2589 29.4909 29.805 29.8056 29.3642 0.0292038 0.024901
150 0 28.4608 29.2589 29.4909 29.805 29.8056 29.3642 0.023301 0.0190059
274 0 28.4608 29.2589 29.4909 29.805 29.8056 29.3642 0.0265335 0.0222395
334 12 28.4608 29.2589 29.4909 29.532 29.805 29.3095 0.025208 0.0180601
340 0 28.4608 29.2589 29.4909 29.5419 29.805 29.3115 0.0157281 0.0114483
243 0 28.4608 29.2589 29.4909 29.5419 29.805 29.3115 0.0241907 0.0199196
301 60 28.4608 29.2589 29.4909 29.5419 29.805 29.3115 0.0409895 0.0119512
289 0 28.4608 29.2589 29.4909 29.5419 29.805 29.3115 0.0134778 0.00914266
135 0 28.4608 29.2589 29.4909 29.5419 29.805 29.3115 0.027929 0.0235694
148 0 28.4608 29.2589 29.4909 29.5419 29.805 29.3115 0.0179045 0.0134637
173 0 28.4608 29.2589 29.4909 29.5419 29.805 29.3115 0.028583 0.0241853
96 1 28.4608 29.2589 29.4909 29.5419 29.805 29.3115 0.0209025 0.0155563
166 0 28.4608 29.2589 29.4909 29.5419 29.805 29.3115 0.0151751 0.010743
166 0 28.4608 29.2589 29.4909 29.5419 29.805 29.3115 0.0216817 0.0173084
220 0 28.4608 29.2589 29.4909 29.5419 29.805 29.3115 0.0150823 0.0108053
354 0 28.4608 29.2589 29.4909 29.5419 29.805 29.3115 0.025134 0.0208648
300 0 28.4608 29.2589 29.4909 29.5419 29.805 29.3115 0.0275292 0.0232302
187 4 28.4608 29.2589 29.4909 29.5419 29.805 29.3115 0.0195799 0.0142662
187 0 28.4608 29.2589 29.4909 29.5419 29.805 29.3115 0.0238175 0.0195229
233 0 28.4608 29.2589 29.4909 29.5419 29.805 29.3115 0.0187906 0.0144693
218 0 28.4608 29.2589 29.4909 29.5419 29.805 29.3115 0.0171563 0.0128366
