90 0 0 0 0 0 0 -1 0.00484027 0.000350578
104 0 0 0 0 0 0 -1 0.00460229 0.000287213
140 0 0 0 0 0 0 -1 0.00458188 0.00031514
177 0 0 0 0 0 0 -1 0.00445921 0.000179322
118 0 0 0 0 0 0 -1 0.00444151 0.000130256
147 0 0 0 0 0 0 -1 0.00488343 0.000249076
116 0 0 0 0 0 0 -1 0.0045438 0.00011019
109 0 0 0 0 0 0 -1 0.00469743 0.000319771
103 0 0 0 0 0 0 -1 0.005056 0.000314862
143 0 0 0 0 0 0 -1 0.00481312 0.000317983
146 0 0 0 0 0 0 -1 0.0047883 0.000288609
88 0 0 0 0 0 0 -1 0.0046892 0.000244681
89 0 0 0 0 0 0 -1 0.00500369 0.000305969
72 0 0 0 0 0 0 -1 0.00488645 0.000217424
72 0 0 0 0 0 0 -1 0.00474291 0.00032369
49 0 0 0 0 0 0 -1 0.00524286 0.000310338
80 0 0 0 0 0 0 -1 0.00518771 0.000316005
66 0 0 0 0 0 0 -1 0.0046333 0.000246472
104 0 0 0 0 0 0 -1 0.00470063 0.000305895
110 0 0 0 0 0 0 -1 0.004937 0.000329677
104 0 0 0 0 0 0 -1 0.00478081 0.000237752
71 0 0 0 0 0 0 -1 0.00465654 0.000149386
119 0 0 0 0 0 0 -1 0.00493588 0.000247051
76 0 0 0 0 0 0 -1 0.00483451 0.000315489
94 0 0 0 0 0 0 -1 0.00460135 0.000239449
81 0 0 0 0 0 0 -1 0.00532407 0.000236966
84 0 0 0 0 0 0 -1 0.00481785 0.000295115
59 0 0 0 0 0 0 -1 0.00484469 0.000302779
125 0 0 0 0 0 0 -1 0.00504073 0.000240681
262 50 29.9202 30.9277 33.9032 34.9071 36.9355 33.3187 0.0269073 0.000180256
165 0 0 0 0 0 0 -1 0.00449232 0.00017281
57 0 0 0 0 0 0 -1 0.00465728 0.000222526
90 0 0 0 0 0 0 -1 0.00462172 0.000237586
146 0 0 0 0 0 0 -1 0.00470798 0.000311464
110 0 0 0 0 0 0 -1 0.00469712 0.000256832
93 2 36.1088 48.0524 0 0 0 42.0806 0.00725464 0.000336306
68 0 0 0 0 0 0 -1 0.0047015 0.000310252
122 0 0 0 0 0 0 -1 0.00483979 0.000241546
82 0 0 0 0 0 0 -1 0.00492295 0.000312407
69 0 0 0 0 0 0 -1 0.00477179 0.000243929
96 0 0 0 0 0 0 -1 0.00460989 0.000220962
68 0 0 0 0 0 0 -1 0.00576971 0.000245221
68 0 0 0 0 0 0 -1 0.00472265 0.000213862
99 0 0 0 0 0 0 -1 0.00494015 0.000291128
106 0 0 0 0 0 0 -1 0.00485503 0.000238822
73 0 0 0 0 0 0 -1 0.00528944 0.000229701
87 0 0 0 0 0 0 -1 0.00460454 0.00023172
111 0 0 0 0 0 0 -1 0.00574265 0.000251587
104 0 0 0 0 0 0 -1 0.00440765 0.000151061
78 0 0 0 0 0 0 -1 0.00476744 0.000170318
57 0 0 0 0 0 0 -1 0.00462985 0.000257289
98 0 0 0 0 0 0 -1 0.00489641 0.000315259
75 0 0 0 0 0 0 -1 0.00476568 0.000238143
69 0 0 0 0 0 0 -1 0.00483585 0.000357722
113 0 0 0 0 0 0 -1 0.00468515 0.000250187
73 0 0 0 0 0 0 -1 0.00486946 0.00024639
115 0 0 0 0 0 0 -1 0.00449477 0.000195903
106 0 0 0 0 0 0 -1 0.00484674 0.000299284
71 0 0 0 0 0 0 -1 0.00494049 0.000246094
164 0 0 0 0 0 0 -1 0.00511499 0.000241824
72 0 0 0 0 0 0 -1 0.00469281 0.000307443
66 0 0 0 0 0 0 -1 0.00483704 0.000308121
83 0 0 0 0 0 0 -1 0.00469954 0.000321757
56 0 0 0 0 0 0 -1 0.00471704 0.00033687
146 0 0 0 0 0 0 -1 0.00449515 0.000151533
100 0 0 0 0 0 0 -1 0.0049215 0.000237403
86 0 0 0 0 0 0 -1 0.00476816 0.000322084
76 0 0 0 0 0 0 -1 0.00481013 0.000307423
90 0 0 0 0 0 0 -1 0.00504587 0.000245471
47 0 0 0 0 0 0 -1 0.00516873 0.000418457
97 1 55.7291 0 0 0 0 55.7291 0.00730659 0.000257922
83 0 0 0 0 0 0 -1 0.00502073 0.000308802
46 0 0 0 0 0 0 -1 0.00473565 0.00024833
127 0 0 0 0 0 0 -1 0.0046073 0.000238054
78 0 0 0 0 0 0 -1 0.00473317 0.000329334
155 0 0 0 0 0 0 -1 0.0047799 0.000263916
83 0 0 0 0 0 0 -1 0.0048947 0.000321891
61 0 0 0 0 0 0 -1 0.00491806 0.000318347
130 0 0 0 0 0 0 -1 0.00490428 0.000315557
98 0 0 0 0 0 0 -1 0.00464426 0.000221227
72 0 0 0 0 0 0 -1 0.00462181 0.000249039
85 0 0 0 0 0 0 -1 0.00496965 0.00030181
83 0 0 0 0 0 0 -1 0.00468582 0.000309889
63 0 0 0 0 0 0 -1 0.00466754 0.000201263
60 0 0 0 0 0 0 -1 0.00464773 0.000264537
82 0 0 0 0 0 0 -1 0.00591796 0.000238448
102 0 0 0 0 0 0 -1 0.00473761 0.00024949
129 0 0 0 0 0 0 -1 0.00469859 0.000217401
67 0 0 0 0 0 0 -1 0.00475691 0.000244128
30 0 0 0 0 0 0 -1 0.0051602 0.000242441
116 0 0 0 0 0 0 -1 0.00496603 0.000225017
110 0 0 0 0 0 0 -1 0.00461594 0.000110261
119 0 0 0 0 0 0 -1 0.00491705 0.000242054
58 0 0 0 0 0 0 -1 0.00479417 0.00030304
101 2 58.1394 59.0571 0 0 0 58.5982 0.0112149 0.00030816
66 0 0 0 0 0 0 -1 0.00536158 0.000294764
67 0 0 0 0 0 0 -1 0.00485459 0.000329712
81 0 0 0 0 0 0 -1 0.00475064 0.0002364
59 0 0 0 0 0 0 -1 0.00502141 0.000225153
220 0 0 0 0 0 0 -1 0.00462861 0.000108455
91 0 0 0 0 0 0 -1 0.00463823 0.000262011
129 0 0 0 0 0 0 -1 0.00509194 0.000353771
69 0 0 0 0 0 0 -1 0.00490919 0.000247448
118 0 0 0 0 0 0 -1 0.00474659 0.000239411
120 0 0 0 0 0 0 -1 0.00467674 0.000302995
63 0 0 0 0 0 0 -1 0.00478339 0.000319178
78 0 0 0 0 0 0 -1 0.00491449 0.000300857
105 0 0 0 0 0 0 -1 0.00472336 0.000300335
67 0 0 0 0 0 0 -1 0.00472237 0.000332793
116 0 0 0 0 0 0 -1 0.00488034 0.000260654
80 0 0 0 0 0 0 -1 0.00480031 0.000321304
77 0 0 0 0 0 0 -1 0.00528722 0.00033707
82 0 0 0 0 0 0 -1 0.00472236 0.000304374
87 0 0 0 0 0 0 -1 0.00516029 0.000291916
84 0 0 0 0 0 0 -1 0.00484849 0.000305631
91 0 0 0 0 0 0 -1 0.00474541 0.000300954
70 0 0 0 0 0 0 -1 0.00466647 0.000237905
102 0 0 0 0 0 0 -1 0.00477373 0.000341652
118 0 0 0 0 0 0 -1 0.00475149 0.000205924
108 0 0 0 0 0 0 -1 0.00465042 0.000221336
117 0 0 0 0 0 0 -1 0.00468039 0.000325961
111 0 0 0 0 0 0 -1 0.0048828 0.000321545
86 0 0 0 0 0 0 -1 0.0046892 0.000314666
78 0 0 0 0 0 0 -1 0.00478588 0.000300164
65 0 0 0 0 0 0 -1 0.00482048 0.000253404
111 1 34.3768 0 0 0 0 34.3768 0.0059919 0.000245101
94 0 0 0 0 0 0 -1 0.00458557 0.000256421
47 0 0 0 0 0 0 -1 0.00470355 0.0002391
96 0 0 0 0 0 0 -1 0.0046959 0.000284777
92 2 34.215 48.2686 0 0 0 41.2418 0.00820087 0.000323892
87 0 0 0 0 0 0 -1 0.00460561 0.000216304
61 0 0 0 0 0 0 -1 0.00525805 0.000302637
113 0 0 0 0 0 0 -1 0.00491375 0.000315295
88 0 0 0 0 0 0 -1 0.00461701 0.000244096
72 0 0 0 0 0 0 -1 0.00464135 0.000258923
105 0 0 0 0 0 0 -1 0.00476994 0.000235559
115 0 0 0 0 0 0 -1 0.00472215 0.000315892
84 0 0 0 0 0 0 -1 0.00485154 0.000218267
111 0 0 0 0 0 0 -1 0.00480179 0.000257659
100 0 0 0 0 0 0 -1 0.00465387 0.000190049
61 0 0 0 0 0 0 -1 0.00480286 0.000203025
111 0 0 0 0 0 0 -1 0.00473319 0.000300728
90 0 0 0 0 0 0 -1 0.00487214 0.000335776
76 0 0 0 0 0 0 -1 0.00498132 0.000301832
108 0 0 0 0 0 0 -1 0.00475869 0.000328593
50 0 0 0 0 0 0 -1 0.00494839 0.00022818
94 0 0 0 0 0 0 -1 0.00493383 0.000306867
74 0 0 0 0 0 0 -1 0.00472088 0.000301925
75 0 0 0 0 0 0 -1 0.00477066 0.000307858
68 0 0 0 0 0 0 -1 0.00499227 0.000348811
85 0 0 0 0 0 0 -1 0.00477504 0.000304216
74 0 0 0 0 0 0 -1 0.00467533 0.000300669
98 0 0 0 0 0 0 -1 0.00497736 0.000222352
244 10 32.0853 34.3759 34.5521 35.4149 35.881 34.4618 0.00625427 0.00019386
97 0 0 0 0 0 0 -1 0.00490352 0.000378256
69 0 0 0 0 0 0 -1 0.00471401 0.000311997
101 4 54.9135 55.792 57.8043 58.6828 0 56.7982 0.014376 0.000238615
104 2 28.4606 45.2971 0 0 0 36.8788 0.0070155 0.000279864
