170 0 0 0 0 0 0 -1 0.00518545 0.000273626
216 32 28.1918 28.906 29.9572 31.2351 31.7874 30.0155 0.0149035 0.000209523
555 0 28.0232 28.7371 29.8056 31.1312 31.6838 29.8762 0.0223378 0.0172931
499 100 28.0215 28.0232 28.4078 28.7371 29.8056 28.5991 0.0504994 0.0189017
683 100 27.9589 28.0232 28.3562 28.7371 29.8056 28.5762 0.0322291 0.0155926
645 100 27.9589 28.0232 28.3562 28.7371 29.1669 28.4485 0.0273824 0.00974696
523 100 27.9589 28.0232 28.3562 28.7371 29.1639 28.4479 0.0416802 0.0155612
583 100 27.9589 28.0232 28.3562 28.7371 29.1639 28.4479 0.0447575 0.0221219
557 100 27.9589 28.0232 28.3562 28.7371 29.1639 28.4479 0.0329448 0.0109582
618 100 27.9589 28.0232 28.3562 28.7371 29.1547 28.446 0.0383872 0.0199811
638 100 27.9589 28.0232 28.3562 28.7371 29.1659 28.4483 0.0384103 0.0166879
782 100 27.9589 28.0232 28.3562 28.7371 29.1659 28.4483 0.0285497 0.00569263
632 100 27.9589 28.0232 28.3562 28.4868 28.7371 28.3124 0.0285942 0.00881562
638 100 27.9589 28.0232 28.3562 28.4608 28.7371 28.3072 0.0321199 0.00899192
489 100 27.9589 28.0232 28.3562 28.4608 28.7371 28.3072 0.0340043 0.0136176
296 93 27.9589 28.0232 28.3562 28.4608 28.7371 28.3072 0.044661 0.0098928
565 100 27.9589 28.0232 28.3562 28.4608 28.7371 28.3072 0.0362871 0.0194176
421 100 27.9589 28.0232 28.3562 28.4608 28.7371 28.3072 0.0317363 0.0110004
572 100 27.9589 28.0232 28.3562 28.4608 28.7371 28.3072 0.0378004 0.0171197
418 100 27.9589 28.0232 28.3562 28.4608 28.7371 28.3072 0.0298422 0.010141
744 100 27.9589 28.0232 28.3562 28.4608 28.7371 28.3072 0.0402492 0.0209623
770 100 27.9589 28.0232 28.3562 28.4608 28.7371 28.3072 0.0255642 0.0111538
652 39 27.9589 28.0232 28.3562 28.4608 28.7371 28.3072 0.0279613 0.015628
346 25 27.9589 28.0232 28.3562 28.4608 28.7371 28.3072 0.0169787 0.0100958
602 100 27.9589 28.0232 28.3562 28.4608 28.7371 28.3072 0.0474099 0.021815
617 100 27.9589 28.0232 28.3562 28.4608 28.7371 28.3072 0.0429278 0.0186838
753 100 27.9589 28.0232 28.3562 28.4608 28.7371 28.3072 0.0385226 0.0165638
647 100 27.9589 28.0232 28.3562 28.4608 28.7371 28.3072 0.0259574 0.0106472
737 100 27.9589 28.0232 28.3562 28.4608 28.7371 28.3072 0.0397022 0.0164301
753 100 27.9589 28.0232 28.3562 28.4608 28.7371 28.3072 0.030675 0.0105726
667 100 27.9589 28.0232 28.3562 28.4608 28.7371 28.3072 0.0415421 0.0188433
677 100 27.9589 28.0232 28.3562 28.4608 28.7371 28.3072 0.0300697 0.0102563
732 100 27.9589 28.0232 28.3562 28.3599 28.4608 28.2318 0.038174 0.0214486
163 12 27.9589 28.0232 28.294 28.3562 28.4608 28.2186 0.0230684 0.014055
733 100 27.9589 28.0232 28.294 28.3562 28.4608 28.2186 0.0315544 0.00931898
746 100 27.9589 28.0232 28.294 28.3562 28.4608 28.2186 0.0265838 0.010189
578 100 27.9589 28.0232 28.294 28.3562 28.4608 28.2186 0.0438103 0.0234937
599 100 27.9589 28.0232 28.294 28.3562 28.4608 28.2186 0.0294892 0.0102159
593 100 27.9589 28.0232 28.294 28.3562 28.4608 28.2186 0.0482289 0.0188433
436 27 27.9589 28.0232 28.294 28.3562 28.4608 28.2186 0.0213892 0.00981867
545 100 27.9589 28.0232 28.294 28.3562 28.4608 28.2186 0.0443478 0.0191593
661 100 27.9589 28.0232 28.294 28.3562 28.4608 28.2186 0.0449016 0.021746
526 100 27.9589 28.0232 28.294 28.3562 28.4608 28.2186 0.0383528 0.0145728
707 100 27.9589 28.0232 28.294 28.3562 28.4608 28.2186 0.0421248 0.0197349
652 98 27.9589 28.0232 28.294 28.3562 28.4608 28.2186 0.0406728 0.0187259
549 100 27.9589 28.0232 28.294 28.3562 28.4608 28.2186 0.0344271 0.0170656
638 100 27.9589 28.0232 28.294 28.3562 28.4608 28.2186 0.040602 0.0202242
580 100 27.9589 28.0232 28.294 28.3562 28.4608 28.2186 0.045776 0.0219383
655 100 27.9589 28.0232 28.294 28.3562 28.4608 28.2186 0.0323436 0.0153215
709 100 27.9589 28.0232 28.294 28.3562 28.4608 28.2186 0.042735 0.0215943
644 100 27.9589 28.0232 28.294 28.3562 28.4608 28.2186 0.0439876 0.0195272
534 100 27.9589 28.0232 28.294 28.3562 28.4608 28.2186 0.0427611 0.0200103
658 100 27.9589 28.0232 28.294 28.3562 28.4608 28.2186 0.0375696 0.0190819
710 100 27.9589 28.0232 28.294 28.3562 28.4608 28.2186 0.0280993 0.0104373
684 100 27.9589 28.0232 28.294 28.3562 28.4608 28.2186 0.0260844 0.0111284
667 100 27.9589 28.0232 28.294 28.3562 28.4608 28.2186 0.0418365 0.0197381
551 100 27.9589 28.0232 28.294 28.3562 28.4608 28.2186 0.0417427 0.0199989
768 100 27.9589 28.0232 28.294 28.3562 28.4608 28.2186 0.0322201 0.0102857
676 100 27.9589 28.0232 28.294 28.3562 28.4608 28.2186 0.0360028 0.016625
719 100 27.9589 28.0232 28.294 28.3562 28.4608 28.2186 0.0372857 0.0191327
573 100 27.9589 28.0232 28.294 28.3562 28.4608 28.2186 0.0393759 0.0212471
634 100 27.9589 28.0232 28.294 28.3562 28.4608 28.2186 0.0472608 0.0214428
557 100 27.9589 28.0232 28.294 28.3562 28.4608 28.2186 0.0382656 0.0172758
707 100 27.9589 28.0232 28.294 28.3562 28.4608 28.2186 0.0287719 0.0112107
673 100 27.9589 28.0232 28.294 28.3562 28.4608 28.2186 0.0403404 0.021689
175 0 27.9589 28.0232 28.294 28.3562 28.4608 28.2186 0.020479 0.0161512
413 100 27.9589 28.0232 28.294 28.3562 28.4608 28.2186 0.0487689 0.0183755
765 100 27.9589 28.0232 28.294 28.3562 28.4608 28.2186 0.0463694 0.0231987
680 100 27.9589 28.0232 28.294 28.3562 28.4608 28.2186 0.0394863 0.0215328
570 100 27.9589 28.0232 28.294 28.3562 28.4608 28.2186 0.0426044 0.022327
530 100 27.9589 28.0232 28.294 28.3562 28.4608 28.2186 0.033959 0.0147171
633 100 27.9589 28.0232 28.294 28.3562 28.4608 28.2186 0.044213 0.0225569
534 100 27.9589 28.0232 28.294 28.3562 28.4608 28.2186 0.0427865 0.0223589
631 100 27.9589 28.0232 28.294 28.3562 28.4608 28.2186 0.0383364 0.00990096
521 100 27.9589 28.0232 28.294 28.3562 28.4608 28.2186 0.0422081 0.0173693
591 100 27.9589 28.0232 28.294 28.3562 28.4608 28.2186 0.0369882 0.0168525
491 41 27.9589 28.0232 28.294 28.3562 28.4608 28.2186 0.0351468 0.0250916
672 100 27.9589 28.0232 28.294 28.3562 28.4608 28.2186 0.0326994 0.0115868
658 100 27.9589 28.0232 28.294 28.3562 28.4608 28.2186 0.0396294 0.0162082
674 63 27.9589 28.0232 28.294 28.3562 28.4608 28.2186 0.0385842 0.0217823
591 100 27.9589 28.0232 28.294 28.3562 28.4608 28.2186 0.0440748 0.0202142
276 100 27.9589 28.0232 28.294 28.3562 28.4608 28.2186 0.0530962 0.0223853
726 100 27.9589 28.0232 28.294 28.3562 28.4608 28.2186 0.0265092 0.012133
624 0 27.9589 28.0232 28.294 28.3562 28.4608 28.2186 0.0131933 0.0085859
1003 100 27.9589 28.0232 28.294 28.3562 28.4608 28.2186 0.0318422 0.010456
663 100 27.9589 28.0232 28.294 28.3562 28.4608 28.2186 0.0298338 0.0104357
607 100 27.9589 28.0232 28.294 28.3562 28.4608 28.2186 0.0377164 0.0186468
599 100 27.9589 28.0232 28.294 28.3562 28.4608 28.2186 0.0254446 0.0102635
602 100 27.9589 28.0232 28.294 28.3562 28.4608 28.2186 0.039578 0.0217617
328 22 27.9589 28.0232 28.294 28.3562 28.4608 28.2186 0.0359119 0.0288837
599 100 27.9589 28.0232 28.294 28.3562 28.4608 28.2186 0.0363208 0.016714
611 100 27.9589 28.0232 28.294 28.3562 28.4608 28.2186 0.0310587 0.0104549
722 100 27.9589 28.0232 28.294 28.3562 28.4608 28.2186 0.0382926 0.0158723
661 100 27.9589 28.0232 28.294 28.3562 28.4608 28.2186 0.0311186 0.0113539
763 100 27.9589 28.0232 28.294 28.3562 28.4608 28.2186 0.0473232 0.0186488
614 100 27.9589 28.0232 28.294 28.3562 28.4608 28.2186 0.0508228 0.0263094
574 100 27.9589 28.0232 28.294 28.3562 28.4608 28.2186 0.0441865 0.02579
687 100 27.9589 28.0232 28.294 28.3562 28.4608 28.2186 0.0393938 0.0226419
370 15 27.9589 28.0232 28.294 28.3562 28.4608 28.2186 0.0324898 0.0261032
611 100 27.9589 28.0232 28.294 28.3562 28.4608 28.2186 0.0436342 0.0231598
658 100 27.9589 28.0232 28.294 28.3562 28.4608 28.2186 0.0395736 0.0197642
381 100 27.9589 28.0232 28.294 28.3562 28.4608 28.2186 0.0501231 0.0290815
436 100 27.9589 28.0232 28.294 28.3562 28.4608 28.2186 0.035739 0.0180164
752 100 27.9589 28.0232 28.294 28.3562 28.4608 28.2186 0.0476329 0.0213106
609 100 27.9589 28.0232 28.294 28.3562 28.4608 28.2186 0.0384151 0.0214651
574 100 27.9589 28.0232 28.294 28.3562 28.4608 28.2186 0.0500655 0.0278261
578 100 27.9589 28.0232 28.294 28.3562 28.4608 28.2186 0.0359145 0.0141799
704 100 27.9589 28.0232 28.294 28.3562 28.4608 28.2186 0.0477009 0.0236098
644 100 27.9589 28.0232 28.294 28.3562 28.4608 28.2186 0.0435586 0.0223565
727 100 27.9589 28.0232 28.294 28.3562 28.4608 28.2186 0.0438926 0.0223059
633 100 27.9589 28.0232 28.294 28.3562 28.4608 28.2186 0.0494159 0.0210407
622 100 27.9589 28.0232 28.294 28.3562 28.4608 28.2186 0.0437816 0.0225742
747 100 27.9589 28.0232 28.294 28.3562 28.4608 28.2186 0.0401247 0.0196339
751 100 27.9589 28.0232 28.294 28.3562 28.4608 28.2186 0.0371925 0.0159819
488 100 27.9589 28.0232 28.294 28.3562 28.4608 28.2186 0.0452311 0.0177202
736 100 27.9589 28.0232 28.294 28.3562 28.4608 28.2186 0.0444488 0.0209386
818 100 27.9589 28.0232 28.294 28.3562 28.4608 28.2186 0.0357345 0.0165887
572 100 27.9589 28.0232 28.294 28.3562 28.4608 28.2186 0.0437123 0.021984
583 100 27.9589 28.0232 28.294 28.3562 28.4608 28.2186 0.0354201 0.0171062
681 100 27.9589 28.0232 28.294 28.3562 28.4608 28.2186 0.0413215 0.0203377
663 100 27.9589 28.0232 28.294 28.3562 28.4608 28.2186 0.0213129 0.00722441
645 100 27.9589 28.0232 28.294 28.3562 28.4608 28.2186 0.0384514 0.0216874
676 55 27.9589 28.0232 28.294 28.3562 28.4608 28.2186 0.0317838 0.0174978
676 100 27.9589 28.0232 28.294 28.3562 28.4608 28.2186 0.0449037 0.0216611
618 100 27.9589 28.0232 28.294 28.3562 28.4608 28.2186 0.039895 0.018946
613 100 27.9589 28.0232 28.294 28.3562 28.4608 28.2186 0.0449781 0.0228986
723 100 27.9589 28.0232 28.294 28.3562 28.4608 28.2186 0.0443868 0.0193843
763 100 27.9589 28.0232 28.294 28.3562 28.4608 28.2186 0.0308744 0.011711
615 0 27.9589 28.0232 28.294 28.3562 28.4608 28.2186 0.0275548 0.0232528
932 100 27.9589 28.0232 28.294 28.3562 28.4608 28.2186 0.0333984 0.0111693
617 100 27.9589 28.0232 28.294 28.3562 28.4608 28.2186 0.0322525 0.0177779
705 100 27.9589 28.0232 28.294 28.3562 28.4608 28.2186 0.049634 0.0209916
687 100 27.9589 28.0232 28.294 28.3562 28.4608 28.2186 0.0387591 0.0179625
690 100 27.9589 28.0232 28.294 28.3562 28.4608 28.2186 0.0534225 0.023466
502 100 27.9589 28.0232 28.294 28.3562 28.4608 28.2186 0.0392882 0.0158028
640 100 27.9589 28.0232 28.294 28.3562 28.4608 28.2186 0.0269021 0.0115951
644 100 27.9589 28.0232 28.294 28.3562 28.4608 28.2186 0.0406982 0.022966
861 100 27.9589 28.0232 28.294 28.3562 28.4608 28.2186 0.0359088 0.0112507
756 100 27.9589 28.0232 28.294 28.3562 28.4608 28.2186 0.0409213 0.018187
619 100 27.9589 28.0232 28.294 28.3562 28.4608 28.2186 0.0287339 0.0112893
689 100 27.9589 28.0232 28.294 28.3562 28.4608 28.2186 0.0440758 0.0226308
618 100 27.9589 28.0232 28.294 28.3562 28.4608 28.2186 0.0365338 0.0217759
703 100 27.9589 28.0232 28.294 28.3562 28.4608 28.2186 0.037515 0.0174661
720 100 27.9589 28.0232 28.294 28.3562 28.4608 28.2186 0.0310303 0.0117375
533 100 27.9589 28.0232 28.294 28.3562 28.4608 28.2186 0.0464167 0.0220616
663 100 27.9589 28.0232 28.294 28.3562 28.4608 28.2186 0.0438313 0.0225772
607 100 27.9589 28.0232 28.294 28.3562 28.4608 28.2186 0.0404394 0.0198975
669 100 27.9589 28.0232 28.294 28.3562 28.4608 28.2186 0.0271908 0.0116688
676 100 27.9589 28.0232 28.294 28.3562 28.4608 28.2186 0.0464866 0.0222497
604 100 27.9589 28.0232 28.294 28.3562 28.4608 28.2186 0.044883 0.0208829
783 100 27.9589 28.0232 28.294 28.3562 28.4608 28.2186 0.0382672 0.0150945
720 100 27.9589 28.0232 28.294 28.3562 28.4608 28.2186 0.0445635 0.0218501
555 100 27.9589 28.0232 28.294 28.3562 28.4608 28.2186 0.046277 0.0197701
595 100 27.9589 28.0232 28.294 28.3562 28.4608 28.2186 0.0413127 0.0230052
715 100 27.9589 28.0232 28.294 28.3562 28.4608 28.2186 0.0397323 0.0208082
637 100 27.9589 28.0232 28.294 28.3562 28.4608 28.2186 0.0395589 0.0245422
546 100 27.9589 28.0232 28.294 28.3562 28.4608 28.2186 0.0476726 0.0227308
684 100 27.9589 28.0232 28.294 28.3562 28.4608 28.2186 0.0403641 0.0226913
