94 0 0 0 0 0 0 -1 0.0049296 0.00034091
60 0 0 0 0 0 0 -1 0.00532313 0.000285497
60 0 0 0 0 0 0 -1 0.00476602 0.000339
97 0 0 0 0 0 0 -1 0.00462882 0.000299868
87 0 0 0 0 0 0 -1 0.00480161 0.000320081
134 0 0 0 0 0 0 -1 0.00448894 0.000153794
129 0 0 0 0 0 0 -1 0.0046155 0.000228942
97 0 0 0 0 0 0 -1 0.00487066 0.00024131
48 0 0 0 0 0 0 -1 0.00478466 0.000306443
57 0 0 0 0 0 0 -1 0.00490336 0.000313105
59 0 0 0 0 0 0 -1 0.00536114 0.000352338
78 0 0 0 0 0 0 -1 0.00460603 0.000238655
64 0 0 0 0 0 0 -1 0.00534063 0.000328091
73 0 0 0 0 0 0 -1 0.00486482 0.000331307
100 0 0 0 0 0 0 -1 0.00449771 0.000188941
275 0 0 0 0 0 0 -1 0.00441669 0.000140251
248 5 36.1049 36.6662 43.3771 0 0 38.7161 0.00586689 0.000209034
62 0 0 0 0 0 0 -1 0.00477583 0.000236458
92 0 0 0 0 0 0 -1 0.00611225 0.00031256
76 0 0 0 0 0 0 -1 0.0046804 0.000302938
80 0 0 0 0 0 0 -1 0.00447962 0.000147823
98 0 0 0 0 0 0 -1 0.00457846 0.000146146
97 0 0 0 0 0 0 -1 0.00472247 0.000224064
77 0 0 0 0 0 0 -1 0.00471428 0.000244752
57 0 0 0 0 0 0 -1 0.0046833 0.000305954
78 0 0 0 0 0 0 -1 0.00492132 0.000326283
82 0 0 0 0 0 0 -1 0.00505976 0.000243755
103 0 0 0 0 0 0 -1 0.00485806 0.000251804
84 0 0 0 0 0 0 -1 0.0054817 0.000235219
127 1 32.1887 0 0 0 0 32.1887 0.00578143 0.000178572
107 0 0 0 0 0 0 -1 0.00480224 0.000234057
87 0 0 0 0 0 0 -1 0.00475245 0.000311067
163 0 0 0 0 0 0 -1 0.00500638 0.000315437
112 0 0 0 0 0 0 -1 0.00537189 0.000246095
119 0 0 0 0 0 0 -1 0.00499627 0.00032303
77 0 0 0 0 0 0 -1 0.00491931 0.000300391
47 0 0 0 0 0 0 -1 0.00477708 0.000333635
238 18 31.627 37.0485 42.7939 43.6688 45.8418 40.196 0.00715265 0.000161607
111 0 0 0 0 0 0 -1 0.00497136 0.000239681
83 0 0 0 0 0 0 -1 0.00474553 0.00035771
64 0 0 0 0 0 0 -1 0.00489961 0.000372108
100 0 0 0 0 0 0 -1 0.00468091 0.000292803
88 0 0 0 0 0 0 -1 0.0047228 0.000295214
69 0 0 0 0 0 0 -1 0.00506756 0.000372253
97 0 0 0 0 0 0 -1 0.00476912 0.000334138
68 0 0 0 0 0 0 -1 0.00478117 0.000253982
60 0 0 0 0 0 0 -1 0.00535506 0.000294872
89 0 0 0 0 0 0 -1 0.00469076 0.000316962
83 0 0 0 0 0 0 -1 0.004715 0.000293284
70 0 0 0 0 0 0 -1 0.00479316 0.000316795
85 0 0 0 0 0 0 -1 0.00484905 0.000305444
65 0 0 0 0 0 0 -1 0.00486097 0.000309471
52 0 0 0 0 0 0 -1 0.00500762 0.000242042
75 0 0 0 0 0 0 -1 0.00509977 0.000306796
88 0 0 0 0 0 0 -1 0.00470282 0.000318752
91 0 0 0 0 0 0 -1 0.00472254 0.000313346
294 0 0 0 0 0 0 -1 0.00442413 0.000136051
91 0 0 0 0 0 0 -1 0.00489058 0.000302539
63 0 0 0 0 0 0 -1 0.0048476 0.000230172
51 0 0 0 0 0 0 -1 0.0047612 0.000302823
68 0 0 0 0 0 0 -1 0.00484075 0.000306097
64 0 0 0 0 0 0 -1 0.00519853 0.000309546
66 0 0 0 0 0 0 -1 0.00487271 0.000245329
60 0 0 0 0 0 0 -1 0.00529827 0.000265409
146 0 0 0 0 0 0 -1 0.00461052 0.000204091
89 0 0 0 0 0 0 -1 0.00471192 0.000328136
109 0 0 0 0 0 0 -1 0.00489656 0.000239132
86 0 0 0 0 0 0 -1 0.00473044 0.000310909
114 0 0 0 0 0 0 -1 0.00469716 0.000246466
81 0 0 0 0 0 0 -1 0.00510872 0.000235905
87 0 0 0 0 0 0 -1 0.0048632 0.000303091
88 0 0 0 0 0 0 -1 0.00486878 0.000232974
68 0 0 0 0 0 0 -1 0.00519215 0.000232584
125 0 0 0 0 0 0 -1 0.00469439 0.000304976
85 0 0 0 0 0 0 -1 0.0047931 0.000307601
214 0 0 0 0 0 0 -1 0.00463456 0.000258031
133 0 0 0 0 0 0 -1 0.00484375 0.00031463
81 0 0 0 0 0 0 -1 0.00490831 0.000310963
59 0 0 0 0 0 0 -1 0.00513964 0.000329198
128 0 0 0 0 0 0 -1 0.00483934 0.00032058
86 0 0 0 0 0 0 -1 0.00477574 0.000297479
300 0 0 0 0 0 0 -1 0.00441724 0.000117631
55 0 0 0 0 0 0 -1 0.00484452 0.000305481
58 0 0 0 0 0 0 -1 0.00478669 0.000278536
91 0 0 0 0 0 0 -1 0.00478355 0.000244781
162 0 0 0 0 0 0 -1 0.00470333 0.000303972
154 0 0 0 0 0 0 -1 0.00501086 0.000325266
89 0 0 0 0 0 0 -1 0.00515021 0.000316932
75 0 0 0 0 0 0 -1 0.00564578 0.000303522
93 0 0 0 0 0 0 -1 0.00560407 0.000309446
80 0 0 0 0 0 0 -1 0.00524287 0.000316239
79 0 0 0 0 0 0 -1 0.00479826 0.000328424
61 0 0 0 0 0 0 -1 0.00572679 0.000239238
98 0 0 0 0 0 0 -1 0.00496899 0.000314223
106 0 0 0 0 0 0 -1 0.00558005 0.000139957
84 0 0 0 0 0 0 -1 0.00475972 0.000356207
99 1 31.1188 0 0 0 0 31.1188 0.00699355 0.000277234
147 1 36.4078 0 0 0 0 36.4078 0.00737732 0.000311203
76 0 0 0 0 0 0 -1 0.00469953 0.000248902
104 0 0 0 0 0 0 -1 0.00478934 0.000245885
106 0 0 0 0 0 0 -1 0.00491024 0.000245622
128 0 0 0 0 0 0 -1 0.00497513 0.000322085
93 0 0 0 0 0 0 -1 0.0045897 0.000227767
76 0 0 0 0 0 0 -1 0.0049216 0.000306
70 0 0 0 0 0 0 -1 0.00488735 0.000319887
82 0 0 0 0 0 0 -1 0.00473035 0.000249694
99 0 0 0 0 0 0 -1 0.00472387 0.000291513
58 0 0 0 0 0 0 -1 0.0047382 0.000325856
62 0 0 0 0 0 0 -1 0.00474135 0.000244904
84 0 0 0 0 0 0 -1 0.00481668 0.000245054
71 0 0 0 0 0 0 -1 0.00527847 0.000303544
71 0 0 0 0 0 0 -1 0.00495671 0.000504494
109 0 0 0 0 0 0 -1 0.00486221 0.000324383
77 0 0 0 0 0 0 -1 0.00493365 0.000326841
93 0 0 0 0 0 0 -1 0.0046574 0.00024581
72 0 0 0 0 0 0 -1 0.0047087 0.000308073
104 0 0 0 0 0 0 -1 0.00468267 0.000301754
45 0 0 0 0 0 0 -1 0.00488359 0.000248822
46 0 0 0 0 0 0 -1 0.0047248 0.000305006
119 0 0 0 0 0 0 -1 0.00509025 0.000236662
45 0 0 0 0 0 0 -1 0.00482017 0.000265551
100 0 0 0 0 0 0 -1 0.00454101 0.000209046
64 0 0 0 0 0 0 -1 0.00475733 0.000234436
59 0 0 0 0 0 0 -1 0.00473323 0.000241792
90 0 0 0 0 0 0 -1 0.00470261 0.000306629
59 0 0 0 0 0 0 -1 0.00545421 0.000298313
44 0 0 0 0 0 0 -1 0.0054419 0.000317639
85 0 0 0 0 0 0 -1 0.00468873 0.000289091
59 0 0 0 0 0 0 -1 0.00488563 0.000266567
209 0 0 0 0 0 0 -1 0.00459147 0.000252455
68 0 0 0 0 0 0 -1 0.00471478 0.000302305
127 0 0 0 0 0 0 -1 0.00475076 0.000234753
60 0 0 0 0 0 0 -1 0.00505889 0.000310226
66 0 0 0 0 0 0 -1 0.00484672 0.000306966
294 20 31.5681 32.9349 33.5292 38.8416 44.7275 36.3203 0.00759392 0.00012309
83 0 0 0 0 0 0 -1 0.00539017 0.000177537
114 0 0 0 0 0 0 -1 0.00452772 0.000139393
176 0 0 0 0 0 0 -1 0.00464994 0.00032195
92 0 0 0 0 0 0 -1 0.00461552 0.000240378
66 0 0 0 0 0 0 -1 0.00495275 0.000325638
86 0 0 0 0 0 0 -1 0.00474376 0.000241469
82 0 0 0 0 0 0 -1 0.00472764 0.000349717
53 0 0 0 0 0 0 -1 0.00471251 0.000309111
102 0 0 0 0 0 0 -1 0.00465979 0.000243259
48 0 0 0 0 0 0 -1 0.00524149 0.000334242
150 0 0 0 0 0 0 -1 0.00516144 0.000262205
111 0 0 0 0 0 0 -1 0.00467152 0.000248572
38 0 0 0 0 0 0 -1 0.00586417 0.000480678
156 0 0 0 0 0 0 -1 0.00442502 0.00011956
124 0 0 0 0 0 0 -1 0.00515285 0.00030999
36 0 0 0 0 0 0 -1 0.00537419 0.000305365
120 0 0 0 0 0 0 -1 0.00484553 0.000312635
93 0 0 0 0 0 0 -1 0.00474973 0.000304193
68 0 0 0 0 0 0 -1 0.00472931 0.000333077
73 0 0 0 0 0 0 -1 0.00502105 0.000274129
74 0 0 0 0 0 0 -1 0.00526187 0.000390718
162 0 0 0 0 0 0 -1 0.00448312 0.000189938
33 0 0 0 0 0 0 -1 0.00480457 0.000312347
