152 2 35.1274 38.1647 0 0 0 36.6461 0.00696528 0.000326358
119 0 35.0723 38.1219 0 0 0 36.5971 0.00644961 0.0019852
164 0 35.0723 38.1219 0 0 0 36.5971 0.00935357 0.00483766
382 105 30.2721 30.4313 30.9785 31.6864 32.0503 31.0837 0.0271544 0.00171094
373 300 30.2713 30.4025 30.9811 31.6849 32.0495 31.0779 0.0397932 0.0108367
516 269 28.4569 28.7669 28.913 29.2595 29.4522 28.9697 0.0337338 0.00681008
406 20 28.4608 28.7371 28.9031 29.2589 29.4586 28.9637 0.0179097 0.00634472
394 148 28.4608 28.7371 28.9031 29.1825 29.2589 28.9085 0.0468319 0.00929498
529 300 28.4608 28.7371 28.9031 29.1992 29.2589 28.9118 0.0388666 0.0142178
684 180 28.4608 28.7371 28.9031 29.1992 29.2589 28.9118 0.051479 0.0213046
309 0 28.4608 28.7371 28.9031 29.1992 29.2589 28.9118 0.0118354 0.00745708
598 220 28.4608 28.7371 28.9031 29.1992 29.2589 28.9118 0.0477521 0.0212379
560 193 28.4608 28.7371 28.9031 29.1992 29.2589 28.9118 0.0377965 0.00593047
510 300 28.4608 28.7371 28.9031 29.1992 29.2589 28.9118 0.0369453 0.0128545
825 300 28.4608 28.7371 28.9031 29.1992 29.2589 28.9118 0.0423215 0.0131014
755 300 28.4608 28.7371 28.9031 29.1992 29.2589 28.9118 0.0446415 0.0181216
679 300 28.4608 28.7371 28.9031 29.1992 29.2589 28.9118 0.0341614 0.0132994
279 17 28.4608 28.7371 28.9031 29.1992 29.2589 28.9118 0.020234 0.0110784
322 24 28.4608 28.7371 28.9031 29.1992 29.2589 28.9118 0.0216843 0.0133595
598 300 28.4608 28.7371 28.9031 29.1992 29.2589 28.9118 0.0458361 0.0116361
802 300 28.4608 28.7371 28.9031 29.1992 29.2589 28.9118 0.0489465 0.0131025
391 0 28.4608 28.7371 28.9031 29.1992 29.2589 28.9118 0.0199936 0.0156774
396 300 28.3562 28.4608 28.7371 28.9031 29.1992 28.7313 0.046467 0.0177495
484 300 28.3562 28.4608 28.7371 28.9031 29.1992 28.7313 0.0515163 0.0233565
578 300 28.3562 28.4608 28.7371 28.9031 29.1992 28.7313 0.0392315 0.0113325
600 176 28.3562 28.4608 28.7371 28.9031 29.1992 28.7313 0.0433471 0.0168134
299 11 28.2835 28.3562 28.4608 28.7371 28.9031 28.5481 0.0198942 0.0131029
383 0 27.9631 28.3562 28.4608 28.7371 28.9031 28.4841 0.0285417 0.0242201
684 300 27.9631 28.3562 28.4608 28.7371 28.9031 28.4841 0.0496964 0.0176135
774 300 27.9631 28.3562 28.4608 28.7371 28.9031 28.4841 0.0431926 0.0110821
777 300 27.9631 28.3562 28.4608 28.7371 28.9031 28.4841 0.0393521 0.00874167
726 300 27.9631 28.3562 28.4608 28.7371 28.9031 28.4841 0.0530837 0.0270921
789 300 27.9631 28.3562 28.4608 28.7371 28.9031 28.4841 0.0397474 0.00751434
595 130 27.9631 28.3562 28.4608 28.7371 28.9031 28.4841 0.0499394 0.020556
797 300 27.9631 28.3562 28.4608 28.7371 28.9031 28.4841 0.03649 0.00995506
701 300 27.9631 28.3562 28.4608 28.7371 28.9031 28.4841 0.0568472 0.0247518
703 300 27.9631 28.3562 28.4608 28.7371 28.9031 28.4841 0.0354009 0.00796726
419 237 27.9631 28.3562 28.4608 28.7371 28.9031 28.4841 0.0449938 0.0206886
658 300 27.9631 28.3562 28.4608 28.7371 28.9031 28.4841 0.0245955 0.00722269
612 300 27.9631 28.3562 28.4608 28.7371 28.9031 28.4841 0.05355 0.0224609
731 20 27.9631 28.3562 28.4608 28.7371 28.9031 28.4841 0.0138489 0.00720708
614 300 27.9631 28.3562 28.4608 28.7371 28.9031 28.4841 0.0443958 0.0214858
654 300 27.9631 28.3562 28.4608 28.7371 28.9031 28.4841 0.0380649 0.0139998
480 132 27.9631 28.3562 28.4608 28.7371 28.9031 28.4841 0.052336 0.0230277
349 48 27.9631 28.3562 28.4608 28.7371 28.9031 28.4841 0.0232601 0.0078983
722 300 27.9631 28.3562 28.4608 28.7371 28.9031 28.4841 0.0484029 0.0190007
534 300 27.9631 28.3562 28.4608 28.7371 28.9031 28.4841 0.045773 0.0124252
563 300 27.9631 28.3562 28.4608 28.7371 28.9031 28.4841 0.0413988 0.013278
620 300 27.9631 28.3562 28.4608 28.7371 28.9031 28.4841 0.0407727 0.0107228
413 30 27.9631 28.3562 28.4608 28.7371 28.9031 28.4841 0.0336149 0.0235306
567 300 27.9631 28.3562 28.4608 28.7371 28.9031 28.4841 0.0459589 0.01568
709 300 27.9631 28.3562 28.4608 28.7371 28.9031 28.4841 0.0400124 0.0174509
627 300 27.9631 28.3562 28.4608 28.7371 28.9031 28.4841 0.0395259 0.0132336
463 18 27.9631 28.3562 28.4608 28.7371 28.9031 28.4841 0.0336342 0.0256627
344 0 27.9631 28.3562 28.4608 28.7371 28.9031 28.4841 0.0197267 0.0153455
552 300 27.9631 28.3562 28.4608 28.7371 28.9031 28.4841 0.0495087 0.0204094
644 300 27.9631 28.3562 28.4608 28.7371 28.9031 28.4841 0.0358218 0.0119483
257 0 27.9631 28.3562 28.4608 28.7371 28.9031 28.4841 0.0155628 0.0111946
636 300 27.9631 28.3562 28.4608 28.7371 28.9031 28.4841 0.0381362 0.0118392
610 300 27.9631 28.3562 28.4608 28.7371 28.9031 28.4841 0.0565931 0.0216593
437 224 27.9631 28.3562 28.4608 28.7371 28.9031 28.4841 0.0453861 0.0120469
580 300 27.9631 28.3562 28.4608 28.7371 28.9031 28.4841 0.0402249 0.0111818
599 300 27.9631 28.3562 28.4608 28.7371 28.9031 28.4841 0.0301196 0.00786088
817 300 27.9631 28.3562 28.4608 28.7371 28.9031 28.4841 0.0518332 0.0233471
635 300 27.9631 28.3562 28.4608 28.7371 28.9031 28.4841 0.0452894 0.0119069
796 300 27.9631 28.3562 28.4608 28.7371 28.9031 28.4841 0.0442772 0.00828744
772 300 27.9631 28.3562 28.4608 28.7371 28.9031 28.4841 0.040501 0.0160455
310 49 27.9631 28.3562 28.4608 28.7371 28.9031 28.4841 0.0266787 0.0118063
358 0 27.9631 28.3562 28.4608 28.7371 28.9031 28.4841 0.0231248 0.0187761
632 292 27.9631 28.3562 28.4608 28.7371 28.9031 28.4841 0.054795 0.0185051
570 300 27.9631 28.3562 28.4608 28.7371 28.9031 28.4841 0.0401119 0.0115964
650 300 27.9631 28.3562 28.4608 28.7371 28.9031 28.4841 0.0410195 0.0120049
523 15 27.9631 28.3562 28.4608 28.7371 28.9031 28.4841 0.0235517 0.0158482
857 300 27.9631 28.3562 28.4608 28.7371 28.9031 28.4841 0.0502324 0.0151916
695 300 27.9631 28.3562 28.4608 28.7371 28.9031 28.4841 0.0345404 0.00793963
519 150 27.9631 28.3562 28.4608 28.7371 28.9031 28.4841 0.0414691 0.0224731
717 300 27.9631 28.3562 28.4608 28.7371 28.9031 28.4841 0.0374882 0.0136934
754 300 27.9631 28.3562 28.4608 28.7371 28.9031 28.4841 0.0357867 0.0118859
744 225 27.9631 28.3562 28.4608 28.7371 28.9031 28.4841 0.040364 0.00999805
641 155 27.9631 28.3562 28.4608 28.7371 28.9031 28.4841 0.0496345 0.0235957
656 300 27.9631 28.3562 28.4608 28.7371 28.9031 28.4841 0.0328254 0.008702
631 300 27.9631 28.3562 28.4608 28.7371 28.9031 28.4841 0.0394327 0.00930826
717 300 27.9631 28.3562 28.4608 28.7371 28.9031 28.4841 0.0359158 0.00734963
498 300 27.9631 28.3562 28.4608 28.7371 28.9031 28.4841 0.0393964 0.00835158
549 300 27.9631 28.3562 28.4608 28.7371 28.9031 28.4841 0.0362863 0.00992562
468 165 27.9631 28.3562 28.4608 28.7371 28.9031 28.4841 0.0456376 0.008897
600 26 27.9631 28.3562 28.4608 28.7371 28.9031 28.4841 0.0170204 0.00791726
567 300 27.9631 28.3562 28.4608 28.6821 28.7371 28.4399 0.0397746 0.0122315
512 19 27.9631 28.294 28.3562 28.4608 28.7371 28.3622 0.0152224 0.00919424
346 201 27.9631 28.294 28.3562 28.4608 28.7371 28.3622 0.042069 0.0162051
662 300 27.9631 28.294 28.3562 28.4608 28.7371 28.3622 0.0389083 0.0144882
723 300 27.9631 28.294 28.3562 28.4608 28.7371 28.3622 0.0365375 0.0135907
627 300 27.9631 28.294 28.3562 28.4608 28.7371 28.3622 0.0421011 0.00762679
663 300 27.9631 28.294 28.3562 28.4608 28.7371 28.3622 0.0386564 0.011024
650 300 27.9631 28.294 28.3562 28.4608 28.7371 28.3622 0.040833 0.0105774
393 30 27.9631 28.294 28.3562 28.4608 28.7371 28.3622 0.0238633 0.0123606
640 214 27.9631 28.294 28.3562 28.4608 28.7371 28.3622 0.0407217 0.00906013
675 300 27.9631 28.294 28.3562 28.4608 28.7371 28.3622 0.0471323 0.0187899
629 300 27.9631 28.294 28.3562 28.4608 28.7371 28.3622 0.0367709 0.00959713
659 300 27.9631 28.294 28.3562 28.4608 28.7371 28.3622 0.035765 0.00866638
387 300 27.9631 28.0334 28.294 28.3562 28.4608 28.2215 0.0482726 0.0125621
459 150 27.9631 28.0274 28.294 28.3562 28.4608 28.2203 0.0541731 0.0198824
753 300 27.9631 28.0274 28.294 28.3562 28.4608 28.2203 0.0385525 0.0100006
649 300 27.9631 28.0274 28.294 28.3562 28.4608 28.2203 0.0606737 0.0235408
485 211 27.9631 28.0274 28.294 28.3562 28.4608 28.2203 0.0350466 0.0084638
569 72 27.9631 28.0274 28.294 28.3562 28.4608 28.2203 0.0494905 0.0201962
568 300 27.9631 28.0274 28.294 28.3562 28.4608 28.2203 0.0459663 0.0213341
574 300 27.9631 28.0274 28.294 28.3562 28.4608 28.2203 0.0502665 0.0221409
693 300 27.9631 28.0274 28.294 28.3562 28.4608 28.2203 0.0340105 0.00918208
341 300 27.9631 28.0274 28.294 28.3562 28.4608 28.2203 0.0506689 0.0223903
699 300 27.9631 28.0274 28.294 28.3562 28.4608 28.2203 0.0268786 0.00756873
244 2 27.9631 28.0274 28.294 28.3562 28.4608 28.2203 0.0291941 0.023976
777 300 27.9631 28.0274 28.294 28.3562 28.4608 28.2203 0.0477444 0.0202432
390 180 27.9631 28.0274 28.294 28.3562 28.4608 28.2203 0.0575185 0.0199685
632 300 27.9631 28.0274 28.294 28.3562 28.4608 28.2203 0.0365913 0.0123927
720 300 27.9631 28.0274 28.294 28.3562 28.4608 28.2203 0.0405747 0.00982603
661 0 27.9631 28.0274 28.294 28.3562 28.4608 28.2203 0.0195271 0.0151598
254 130 27.9631 28.0274 28.294 28.3562 28.4608 28.2203 0.0504633 0.0230157
720 300 27.9631 28.0274 28.294 28.3562 28.4608 28.2203 0.0322422 0.00757552
700 300 27.9631 28.0274 28.294 28.3562 28.4608 28.2203 0.0569933 0.0225468
700 300 27.9631 28.0274 28.294 28.3562 28.4608 28.2203 0.0367306 0.00709226
663 300 27.9631 28.0274 28.294 28.3562 28.4608 28.2203 0.0539752 0.0253707
613 300 27.9631 28.0274 28.294 28.3562 28.4608 28.2203 0.0352245 0.00750708
558 187 27.9631 28.0274 28.294 28.3562 28.4608 28.2203 0.0419213 0.00953643
322 263 27.9631 28.0274 28.294 28.3562 28.4608 28.2203 0.0353064 0.00977564
541 300 27.9631 28.0274 28.294 28.3562 28.4608 28.2203 0.0449894 0.02022
609 300 27.9631 28.0274 28.294 28.3562 28.4608 28.2203 0.0467899 0.0178898
799 300 27.9631 28.0274 28.294 28.3562 28.4608 28.2203 0.0445413 0.0120577
637 300 27.9631 28.0274 28.294 28.3562 28.4608 28.2203 0.0442742 0.0160686
813 300 27.9631 28.0274 28.294 28.3562 28.4608 28.2203 0.0429339 0.0121772
744 300 27.9631 28.0274 28.294 28.3562 28.4608 28.2203 0.042677 0.0102146
750 300 27.9631 28.0274 28.294 28.3562 28.4608 28.2203 0.0390955 0.011979
640 300 27.9631 28.0274 28.294 28.3562 28.4608 28.2203 0.0436202 0.0156043
299 82 27.9631 28.0274 28.294 28.3562 28.4608 28.2203 0.0459807 0.0175727
663 300 27.9631 28.0274 28.294 28.3562 28.4608 28.2203 0.0459985 0.0120205
672 300 27.9631 28.0274 28.294 28.3562 28.4608 28.2203 0.0351991 0.0120143
764 300 27.9631 28.0274 28.294 28.3562 28.4608 28.2203 0.0373488 0.0128258
615 300 27.9631 28.0274 28.294 28.3562 28.4608 28.2203 0.0418012 0.0118498
777 264 27.9631 28.0274 28.294 28.3562 28.4608 28.2203 0.0440385 0.0157039
476 300 27.9631 28.0274 28.294 28.3562 28.4608 28.2203 0.0571715 0.0243273
658 27 27.9631 28.0274 28.294 28.3562 28.4608 28.2203 0.0163937 0.00768793
745 195 27.9631 28.0274 28.294 28.3562 28.4608 28.2203 0.0403252 0.0172623
607 300 27.9631 28.0274 28.294 28.3562 28.4608 28.2203 0.0335079 0.00779246
550 300 27.9631 28.0274 28.294 28.3562 28.4608 28.2203 0.034595 0.010334
662 300 27.9631 28.0274 28.294 28.3562 28.4608 28.2203 0.0344303 0.0168921
772 300 27.9631 28.0274 28.294 28.3562 28.4608 28.2203 0.0260795 0.00865971
673 96 27.9631 28.0274 28.294 28.3562 28.4608 28.2203 0.0372865 0.00751246
672 300 27.9631 28.0274 28.294 28.3562 28.4608 28.2203 0.031768 0.00737083
642 300 27.9631 28.0274 28.294 28.3562 28.4608 28.2203 0.0370787 0.00742459
357 52 27.9631 28.0274 28.294 28.3562 28.4608 28.2203 0.0304243 0.0128568
518 72 27.9631 28.0274 28.294 28.3562 28.4608 28.2203 0.0262123 0.00749361
229 0 27.9631 28.0274 28.294 28.3562 28.4608 28.2203 0.0137658 0.00936999
656 63 27.9631 28.0274 28.294 28.3562 28.4608 28.2203 0.0334188 0.0139658
682 300 27.9631 28.0274 28.294 28.3562 28.4608 28.2203 0.0498005 0.0164939
732 300 27.9631 28.0274 28.294 28.3562 28.4608 28.2203 0.0353516 0.00733265
531 300 27.9631 28.0274 28.294 28.3562 28.4608 28.2203 0.0420143 0.0113805
382 300 27.9631 28.0274 28.294 28.3562 28.4608 28.2203 0.0446522 0.0112739
342 78 27.9631 28.0274 28.294 28.3562 28.4608 28.2203 0.0310564 0.00879099
