175 0 0 0 0 0 0 -1 0.00501528 0.000238739
404 32 32.0677 32.6757 33.5769 37.7905 38.9654 35.0152 0.0168728 0.000231944
472 100 31.6369 31.7611 32.0551 32.1931 32.2812 31.9855 0.0302002 0.00701992
548 100 29.9101 30.5928 30.9519 31.5177 31.6369 30.9219 0.0388766 0.0156061
548 100 29.889 30.068 30.5801 30.6109 30.9531 30.4202 0.0414946 0.0217585
508 100 29.889 29.9471 30.5738 30.5801 30.9531 30.3886 0.0440366 0.0187601
188 0 29.889 29.9471 30.5739 30.5801 30.9531 30.3886 0.0193259 0.0149399
527 100 29.889 29.9471 30.5739 30.5801 30.9531 30.3886 0.0431433 0.0193518
712 100 29.8886 29.889 29.9471 29.9789 30.0939 29.9595 0.0408625 0.018379
622 12 29.2589 29.889 29.9471 29.9784 30.0872 29.8321 0.0216131 0.0162993
706 100 29.2589 29.889 29.9471 29.9784 30.0872 29.8321 0.0259893 0.00564267
479 100 29.2589 29.889 29.9471 29.9784 30.0872 29.8321 0.0369019 0.0176634
492 100 29.2589 29.605 29.889 29.9471 29.9784 29.7357 0.0360492 0.0191672
550 100 29.2589 29.4109 29.5419 29.889 29.9471 29.6096 0.029265 0.0125425
313 48 29.1659 29.2589 29.5419 29.889 29.9471 29.5606 0.0295564 0.0189782
466 100 28.0006 28.3597 29.0303 29.1659 29.2589 28.7631 0.0349987 0.0114371
468 100 27.9589 28.3597 28.9883 29.1659 29.2589 28.7463 0.0364436 0.0173213
491 100 27.9589 28.0368 28.3226 28.3597 28.4609 28.2278 0.035889 0.0163887
600 100 27.9589 28.0365 28.294 28.3597 28.4608 28.222 0.0357472 0.00793595
355 0 27.9589 28.0365 28.294 28.3597 28.4608 28.222 0.0303007 0.0260852
849 100 27.9589 28.0365 28.294 28.3597 28.4608 28.222 0.0460555 0.0216584
580 100 27.9589 28.0365 28.294 28.3597 28.4608 28.222 0.0331644 0.0121377
701 100 27.9589 28.0365 28.294 28.3597 28.4608 28.222 0.0392666 0.0209798
675 100 27.9589 28.0365 28.294 28.3597 28.4608 28.222 0.0446242 0.0139668
742 100 27.9589 28.0365 28.294 28.3597 28.4608 28.222 0.0290924 0.00922375
625 100 27.9589 28.0365 28.294 28.3597 28.4608 28.222 0.0299989 0.0108206
672 100 27.9589 28.0365 28.294 28.3597 28.4608 28.222 0.0437802 0.0153648
379 100 27.9589 28.0365 28.294 28.3597 28.4608 28.222 0.0415427 0.023441
747 100 27.9589 28.0365 28.294 28.3597 28.4608 28.222 0.044126 0.0200599
721 100 27.9589 28.0365 28.294 28.3597 28.4608 28.222 0.0405144 0.0173376
764 0 27.9589 28.0365 28.294 28.3597 28.4608 28.222 0.0240673 0.0103111
750 100 27.9589 28.0365 28.294 28.3597 28.4608 28.222 0.0444313 0.0191986
620 100 27.9589 28.0365 28.294 28.3597 28.4608 28.222 0.0449035 0.0221493
729 100 27.9589 28.0365 28.294 28.3597 28.4608 28.222 0.0454017 0.0220602
825 100 27.9589 28.0365 28.294 28.3597 28.4608 28.222 0.0289963 0.0111988
655 100 27.9589 28.0365 28.294 28.3597 28.4608 28.222 0.0425541 0.0197207
596 0 27.9589 28.0365 28.294 28.3597 28.4608 28.222 0.0267576 0.0224186
896 100 27.9589 28.0365 28.294 28.3597 28.4608 28.222 0.0359446 0.0151921
613 100 27.9589 28.0365 28.294 28.3597 28.4608 28.222 0.0422829 0.0221142
629 100 27.9589 28.0365 28.294 28.3597 28.4608 28.222 0.043937 0.0188248
716 100 27.9589 28.0365 28.294 28.3597 28.4608 28.222 0.0314457 0.011115
628 100 27.9589 28.0365 28.294 28.3597 28.4608 28.222 0.0436716 0.019256
595 100 27.9589 28.0365 28.294 28.3597 28.4608 28.222 0.0323669 0.0108966
606 100 27.9589 28.0365 28.294 28.3597 28.4608 28.222 0.0464844 0.0243806
618 100 27.9589 28.0365 28.294 28.3597 28.4608 28.222 0.0385374 0.0203663
617 100 27.9589 28.0365 28.294 28.3597 28.4608 28.222 0.041812 0.0197778
635 100 27.9589 28.0365 28.294 28.3597 28.4608 28.222 0.0418581 0.0209133
615 100 27.9589 28.0365 28.294 28.3597 28.4608 28.222 0.0448003 0.0202684
649 0 27.9589 28.0365 28.294 28.3597 28.4608 28.222 0.0265715 0.0220049
1067 100 27.9589 28.0365 28.294 28.3597 28.4608 28.222 0.0383635 0.0170785
669 100 27.9589 28.0365 28.294 28.3597 28.4608 28.222 0.0282083 0.0104096
428 20 27.9589 28.0365 28.294 28.3597 28.4608 28.222 0.0293815 0.0207462
660 0 27.9589 28.0365 28.294 28.3597 28.4608 28.222 0.0145454 0.0101191
1093 100 27.9589 28.0365 28.294 28.3597 28.4608 28.222 0.0340481 0.0121102
805 100 27.9589 28.0365 28.294 28.3597 28.4608 28.222 0.0400666 0.0157137
700 100 27.9589 28.0365 28.294 28.3597 28.4608 28.222 0.0338789 0.0110263
559 100 27.9589 28.0365 28.294 28.3597 28.4608 28.222 0.0426428 0.0166145
872 100 27.9589 28.0365 28.294 28.3597 28.4608 28.222 0.0308663 0.0106264
753 100 27.9589 28.0365 28.294 28.3597 28.4608 28.222 0.036461 0.0192387
357 0 27.9589 28.0365 28.294 28.3597 28.4608 28.222 0.0344009 0.0301289
967 100 27.9589 28.0365 28.294 28.3597 28.4608 28.222 0.0405869 0.0203754
665 100 27.9589 28.0365 28.294 28.3597 28.4608 28.222 0.0512165 0.0191101
701 100 27.9589 28.0365 28.294 28.3597 28.4608 28.222 0.0397634 0.0183604
235 0 27.9589 28.0365 28.294 28.3597 28.4608 28.222 0.0214254 0.0171267
1148 100 27.9589 28.0365 28.294 28.3597 28.4608 28.222 0.0370345 0.0214453
295 100 27.9589 28.0365 28.294 28.3597 28.4608 28.222 0.0497253 0.0118139
404 100 27.9589 28.0365 28.294 28.3597 28.4608 28.222 0.046713 0.0193619
656 100 27.9589 28.0365 28.294 28.3597 28.4608 28.222 0.0489 0.0222124
603 100 27.9589 28.0365 28.294 28.3597 28.4608 28.222 0.0380775 0.0167048
801 100 27.9589 28.0365 28.294 28.3597 28.4608 28.222 0.0410225 0.0224539
535 100 27.9589 28.0365 28.294 28.3597 28.4608 28.222 0.0505268 0.0216859
814 100 27.9589 28.0365 28.294 28.3597 28.4608 28.222 0.0342874 0.0102171
600 100 27.9589 28.0365 28.294 28.3597 28.4608 28.222 0.0416909 0.0199052
695 100 27.9589 28.0365 28.294 28.3597 28.4608 28.222 0.0463603 0.0210603
665 100 27.9589 28.0365 28.294 28.3597 28.4608 28.222 0.0350855 0.0183306
615 100 27.9589 28.0365 28.294 28.3597 28.4608 28.222 0.0279375 0.0109432
827 100 27.9589 28.0365 28.294 28.3597 28.4608 28.222 0.0450675 0.0199198
769 100 27.9589 28.0365 28.294 28.3597 28.4608 28.222 0.0325011 0.0107248
805 100 27.9589 28.0365 28.294 28.3597 28.4608 28.222 0.0386833 0.0175615
596 100 27.9589 28.0365 28.294 28.3597 28.4608 28.222 0.054828 0.0222078
708 100 27.9589 28.0365 28.294 28.3597 28.4608 28.222 0.0370638 0.0147454
531 100 27.9589 28.0365 28.294 28.3597 28.4608 28.222 0.0414864 0.0227357
621 100 27.9589 28.0365 28.294 28.3597 28.4608 28.222 0.0465449 0.0250275
710 100 27.9589 28.0365 28.294 28.3597 28.4608 28.222 0.0271339 0.0109091
658 100 27.9589 28.0365 28.294 28.3597 28.4608 28.222 0.0317777 0.0107822
465 0 27.9589 28.0365 28.294 28.3597 28.4608 28.222 0.0174657 0.0129559
892 100 27.9589 28.0365 28.294 28.3597 28.4608 28.222 0.0395996 0.0134225
691 100 27.9589 28.0365 28.294 28.3597 28.4608 28.222 0.0333564 0.0115597
644 100 27.9589 28.0365 28.294 28.3597 28.4608 28.222 0.0380184 0.0148089
734 100 27.9589 28.0365 28.294 28.3597 28.4608 28.222 0.0337984 0.0115883
573 100 27.9589 28.0365 28.294 28.3597 28.4608 28.222 0.0402493 0.0190088
517 100 27.9589 28.0365 28.294 28.3597 28.4608 28.222 0.0519215 0.0178386
646 100 27.9589 28.0365 28.294 28.3597 28.4608 28.222 0.0356623 0.0197758
502 100 27.9589 28.0365 28.294 28.3597 28.4608 28.222 0.0360262 0.010683
622 100 27.9589 28.0365 28.294 28.3597 28.4608 28.222 0.0370927 0.0213593
249 16 27.9589 28.0365 28.294 28.3597 28.4608 28.222 0.0353434 0.0283691
627 100 27.9589 28.0365 28.294 28.3597 28.4608 28.222 0.0341904 0.0194598
735 100 27.9589 28.0365 28.294 28.3597 28.4608 28.222 0.0409033 0.0210332
871 100 27.9589 28.0365 28.294 28.3597 28.4608 28.222 0.0427969 0.01847
551 100 27.9589 28.0365 28.294 28.3597 28.4608 28.222 0.0412856 0.0181468
680 100 27.9589 28.0365 28.294 28.3597 28.4608 28.222 0.0415378 0.0193646
557 100 27.9589 28.0365 28.294 28.3597 28.4608 28.222 0.0341364 0.0107007
590 100 27.9589 28.0365 28.294 28.3597 28.4608 28.222 0.0436834 0.0185973
640 100 27.9589 28.0365 28.294 28.3597 28.4608 28.222 0.0486229 0.0226073
725 100 27.9589 28.0365 28.294 28.3597 28.4608 28.222 0.0322334 0.00803085
625 100 27.9589 28.0365 28.294 28.3597 28.4608 28.222 0.0319446 0.0106842
715 100 27.9589 28.0365 28.294 28.3597 28.4608 28.222 0.044208 0.0181256
622 100 27.9589 28.0365 28.294 28.3597 28.4608 28.222 0.0420998 0.0189576
498 100 27.9589 28.0365 28.294 28.3597 28.4608 28.222 0.0479972 0.024616
280 86 27.9589 28.0365 28.294 28.3597 28.4608 28.222 0.0514206 0.0298347
705 100 27.9589 28.0365 28.294 28.3597 28.4608 28.222 0.0391882 0.0169947
595 100 27.9589 28.0365 28.294 28.3597 28.4608 28.222 0.0235334 0.010709
270 0 27.9589 28.0365 28.294 28.3597 28.4608 28.222 0.028762 0.0245044
866 100 27.9589 28.0365 28.294 28.3597 28.4608 28.222 0.0434977 0.0228043
644 100 27.9589 28.0365 28.294 28.3597 28.4608 28.222 0.04054 0.021625
786 100 27.9589 28.0365 28.294 28.3597 28.4608 28.222 0.0446021 0.0227087
619 100 27.9589 28.0365 28.294 28.3597 28.4608 28.222 0.031867 0.0146293
782 100 27.9589 28.0365 28.294 28.3597 28.4608 28.222 0.0414118 0.0108305
543 100 27.9589 28.0365 28.294 28.3597 28.4608 28.222 0.0463641 0.025302
631 100 27.9589 28.0365 28.294 28.3597 28.4608 28.222 0.0385219 0.0191754
691 100 27.9589 28.0365 28.294 28.3597 28.4608 28.222 0.0425874 0.0197464
798 100 27.9589 28.0365 28.294 28.3597 28.4608 28.222 0.0451813 0.0237147
645 100 27.9589 28.0365 28.294 28.3597 28.4608 28.222 0.0417245 0.018765
672 100 27.9589 28.0365 28.294 28.3597 28.4608 28.222 0.0302874 0.0117994
406 100 27.9589 28.0365 28.294 28.3597 28.4608 28.222 0.0493536 0.0241801
712 100 27.9589 28.0365 28.294 28.3597 28.4608 28.222 0.0425547 0.0221734
691 100 27.9589 28.0365 28.294 28.3597 28.4608 28.222 0.0395579 0.0213542
481 100 27.9589 28.0365 28.294 28.3597 28.4608 28.222 0.0382145 0.0112218
679 100 27.9589 28.0365 28.294 28.3597 28.4608 28.222 0.0469973 0.0251505
641 0 27.9589 28.0365 28.294 28.3597 28.4608 28.222 0.0168559 0.0111779
901 100 27.9589 28.0365 28.294 28.3597 28.4608 28.222 0.0417892 0.0219122
778 100 27.9589 28.0365 28.294 28.3597 28.4608 28.222 0.0338954 0.0114437
697 100 27.9589 28.0365 28.294 28.3597 28.4608 28.222 0.0316417 0.0114251
428 100 27.9589 28.0365 28.294 28.3597 28.4608 28.222 0.0394801 0.0152357
676 100 27.9589 28.0365 28.294 28.3597 28.4608 28.222 0.0329139 0.0118618
709 100 27.9589 28.0365 28.294 28.3597 28.4608 28.222 0.0418664 0.0192641
731 100 27.9589 28.0365 28.294 28.3597 28.4608 28.222 0.0356455 0.0120437
644 100 27.9589 28.0365 28.294 28.3597 28.4608 28.222 0.0409571 0.0195785
651 100 27.9589 28.0365 28.294 28.3597 28.4608 28.222 0.027691 0.0118793
613 100 27.9589 28.0365 28.294 28.3597 28.4608 28.222 0.0354657 0.0126413
698 100 27.9589 28.0365 28.294 28.3597 28.4608 28.222 0.0330497 0.0126016
783 50 27.9589 28.0365 28.294 28.3597 28.4608 28.222 0.0237016 0.0143421
549 100 27.9589 28.0365 28.294 28.3597 28.4608 28.222 0.0366829 0.0124456
695 100 27.9589 28.0365 28.294 28.3597 28.4608 28.222 0.0436997 0.0245963
660 100 27.9589 28.0365 28.294 28.3597 28.4608 28.222 0.0370617 0.0122074
839 100 27.9589 28.0365 28.294 28.3597 28.4608 28.222 0.0372904 0.0184693
634 100 27.9589 28.0365 28.294 28.3597 28.4608 28.222 0.0293097 0.0119783
642 100 27.9589 28.0365 28.294 28.3597 28.4608 28.222 0.0381563 0.0207606
601 63 27.9589 28.0365 28.294 28.3597 28.4608 28.222 0.0330818 0.021509
605 100 27.9589 28.0365 28.294 28.3597 28.4608 28.222 0.0313376 0.00715773
692 100 27.9589 28.0365 28.294 28.3597 28.4608 28.222 0.0313021 0.0116398
639 100 27.9589 28.0365 28.294 28.3597 28.4608 28.222 0.0379809 0.0161267
615 100 27.9589 28.0365 28.294 28.3597 28.4608 28.222 0.0324675 0.011491
752 100 27.9589 28.0365 28.294 28.3597 28.4608 28.222 0.0357882 0.015018
781 100 27.9589 28.0365 28.294 28.3597 28.4608 28.222 0.0340884 0.012203
595 100 27.9589 28.0365 28.294 28.3597 28.4608 28.222 0.0387271 0.0202452
816 100 27.9589 28.0365 28.294 28.3597 28.4608 28.222 0.0369047 0.0212125
679 100 27.9589 28.0365 28.294 28.3597 28.4608 28.222 0.0414504 0.0216975
