172 0 0 0 0 0 0 -1 0.00512114 0.000347456
216 8 34.087 34.3836 35.1212 49.8711 0 38.3657 0.0116621 0.000340615
139 0 0 0 0 0 0 -1 0.00471396 0.000241725
237 24 33.4657 34.8768 35.0717 38.1213 41.0499 36.5171 0.0170819 0.00024005
187 0 0 0 0 0 0 -1 0.00452835 0.00024469
199 0 0 0 0 0 0 -1 0.00669187 0.000371651
862 100 28.3603 29.2332 29.6527 30.0894 30.3669 29.5405 0.0233124 0.000250576
747 100 29.0049 29.1555 29.7961 29.8055 30.2995 29.6123 0.0272056 0.000117174
239 74 31.5112 31.9232 32.8606 33.2726 33.857 32.6849 0.0163996 0.00025645
157 0 0 0 0 0 0 -1 0.00458568 0.000265353
198 0 0 0 0 0 0 -1 0.00668504 0.000319056
277 44 28.4617 29.5831 30.0884 31.0898 31.5522 30.155 0.00997289 0.000308886
155 0 0 0 0 0 0 -1 0.00472677 0.000374868
251 0 0 0 0 0 0 -1 0.00675443 0.00031221
220 5 30.088 36.8037 39.549 0 0 35.4803 0.00712585 0.000251026
177 0 0 0 0 0 0 -1 0.00462745 0.000304505
270 10 32.0546 32.7879 34.0004 34.4528 45.0805 35.6752 0.00932552 0.000310212
421 78 28.8228 28.9865 29.8723 30.581 30.5838 29.7693 0.0131354 0.000156297
192 0 0 0 0 0 0 -1 0.00468189 0.000258692
278 10 51.565 52.5446 54.0542 0 0 52.7213 0.0111473 0.000299655
152 24 37.2982 39.0437 39.6448 40.2536 42.2718 39.7024 0.0117152 0.000236114
169 0 0 0 0 0 0 -1 0.00450336 0.000230615
234 42 32.5824 35.2694 35.8207 39.3513 39.5384 36.5124 0.0174092 0.000299938
199 0 0 0 0 0 0 -1 0.00458177 0.000241721
239 18 30.52 30.9531 31.6879 32.5773 32.9831 31.7443 0.012193 0.000306721
154 0 0 0 0 0 0 -1 0.00455504 0.000299286
220 0 0 0 0 0 0 -1 0.00635773 0.00021693
302 100 29.4347 30.2808 30.9903 31.6495 32.2314 30.9173 0.0241956 0.000295847
274 36 28.328 29.11 30.2905 31.0725 31.5131 30.0628 0.0127026 0.00023284
155 0 0 0 0 0 0 -1 0.00459293 0.000334408
246 42 31.5604 32.1986 33.5344 38.2995 38.6027 34.8391 0.0172298 0.000316035
203 0 0 0 0 0 0 -1 0.00461274 0.000313283
255 0 0 0 0 0 0 -1 0.00666047 0.000316527
226 0 0 0 0 0 0 -1 0.0066297 0.000298832
257 18 32.2874 34.6951 36.4222 36.8652 37.8379 35.6216 0.012533 0.00030197
155 0 0 0 0 0 0 -1 0.0045709 0.000257701
253 100 29.2759 29.978 30.2784 30.283 30.9807 30.1592 0.029376 0.000237174
137 0 0 0 0 0 0 -1 0.00464677 0.000318293
301 0 0 0 0 0 0 -1 0.00646817 0.00031015
613 100 30.7313 32.0562 33.3244 33.9203 46.7943 35.3653 0.0256622 0.000229965
112 0 0 0 0 0 0 -1 0.00488536 0.000432376
150 0 0 0 0 0 0 -1 0.00671832 0.000383217
180 100 29.8789 29.992 30.5785 30.6923 31.6418 30.5567 0.0293649 0.000246593
152 0 0 0 0 0 0 -1 0.00472537 0.000323394
220 0 0 0 0 0 0 -1 0.0066361 0.000268111
281 0 0 0 0 0 0 -1 0.00649839 0.000342515
191 0 0 0 0 0 0 -1 0.00653576 0.000305041
572 100 29.5915 31.432 31.7789 33.5826 33.7338 32.0238 0.020017 0.000325069
156 16 33.2955 34.3753 35.4239 38.2505 40.4124 36.3515 0.00853703 0.000275912
147 0 0 0 0 0 0 -1 0.00465353 0.000330222
232 84 32.5815 33.5599 33.6085 33.9515 33.9749 33.5353 0.0283932 0.000149326
153 0 0 0 0 0 0 -1 0.00456028 0.000261369
212 2 33.8966 36.4068 0 0 0 35.1517 0.00840619 0.000323241
190 20 39.0592 40.3006 44.9907 46.0346 46.2316 43.3233 0.0122378 0.00031617
145 0 0 0 0 0 0 -1 0.00476638 0.000320919
232 15 34.9191 35.1973 36.0407 36.3189 37.1378 35.9228 0.0107471 0.000318772
422 100 32.1861 32.4015 33.3954 33.5843 33.621 33.0376 0.0333919 0.000255722
185 0 0 0 0 0 0 -1 0.00469528 0.000341515
194 10 31.5986 32.9319 49.3085 49.9375 50.6435 42.884 0.00788561 0.000254878
179 8 34.8862 35.0721 38.1179 44.2123 0 38.0721 0.00754041 0.000330705
160 0 0 0 0 0 0 -1 0.00469629 0.000348186
340 100 39.4496 39.9069 41.1503 41.4482 41.6076 40.7125 0.0320958 0.000265259
133 0 0 0 0 0 0 -1 0.00482182 0.000295427
165 0 0 0 0 0 0 -1 0.00655165 0.000264671
201 0 0 0 0 0 0 -1 0.00650959 0.000219167
218 0 0 0 0 0 0 -1 0.00664885 0.000308141
199 3 55.4871 57.8349 0 0 0 56.661 0.0104005 0.000302115
118 0 0 0 0 0 0 -1 0.0045603 0.000296729
180 25 31.5254 32.5941 32.7625 35.4251 52.4721 36.9558 0.013099 0.000316902
140 0 0 0 0 0 0 -1 0.00462107 0.000249031
217 0 0 0 0 0 0 -1 0.00673668 0.000374786
237 72 28.823 31.5269 33.2567 34.7908 35.2025 32.72 0.0300387 0.000307578
197 0 0 0 0 0 0 -1 0.00452551 0.000204923
211 38 31.5929 32.7053 37.9201 38.4248 39.0389 35.9364 0.0182973 0.00030689
119 0 0 0 0 0 0 -1 0.00463894 0.000319632
232 17 33.3567 43.9816 45.3033 48.4971 55.279 45.2835 0.0132704 0.000261891
135 2 35.9747 39.0519 0 0 0 37.5133 0.00618234 0.000318301
181 0 0 0 0 0 0 -1 0.00466526 0.000312358
263 8 34.9212 37.7649 37.9435 38.4448 40.6116 37.9372 0.00977311 0.000302251
156 0 0 0 0 0 0 -1 0.00453862 0.000301026
168 0 0 0 0 0 0 -1 0.00662411 0.000355121
229 100 29.2594 30.531 31.1196 32.1593 32.5192 31.1177 0.0355193 0.000237017
133 0 0 0 0 0 0 -1 0.00473241 0.000378006
251 60 32.0767 32.2144 33.3438 33.9149 36.4263 33.5952 0.0244086 0.000134072
197 5 32.5021 33.6296 44.4362 0 0 36.856 0.00730432 0.000249408
176 0 0 0 0 0 0 -1 0.00460104 0.000312591
220 0 0 0 0 0 0 -1 0.00662025 0.000297631
172 0 0 0 0 0 0 -1 0.00653161 0.000223646
231 92 29.1559 29.182 29.2689 29.9335 29.9768 29.5034 0.0355079 0.000246831
179 0 0 0 0 0 0 -1 0.00462623 0.000313675
305 100 30.9531 31.5141 32.0595 32.9199 33.4811 32.1855 0.0278261 0.000243979
361 100 32.1687 34.5632 35.6789 35.7312 38.077 35.2438 0.0230187 0.000318613
178 0 0 0 0 0 0 -1 0.00470025 0.000333647
259 52 28.2769 28.9855 29.1947 29.9034 30.104 29.2929 0.0268211 0.000260303
78 0 0 0 0 0 0 -1 0.00471348 0.000369461
381 68 29.8882 30.9631 31.8582 32.9289 34.5866 32.045 0.0243164 0.000269624
165 3 34.895 35.0783 0 0 0 34.9867 0.00694909 0.000320065
226 0 0 0 0 0 0 -1 0.00454839 0.000270463
