265 69 31.7006 32.1552 32.8907 32.8931 33.947 32.7173 0.026907 0.000357656
429 78 31.3284 31.6204 32.0107 32.5713 33.9205 32.2903 0.0283835 0.00990423
411 300 30.0292 30.6611 30.9518 31.0368 31.3279 30.8014 0.0402618 0.0152696
503 0 29.1556 30.1635 30.6685 30.9531 31.3284 30.4538 0.0136279 0.00887176
306 0 29.1556 30.1635 30.6685 30.9531 31.3284 30.4538 0.0144215 0.010081
244 6 29.1556 30.1635 30.6134 30.6685 30.9531 30.3108 0.0159601 0.00968509
288 0 29.1556 30.1635 30.5739 30.6685 30.9531 30.3029 0.0134463 0.00906941
663 300 29.1556 29.8849 30.1635 30.5739 30.6685 30.0893 0.0309312 0.0140309
412 134 29.1556 29.8328 30.1635 30.3715 30.5739 30.0195 0.0346178 0.0108638
324 187 28.4809 29.1556 29.4952 29.8328 30.089 29.4107 0.0373597 0.00941794
386 300 28.4012 28.6933 29.1556 29.3856 29.8328 29.0937 0.0311601 0.01058
303 300 27.9637 28.526 28.6757 29.1556 29.3856 28.7413 0.0315818 0.00902195
261 16 27.9631 28.4685 28.6757 29.1556 29.3856 28.7297 0.0182113 0.010017
480 300 27.9631 28.4188 28.6757 29.1556 29.3856 28.7198 0.0337537 0.00822047
578 300 27.9631 28.0987 28.358 28.4631 28.6757 28.3117 0.036927 0.0118733
319 142 27.9631 28.0324 28.4608 28.4745 28.6757 28.3213 0.0395788 0.00892336
442 300 27.9631 28.0324 28.4294 28.4608 28.6757 28.3123 0.0308671 0.00628094
293 20 27.9631 28.0324 28.3713 28.4608 28.6757 28.3007 0.021062 0.0114161
368 94 27.9631 28.0324 28.4608 28.5129 28.6757 28.329 0.0324966 0.00881832
451 300 27.9631 28.0324 28.4542 28.4608 28.6757 28.3172 0.0316917 0.00591585
289 0 27.9631 28.0324 28.4333 28.4608 28.6757 28.3131 0.0129104 0.00838736
301 0 27.9631 28.0324 28.3802 28.4608 28.6757 28.3024 0.0144585 0.0101237
245 25 27.9631 28.0324 28.4608 28.5436 28.6757 28.3351 0.0188545 0.00856708
473 300 27.9631 28.0324 28.4608 28.5018 28.6757 28.3268 0.0285924 0.00978181
632 300 27.9631 28.0324 28.4372 28.4608 28.6757 28.3138 0.0316083 0.00956108
244 0 27.9631 28.0324 28.3925 28.4608 28.6757 28.3049 0.0129492 0.00845176
241 8 27.9631 28.0324 28.4608 28.5117 28.6757 28.3288 0.0183904 0.0109337
431 291 27.9631 28.0324 28.4458 28.4608 28.6757 28.3156 0.0346803 0.0169281
675 300 27.9631 28.0324 28.4291 28.4608 28.6757 28.3122 0.0391606 0.0185817
259 0 27.9631 28.0324 28.3707 28.4608 28.6757 28.3005 0.0125325 0.00806358
288 132 27.9631 28.0324 28.4608 28.5112 28.6757 28.3286 0.0383792 0.0083992
486 300 27.9631 28.0324 28.4454 28.4608 28.6757 28.3155 0.0274902 0.00875008
299 9 27.9631 28.0324 28.4271 28.4608 28.6757 28.3118 0.0141474 0.00738771
392 10 27.9631 28.0324 28.367 28.4608 28.6757 28.2998 0.0170557 0.0114089
720 300 27.9631 28.0324 28.4608 28.5003 28.6757 28.3265 0.038558 0.0166372
176 4 27.9631 28.0324 28.4358 28.4608 28.6757 28.3136 0.0163235 0.00979849
649 248 27.9631 28.0324 28.3878 28.4608 28.6757 28.304 0.039907 0.0172086
441 220 27.9631 28.0324 28.4608 28.5055 28.6757 28.3275 0.02537 0.00760385
232 0 27.9631 28.0324 28.4404 28.4608 28.6757 28.3145 0.0140863 0.00964803
453 141 27.9631 28.0324 28.4049 28.4608 28.6757 28.3074 0.0362851 0.0114483
379 82 27.9631 28.0324 28.4608 28.5331 28.6757 28.333 0.0337545 0.0102406
695 300 27.9631 28.0324 28.4608 28.4803 28.6757 28.3225 0.0387825 0.0161572
348 300 27.9631 28.0324 28.4384 28.4608 28.6757 28.3141 0.0286351 0.00876673
413 13 27.9631 28.0324 28.3971 28.4608 28.6757 28.3058 0.0199461 0.0126849
360 38 27.9631 28.0324 28.4608 28.5189 28.6757 28.3302 0.0196838 0.00917449
240 20 27.9631 28.0324 28.4593 28.4608 28.6757 28.3183 0.01981 0.00922181
336 24 27.9631 28.0324 28.4016 28.4608 28.6757 28.3067 0.0230229 0.0113054
383 130 27.9631 28.0324 28.4608 28.5267 28.6757 28.3317 0.0372715 0.0108969
271 7 27.9631 28.0324 28.4608 28.4696 28.6757 28.3203 0.0125612 0.00673016
174 0 27.9631 28.0324 28.4212 28.4608 28.6757 28.3106 0.0149249 0.010507
449 112 27.9631 28.0324 28.3594 28.4608 28.6757 28.2983 0.0335237 0.00997518
332 33 27.9631 28.0324 28.4608 28.4789 28.6757 28.3222 0.0230939 0.0101811
265 2 27.9631 28.0324 28.4363 28.4608 28.6757 28.3137 0.0129372 0.00760763
585 300 27.9631 28.0324 28.3894 28.4608 28.6757 28.3043 0.0319779 0.00859627
417 300 27.9631 28.0324 28.4608 28.5075 28.6757 28.3279 0.0303654 0.0067447
654 300 27.9631 28.0324 28.294 28.4422 28.4608 28.2385 0.0367396 0.0142328
565 300 27.9631 28.0324 28.294 28.4124 28.4608 28.2325 0.0409777 0.0111794
318 69 27.9631 28.0324 28.294 28.4608 28.5581 28.2617 0.0299333 0.00703079
457 106 27.9631 28.0324 28.294 28.4608 28.5193 28.2539 0.0389398 0.0122707
411 216 27.9631 28.0324 28.294 28.4596 28.4608 28.242 0.0381513 0.0117307
191 4 27.9631 28.0324 28.294 28.4025 28.4608 28.2306 0.0173901 0.0121473
465 300 27.9631 28.0324 28.294 28.4608 28.5284 28.2557 0.0442356 0.0185226
480 0 27.9631 28.0324 28.294 28.4608 28.4724 28.2445 0.0160932 0.0114071
458 0 27.9631 28.0324 28.294 28.4259 28.4608 28.2352 0.0220577 0.0175375
753 300 27.9631 28.0324 28.294 28.3652 28.4608 28.2231 0.0415914 0.0191266
627 300 27.9631 28.0324 28.294 28.4608 28.495 28.2491 0.0515696 0.0236447
671 259 27.9631 28.0324 28.294 28.431 28.4608 28.2363 0.0369962 0.011532
640 286 27.9631 28.0324 28.294 28.3749 28.4608 28.225 0.0480676 0.0201135
772 300 27.9631 28.0324 28.294 28.4608 28.5243 28.2549 0.0344911 0.0127795
507 300 27.9631 28.0324 28.294 28.4608 28.4643 28.2429 0.0486892 0.0231821
673 300 27.9631 28.0324 28.294 28.4143 28.4608 28.2329 0.0334065 0.00948599
657 300 27.9631 28.0324 28.294 28.4608 28.5635 28.2627 0.0364178 0.0124146
721 300 27.9631 28.0324 28.294 28.4608 28.5342 28.2569 0.0382325 0.0140217
548 0 27.9631 28.0324 28.294 28.4608 28.4824 28.2465 0.0162751 0.0115849
375 300 27.9631 28.0324 28.294 28.4414 28.4608 28.2383 0.049068 0.0225089
634 300 27.9631 28.0324 28.294 28.4092 28.4608 28.2319 0.033268 0.0131024
439 300 27.9631 28.0324 28.294 28.4608 28.5427 28.2586 0.0629375 0.0312407
460 138 27.9631 28.0324 28.294 28.4608 28.4996 28.25 0.0289892 0.00792721
798 300 27.9631 28.0324 28.294 28.4352 28.4608 28.2371 0.0380139 0.011984
479 300 27.9631 28.0324 28.294 28.3858 28.4608 28.2272 0.0365645 0.011759
591 0 27.9631 28.0324 28.294 28.4608 28.5029 28.2506 0.0268185 0.0223125
622 300 27.9631 28.0324 28.294 28.4381 28.4608 28.2377 0.0458849 0.0222009
640 300 27.9631 28.0324 28.294 28.3958 28.4608 28.2292 0.0370551 0.0116456
247 0 27.9631 28.0324 28.294 28.4608 28.5167 28.2534 0.0137805 0.00912392
542 148 27.9631 28.0324 28.294 28.4575 28.4608 28.2416 0.0410274 0.0204223
718 300 27.9631 28.0324 28.294 28.446 28.4608 28.2393 0.0355552 0.00979372
444 120 27.9631 28.0324 28.294 28.4299 28.4608 28.236 0.0397658 0.020107
626 300 27.9631 28.0324 28.294 28.3723 28.4608 28.2245 0.0378026 0.0173128
389 0 27.9631 28.0324 28.294 28.4608 28.5161 28.2533 0.0265852 0.0220316
306 10 27.9631 28.0324 28.294 28.457 28.4608 28.2415 0.0280471 0.0206992
664 121 27.9631 28.0324 28.294 28.4443 28.4608 28.2389 0.0433207 0.0171757
616 300 27.9631 28.0324 28.294 28.4223 28.4608 28.2345 0.0428825 0.0137861
471 300 27.9631 28.0324 28.294 28.3604 28.4608 28.2221 0.0459048 0.023469
489 300 27.9631 28.0324 28.294 28.4608 28.482 28.2465 0.0320443 0.00780264
718 300 27.9631 28.0324 28.294 28.4408 28.4608 28.2382 0.0376617 0.0209272
772 300 27.9631 28.0324 28.294 28.4066 28.4608 28.2314 0.0310676 0.00811936
553 0 27.9631 28.0324 28.294 28.4608 28.5368 28.2574 0.0212535 0.0163187
395 204 27.9631 28.0324 28.294 28.4608 28.4873 28.2475 0.0412377 0.0139273
519 284 27.9631 28.0324 28.294 28.4552 28.4608 28.2411 0.0437471 0.0221482
712 300 27.9631 28.0324 28.294 28.4374 28.4608 28.2375 0.0311969 0.0100292
576 300 27.9631 28.0324 28.294 28.3934 28.4608 28.2287 0.0367701 0.0117188
460 300 27.9631 28.0324 28.294 28.4608 28.513 28.2527 0.0400242 0.0148008
683 93 27.9631 28.0324 28.294 28.4543 28.4608 28.2409 0.0326478 0.0117472
621 44 27.9631 28.0324 28.294 28.4339 28.4608 28.2368 0.0179193 0.00920229
473 52 27.9631 28.0324 28.294 28.3819 28.4608 28.2264 0.0384931 0.0224258
655 300 27.9631 28.0324 28.294 28.4608 28.5573 28.2615 0.0386089 0.0169133
447 300 27.9631 28.0324 28.294 28.4608 28.5173 28.2535 0.0411845 0.0194075
735 300 27.9631 28.0324 28.294 28.458 28.4608 28.2417 0.0346721 0.0128489
550 300 27.9631 28.0324 28.294 28.4552 28.4608 28.2411 0.0364336 0.0112978
675 300 27.9631 28.0324 28.294 28.4375 28.4608 28.2376 0.0297549 0.00806001
527 0 27.9631 28.0324 28.294 28.3937 28.4608 28.2288 0.0182364 0.0136951
451 300 27.9631 28.0324 28.294 28.4608 28.5135 28.2528 0.0562762 0.0206848
684 300 27.9631 28.0324 28.294 28.4548 28.4608 28.241 0.034135 0.00702512
709 300 27.9631 28.0324 28.294 28.4356 28.4608 28.2372 0.0292344 0.0105278
567 300 27.9631 28.0324 28.294 28.3872 28.4608 28.2275 0.036699 0.0150238
787 300 27.9631 28.0324 28.294 28.4608 28.5047 28.251 0.0484706 0.0250979
712 300 27.9631 28.0324 28.294 28.4397 28.4608 28.238 0.0275923 0.00867481
462 300 27.9631 28.0324 28.294 28.402 28.4608 28.2305 0.043628 0.0204103
672 300 27.9631 28.0324 28.294 28.4608 28.5274 28.2555 0.0311068 0.00992383
539 300 27.9631 28.0324 28.294 28.4608 28.4708 28.2442 0.0443682 0.0243406
402 300 27.9631 28.0324 28.294 28.4232 28.4608 28.2347 0.0371004 0.00739257
528 300 27.9631 28.0324 28.294 28.3615 28.4608 28.2224 0.0488972 0.0231926
706 108 27.9631 28.0324 28.294 28.4608 28.485 28.2471 0.0282549 0.0102757
534 48 27.9631 28.0324 28.294 28.445 28.4608 28.239 0.0378605 0.0239386
368 124 27.9631 28.0324 28.294 28.4252 28.4608 28.2351 0.0240636 0.00703128
490 0 27.9631 28.0324 28.294 28.3642 28.4608 28.2229 0.0151577 0.0101386
714 300 27.9631 28.0324 28.294 28.4608 28.4921 28.2485 0.0323783 0.0118608
670 300 27.9631 28.0324 28.294 28.4285 28.4608 28.2358 0.0321826 0.00902522
317 84 27.9631 28.0324 28.294 28.3696 28.4608 28.224 0.0499074 0.0273907
389 132 27.9631 28.0324 28.294 28.4608 28.5078 28.2516 0.0521788 0.0174201
520 300 27.9631 28.0324 28.294 28.4424 28.4608 28.2385 0.0436565 0.0226411
672 300 27.9631 28.0324 28.294 28.4136 28.4608 28.2328 0.0404839 0.0109122
569 300 27.9631 28.0324 28.294 28.4608 28.5613 28.2623 0.0460419 0.0233071
663 300 27.9631 28.0324 28.294 28.4608 28.5282 28.2557 0.0375213 0.014423
716 300 27.9631 28.0324 28.294 28.4608 28.472 28.2445 0.0465212 0.0224575
514 300 27.9631 28.0324 28.294 28.4252 28.4608 28.2351 0.033021 0.00827274
151 0 27.9631 28.0324 28.294 28.3641 28.4608 28.2229 0.0440881 0.0392816
688 300 27.9631 28.0324 28.294 28.4608 28.492 28.2485 0.0378831 0.0137138
334 0 27.9631 28.0324 28.294 28.4284 28.4608 28.2357 0.0170702 0.0120458
373 300 27.9631 28.0324 28.294 28.3694 28.4608 28.2239 0.0443255 0.0191039
842 300 27.9631 28.0324 28.294 28.4608 28.5072 28.2515 0.0323589 0.00984318
596 300 27.9631 28.0324 28.294 28.4419 28.4608 28.2384 0.0310581 0.0093047
661 300 27.9631 28.0324 28.294 28.4114 28.4608 28.2323 0.0406498 0.015877
656 300 27.9631 28.0324 28.294 28.4608 28.5555 28.2612 0.0377986 0.0117193
606 300 27.9631 28.0324 28.294 28.4608 28.5126 28.2526 0.0378272 0.0150474
686 300 27.9631 28.0324 28.294 28.4466 28.4608 28.2394 0.0385064 0.0121678
711 300 27.9631 28.0324 28.294 28.4325 28.4608 28.2366 0.0428013 0.013856
774 300 27.9631 28.0324 28.294 28.3781 28.4608 28.2257 0.045745 0.0233349
694 300 27.9631 28.0324 28.294 28.4608 28.5364 28.2573 0.0247413 0.0077206
608 300 27.9631 28.0324 28.294 28.4608 28.4866 28.2474 0.0404308 0.0159668
775 300 27.9631 28.0324 28.294 28.4544 28.4608 28.2409 0.0367449 0.0113421
766 300 27.9631 28.0324 28.294 28.4341 28.4608 28.2369 0.0465527 0.0215231
710 300 27.9631 28.0324 28.294 28.3826 28.4608 28.2266 0.0334223 0.00771859
558 300 27.9631 28.0324 28.294 28.4608 28.5599 28.262 0.0433239 0.0224873
736 300 27.9631 28.0324 28.294 28.4608 28.5241 28.2549 0.0540552 0.0186361
483 0 27.9631 28.0324 28.294 28.4608 28.4641 28.2429 0.0164313 0.0119439
507 300 27.9631 28.0324 28.294 28.4139 28.4608 28.2328 0.0449374 0.0184168
639 300 27.9631 28.0324 28.294 28.4608 28.5623 28.2625 0.0283494 0.00892284
591 216 27.9631 28.0324 28.294 28.4608 28.5309 28.2562 0.0392465 0.0220751
727 300 27.9631 28.0324 28.294 28.4608 28.4765 28.2454 0.040362 0.0149482
901 300 27.9631 28.0324 28.294 28.4325 28.4608 28.2366 0.0461734 0.0215214
710 300 27.9631 28.0324 28.294 28.3781 28.4608 28.2257 0.0337016 0.0110221
740 300 27.9631 28.0324 28.294 28.4608 28.5363 28.2573 0.0443271 0.0208432
669 300 27.9631 28.0324 28.294 28.4608 28.4865 28.2473 0.0376637 0.0130237
699 300 27.9631 28.0324 28.294 28.4542 28.4608 28.2409 0.0415288 0.0203021
717 300 27.9631 28.0324 28.294 28.4332 28.4608 28.2367 0.0345668 0.0131959
355 300 27.9631 28.0324 28.294 28.3799 28.4608 28.226 0.0477556 0.0232767
567 136 27.9631 28.0324 28.294 28.4608 28.5427 28.2586 0.0343021 0.0101022
556 300 27.9631 28.0324 28.294 28.4608 28.4996 28.25 0.0408659 0.0214347
727 300 27.9631 28.0324 28.294 28.4352 28.4608 28.2371 0.0296793 0.007238
690 300 27.9631 28.0324 28.294 28.3857 28.4608 28.2272 0.0296481 0.0104533
620 300 27.9631 28.0324 28.294 28.4608 28.5028 28.2506 0.0297666 0.00886852
437 300 27.9631 28.0324 28.294 28.438 28.4608 28.2377 0.0329305 0.0105005
789 300 27.9631 28.0324 28.294 28.3956 28.4608 28.2292 0.0352437 0.0133724
588 300 27.9631 28.0324 28.294 28.4608 28.5165 28.2534 0.051758 0.0233414
572 300 27.9631 28.0324 28.294 28.4573 28.4608 28.2415 0.0285398 0.0073335
854 300 27.9631 28.0324 28.294 28.4453 28.4608 28.2391 0.0431426 0.0198753
703 300 27.9631 28.0324 28.294 28.4268 28.4608 28.2354 0.0396552 0.0137983
335 0 27.9631 28.0324 28.294 28.3666 28.4608 28.2234 0.027039 0.022469
692 300 27.9631 28.0324 28.294 28.4608 28.4989 28.2498 0.0346676 0.0146111
604 300 27.9631 28.0324 28.294 28.4346 28.4608 28.237 0.0416873 0.0200918
761 300 27.9631 28.0324 28.294 28.3839 28.4608 28.2268 0.0385879 0.0173404
496 162 27.9631 28.0324 28.294 28.4608 28.5648 28.263 0.0461177 0.0220934
851 300 27.9631 28.0324 28.294 28.4608 28.5382 28.2577 0.0418348 0.0127562
596 300 27.9631 28.0324 28.294 28.4608 28.4901 28.2481 0.0364037 0.0115417
686 300 27.9631 28.0324 28.294 28.4267 28.4608 28.2354 0.0346651 0.011038
755 300 27.9631 28.0324 28.294 28.3664 28.4608 28.2233 0.0425686 0.0119248
605 300 27.9631 28.0324 28.294 28.4608 28.4984 28.2497 0.0329068 0.0114582
642 300 27.9631 28.0324 28.294 28.4341 28.4608 28.2369 0.0314706 0.0116076
632 300 27.9631 28.0324 28.294 28.3825 28.4608 28.2266 0.0415579 0.0134442
465 300 27.9631 28.0324 28.294 28.4608 28.5594 28.2619 0.039181 0.011249
608 145 27.9631 28.0324 28.294 28.4608 28.523 28.2547 0.0320172 0.0138883
761 300 27.9631 28.0324 28.294 28.4608 28.4625 28.2425 0.032719 0.0118998
679 300 27.9631 28.0324 28.294 28.411 28.4608 28.2323 0.0294549 0.00955405
516 300 27.9631 28.0324 28.294 28.4608 28.5546 28.261 0.0420629 0.0191292
702 300 27.9631 28.0324 28.294 28.4608 28.5105 28.2522 0.0417402 0.0122715
577 300 27.9631 28.0324 28.294 28.4448 28.4608 28.239 0.0466318 0.0235544
401 4 27.9631 28.0324 28.294 28.4245 28.4608 28.235 0.0200921 0.0144525
407 45 27.9631 28.0324 28.294 28.363 28.4608 28.2227 0.0456109 0.0313839
736 300 27.9631 28.0324 28.294 28.4608 28.4895 28.248 0.029507 0.0113791
684 300 27.9631 28.0324 28.294 28.4262 28.4608 28.2353 0.0453191 0.0219325
626 300 27.9631 28.0324 28.294 28.3657 28.4608 28.2232 0.0348593 0.0160457
489 300 27.9631 28.0324 28.294 28.4608 28.4964 28.2493 0.0470652 0.0222083
697 300 27.9631 28.0324 28.294 28.4323 28.4608 28.2365 0.0282144 0.00716459
459 99 27.9631 28.0324 28.294 28.3779 28.4608 28.2256 0.0392017 0.0116271
702 300 27.9631 28.0324 28.294 28.4608 28.5343 28.2569 0.0427049 0.0170041
657 300 27.9631 28.0324 28.294 28.4608 28.4827 28.2466 0.0420647 0.0203419
725 300 27.9631 28.0324 28.294 28.4418 28.4608 28.2384 0.0311438 0.0117389
554 300 27.9631 28.0324 28.294 28.4107 28.4608 28.2322 0.038235 0.0183338
713 300 27.9631 28.0324 28.294 28.4608 28.5463 28.2593 0.0407987 0.0168581
894 300 27.9631 28.0324 28.294 28.4608 28.5081 28.2517 0.0453839 0.0234788
686 300 27.9631 28.0324 28.294 28.4427 28.4608 28.2386 0.0376816 0.00883404
552 300 27.9631 28.0324 28.294 28.4148 28.4608 28.233 0.0368849 0.0127152
690 300 27.9631 28.0324 28.294 28.4608 28.5648 28.263 0.0453571 0.0198737
320 116 27.9631 28.0324 28.294 28.4608 28.5383 28.2577 0.0464827 0.0271715
726 300 27.9631 28.0324 28.294 28.4608 28.4903 28.2481 0.0392241 0.0173113
682 300 27.9631 28.0324 28.294 28.4269 28.4608 28.2354 0.0472718 0.0220005
758 300 27.9631 28.0324 28.294 28.3667 28.4608 28.2234 0.0318096 0.0151554
543 166 27.9631 28.0324 28.294 28.4608 28.4994 28.2499 0.0472557 0.0220682
684 300 27.9631 28.0324 28.294 28.435 28.4608 28.2371 0.0328803 0.0128625
423 300 27.9631 28.0324 28.294 28.3851 28.4608 28.2271 0.0343096 0.0117779
