141 6 33.853 35.7664 36.2535 0 0 36.291 0.00796665 0.000272967
187 0 33.853 35.7437 36.2307 0 0 36.2758 0.00565311 0.00131157
944 100 31.5154 33.853 35.7437 36.2307 43.5498 36.1785 0.039102 0.00586378
594 100 29.4629 30.2517 31.0369 31.5149 32.0787 30.869 0.0364033 0.0153203
590 100 28.4473 28.7363 29.4586 29.5774 29.6879 29.1815 0.0345142 0.016999
605 100 28.3882 28.4721 28.7371 29.4586 29.5156 28.9143 0.0360085 0.0181084
610 100 28.3418 28.4608 28.7371 29.2753 29.4586 28.8547 0.0362359 0.0182875
376 100 28.4608 28.4701 28.7371 29.1967 29.3048 28.8339 0.0549043 0.0270933
470 100 28.4245 28.4608 28.7371 29.1901 29.3246 28.8274 0.0460683 0.0198011
620 100 28.3812 28.4608 28.7371 29.1901 29.2611 28.806 0.0196696 0.00604875
663 100 28.3191 28.4608 28.7371 29.1901 29.245 28.7904 0.0388941 0.0131898
480 50 28.4608 28.4916 28.7371 29.1901 29.1951 28.8149 0.027608 0.0177401
717 100 28.4495 28.4608 28.7371 29.1901 29.3765 28.8428 0.0327345 0.013254
599 100 28.3879 28.4608 28.7371 29.1901 29.3718 28.8295 0.0436204 0.0236442
240 35 28.3404 28.4608 28.7371 29.1901 29.3157 28.8088 0.0333912 0.0214681
563 100 28.4608 28.4673 28.7371 29.1901 29.2524 28.8215 0.0370817 0.0185495
779 100 28.4199 28.4608 28.7371 29.1901 29.2139 28.8043 0.0344277 0.0100437
553 100 28.3735 28.4608 28.7371 29.1901 29.2612 28.8045 0.0342952 0.0154822
650 100 28.3078 28.4608 28.7371 29.1901 29.2589 28.7909 0.041316 0.0136189
640 100 28.4339 28.4608 28.7371 29.1901 29.2589 28.8162 0.0421467 0.0216547
650 100 28.379 28.4608 28.7371 29.1901 29.2589 28.8052 0.0267716 0.0081476
356 3 28.3141 28.4608 28.7371 29.1901 29.2589 28.7922 0.0175166 0.0109723
656 100 28.4608 28.4715 28.7371 29.1901 29.2589 28.8237 0.0349655 0.0108847
655 100 28.4167 28.4608 28.7371 29.1901 29.2589 28.8127 0.0394932 0.0201592
360 100 28.3682 28.4608 28.7371 29.1901 29.2589 28.803 0.0523956 0.0229382
613 100 28.2997 28.4608 28.6552 28.7371 29.1901 28.6686 0.0479653 0.0243216
242 91 28.0365 28.4253 28.4608 28.7371 29.1901 28.5699 0.0499747 0.0235336
587 100 28.0365 28.1814 28.3824 28.4608 28.7371 28.3596 0.0302214 0.0139432
713 100 27.9631 28.0365 28.3224 28.4608 28.7371 28.304 0.028423 0.0107797
627 100 27.9631 28.0365 28.4608 28.5042 28.7371 28.3403 0.0380845 0.010742
599 100 27.9631 28.0365 28.4608 28.483 28.7371 28.3361 0.0408166 0.0218129
762 100 27.9631 28.0365 28.4372 28.4608 28.7371 28.3269 0.0453316 0.0223715
663 100 27.9631 28.0365 28.3737 28.4608 28.7371 28.3142 0.0417556 0.0172853
721 100 27.9631 28.0365 28.3081 28.3819 28.4608 28.2301 0.0327221 0.0108605
593 100 27.9631 28.0365 28.3597 28.4349 28.4608 28.251 0.0439 0.0189983
772 100 27.9631 28.0365 28.3597 28.3799 28.4608 28.24 0.0328944 0.0109896
714 100 27.9631 28.0365 28.3162 28.3597 28.4608 28.2273 0.0392833 0.0202214
776 100 27.9631 28.0365 28.3597 28.4608 28.4791 28.2598 0.0333169 0.0116117
693 4 27.9631 28.0365 28.3597 28.4297 28.4608 28.25 0.0113277 0.00661442
590 100 27.9631 28.0365 28.3597 28.3858 28.4608 28.2412 0.0359889 0.0120038
491 0 27.9631 28.0365 28.3454 28.3597 28.4608 28.2331 0.0311878 0.0265579
1101 100 27.9631 28.0365 28.3597 28.4608 28.4775 28.2595 0.0360583 0.0109727
635 100 27.9631 28.0365 28.3597 28.4386 28.4608 28.2517 0.0376096 0.0149662
709 100 27.9631 28.0365 28.3597 28.375 28.4608 28.239 0.0321264 0.0110647
666 100 27.9631 28.0365 28.3099 28.3597 28.4608 28.226 0.0460141 0.0202239
694 100 27.9631 28.0365 28.3597 28.4407 28.4608 28.2522 0.0283479 0.0110149
315 0 27.9631 28.0365 28.3597 28.3853 28.4608 28.2411 0.0161825 0.0115013
965 100 27.9631 28.0365 28.3313 28.3597 28.4608 28.2303 0.0333528 0.0134367
447 65 27.9631 28.0365 28.3597 28.4516 28.4608 28.2543 0.0330513 0.0169038
704 100 27.9631 28.0365 28.3597 28.3972 28.4608 28.2435 0.0240336 0.00640688
645 100 27.9631 28.0365 28.3597 28.3778 28.4608 28.2396 0.0212847 0.00657378
459 100 27.9631 28.0365 28.3191 28.3597 28.4608 28.2278 0.053977 0.029338
658 100 27.9631 28.0365 28.3597 28.4608 28.4917 28.2624 0.0303541 0.00752062
368 67 27.9631 28.0365 28.3597 28.4497 28.4608 28.254 0.0357854 0.0173529
777 100 27.9631 28.0365 28.3597 28.3881 28.4608 28.2416 0.036835 0.0202029
522 100 27.9631 28.0365 28.3412 28.3597 28.4608 28.2323 0.0502465 0.0253492
816 100 27.9631 28.0365 28.3597 28.4608 28.4688 28.2578 0.0330319 0.00771565
595 100 27.9631 28.0365 28.3597 28.4224 28.4608 28.2485 0.0290632 0.00673628
683 100 27.9631 28.0365 28.3597 28.3776 28.4608 28.2395 0.0231119 0.00679474
742 100 27.9631 28.0365 28.3113 28.3597 28.4608 28.2263 0.0300382 0.011246
345 100 27.9631 28.0365 28.3597 28.4555 28.4608 28.2551 0.0361299 0.0141473
652 100 27.9631 28.0365 28.3597 28.4007 28.4608 28.2442 0.040404 0.0193164
549 26 27.9631 28.0365 28.3597 28.3912 28.4608 28.2422 0.0202375 0.0126758
747 100 27.9631 28.0365 28.3597 28.3739 28.4608 28.2388 0.0466598 0.0235071
336 100 27.9631 28.0365 28.3106 28.3597 28.4608 28.2261 0.0364997 0.0160665
631 100 27.9631 28.0365 28.3597 28.4533 28.4608 28.2547 0.0431762 0.0198485
683 100 27.9631 28.0365 28.3597 28.3988 28.4608 28.2438 0.024149 0.0067764
577 100 27.9631 28.0365 28.3597 28.384 28.4608 28.2408 0.0492241 0.0278231
652 100 27.9631 28.0365 28.3386 28.3597 28.4608 28.2317 0.0411786 0.0138655
785 100 27.9631 28.0365 28.3597 28.4608 28.4636 28.2567 0.0438733 0.023018
640 100 27.9631 28.0365 28.3597 28.414 28.4608 28.2468 0.043982 0.0201228
671 100 27.9631 28.0365 28.3533 28.3597 28.4608 28.2347 0.047558 0.023853
472 100 27.9631 28.0365 28.3597 28.4608 28.5066 28.2653 0.0515918 0.0253037
721 100 27.9631 28.0365 28.3597 28.4608 28.4915 28.2623 0.0276862 0.00698748
588 100 27.9631 28.0365 28.3597 28.4492 28.4608 28.2539 0.0293574 0.0102703
661 100 27.9631 28.0365 28.3597 28.3876 28.4608 28.2415 0.0296424 0.0108716
318 66 27.9631 28.0365 28.3395 28.3597 28.4608 28.2319 0.0380813 0.0230501
692 0 27.9631 28.0365 28.3597 28.4608 28.4656 28.2571 0.0235308 0.0185666
1010 100 27.9631 28.0365 28.3597 28.4171 28.4608 28.2474 0.0326966 0.0108211
774 100 27.9631 28.0365 28.3597 28.3687 28.4608 28.2378 0.036622 0.0204792
640 100 27.9631 28.0365 28.3001 28.3597 28.4608 28.224 0.0361488 0.0111726
721 100 27.9631 28.0365 28.3597 28.4268 28.4608 28.2494 0.0396139 0.0222664
536 100 27.9631 28.0365 28.3597 28.3814 28.4608 28.2403 0.0253113 0.00760236
405 56 27.9631 28.0365 28.3297 28.3597 28.4608 28.23 0.0389151 0.0222315
608 100 27.9631 28.0365 28.3597 28.449 28.4608 28.2538 0.0382236 0.0241246
791 100 27.9631 28.0365 28.3597 28.393 28.4608 28.2426 0.0238838 0.0069052
880 100 27.9631 28.0365 28.3597 28.3681 28.4608 28.2376 0.0337236 0.0156983
763 100 27.9631 28.0365 28.3024 28.3597 28.4608 28.2245 0.0315689 0.00918301
740 100 27.9631 28.0365 28.3597 28.435 28.4608 28.251 0.0403645 0.0217322
400 9 27.9631 28.0365 28.3597 28.3949 28.4608 28.243 0.0163631 0.0108418
796 100 27.9631 28.0365 28.3597 28.3826 28.4608 28.2405 0.0414268 0.0219106
577 100 27.9631 28.0365 28.3336 28.3597 28.4608 28.2307 0.0482916 0.0230212
597 100 27.9631 28.0365 28.3597 28.4549 28.4608 28.255 0.0407781 0.0120066
770 100 27.9631 28.0365 28.3597 28.4002 28.4608 28.2441 0.0359188 0.0108466
657 100 27.9631 28.0365 28.3597 28.3894 28.4608 28.2419 0.0499333 0.0232283
332 24 27.9631 28.0365 28.3597 28.3668 28.4608 28.2374 0.0290994 0.0211504
736 100 27.9631 28.0365 28.3012 28.3597 28.4608 28.2242 0.0322426 0.0115061
662 100 27.9631 28.0365 28.3597 28.4297 28.4608 28.25 0.0474836 0.0239911
274 3 27.9631 28.0365 28.3597 28.3875 28.4608 28.2415 0.0177432 0.0117516
754 100 27.9631 28.0365 28.3523 28.3597 28.4608 28.2345 0.0333275 0.0114058
701 100 27.9631 28.0365 28.3597 28.4608 28.5032 28.2647 0.0372056 0.0168881
737 100 27.9631 28.0365 28.3597 28.4608 28.4798 28.26 0.0284552 0.0117103
524 6 27.9631 28.0365 28.3597 28.4298 28.4608 28.25 0.0116102 0.00681339
741 100 27.9631 28.0365 28.3597 28.3876 28.4608 28.2415 0.0332229 0.0161006
648 100 27.9631 28.0365 28.3526 28.3597 28.4608 28.2345 0.0399063 0.0196419
620 100 27.9631 28.0365 28.3597 28.4608 28.504 28.2648 0.0355171 0.0209733
714 100 27.9631 28.0365 28.3597 28.4608 28.4821 28.2604 0.0313369 0.0128916
708 100 27.9631 28.0365 28.3597 28.4354 28.4608 28.2511 0.0290186 0.0115655
659 100 27.9631 28.0365 28.3597 28.3953 28.4608 28.2431 0.0431952 0.0231798
572 100 27.9631 28.0365 28.3597 28.3845 28.4608 28.2409 0.0412198 0.022016
762 100 27.9631 28.0365 28.3402 28.3597 28.4608 28.2321 0.0371037 0.0111309
660 100 27.9631 28.0365 28.3597 28.4608 28.4667 28.2574 0.0347633 0.0150638
493 100 27.9631 28.0365 28.3597 28.4188 28.4608 28.2478 0.0394232 0.0161237
721 100 27.9631 28.0365 28.3597 28.3717 28.4608 28.2384 0.033201 0.0132803
494 100 27.9631 28.0365 28.3027 28.3597 28.4608 28.2246 0.0361521 0.014669
501 100 27.9631 28.0365 28.3597 28.4361 28.4608 28.2512 0.0388855 0.0168266
462 69 27.9631 28.0365 28.3597 28.3963 28.4608 28.2433 0.0276295 0.0110557
320 4 27.9631 28.0365 28.3597 28.3879 28.4608 28.2416 0.0195321 0.0120408
647 100 27.9631 28.0365 28.3538 28.3597 28.4608 28.2348 0.0298383 0.0106619
659 100 27.9631 28.0365 28.3597 28.4608 28.5078 28.2656 0.0314299 0.0116159
402 26 27.9631 28.0365 28.3597 28.4608 28.4951 28.263 0.0368714 0.0267394
534 100 27.9631 28.0365 28.3597 28.4579 28.4608 28.2556 0.044099 0.0239471
645 100 27.9631 28.0365 28.3597 28.3974 28.4608 28.2435 0.0400774 0.0180192
821 100 27.9631 28.0365 28.3597 28.3787 28.4608 28.2398 0.0374911 0.011758
610 100 27.9631 28.0365 28.3215 28.3597 28.4608 28.2283 0.0377454 0.017805
682 100 27.9631 28.0365 28.3597 28.4608 28.5008 28.2642 0.0213527 0.00695485
546 100 27.9631 28.0365 28.3597 28.4608 28.4732 28.2586 0.0522893 0.0288475
614 100 27.9631 28.0365 28.3597 28.4194 28.4608 28.2479 0.0392133 0.0154092
678 100 27.9631 28.0365 28.3597 28.3727 28.4608 28.2386 0.0277893 0.0111306
715 100 27.9631 28.0365 28.3068 28.3597 28.4608 28.2254 0.0354961 0.0109377
795 100 27.9631 28.0365 28.3597 28.4397 28.4608 28.252 0.036706 0.014443
656 100 27.9631 28.0365 28.3597 28.376 28.4608 28.2392 0.0290192 0.00958339
859 100 27.9631 28.0365 28.3114 28.3597 28.4608 28.2263 0.0403308 0.0159432
661 100 27.9631 28.0365 28.3597 28.4458 28.4608 28.2532 0.0442335 0.0190457
627 100 27.9631 28.0365 28.3597 28.39 28.4608 28.242 0.0404231 0.0189584
616 100 27.9631 28.0365 28.3487 28.3597 28.4608 28.2338 0.0377069 0.0208848
663 100 27.9631 28.0365 28.3597 28.4608 28.4937 28.2628 0.0487148 0.0291861
622 100 27.9631 28.0365 28.3597 28.4543 28.4608 28.2549 0.0381016 0.0147936
547 100 27.9631 28.0365 28.3597 28.3923 28.4608 28.2425 0.0522772 0.0311311
818 100 27.9631 28.0365 28.3597 28.3683 28.4608 28.2377 0.0413903 0.0197853
713 100 27.9631 28.0365 28.2998 28.3597 28.4608 28.224 0.0364148 0.0116591
439 100 27.9631 28.0365 28.3597 28.4257 28.4608 28.2492 0.050634 0.029757
631 100 27.9631 28.0365 28.3597 28.3831 28.4608 28.2406 0.0325935 0.0113601
494 100 27.9631 28.0365 28.3243 28.3597 28.4608 28.2289 0.0394819 0.0231865
587 100 27.9631 28.0365 28.3597 28.4417 28.4608 28.2524 0.0380655 0.0220871
768 100 27.9631 28.0365 28.3597 28.3863 28.4608 28.2413 0.0282617 0.00787085
722 100 27.9631 28.0365 28.3345 28.3597 28.4608 28.2309 0.0435994 0.0216797
729 100 27.9631 28.0365 28.3597 28.4567 28.4608 28.2554 0.0419213 0.0220314
651 0 27.9631 28.0365 28.3597 28.4018 28.4608 28.2444 0.0343272 0.0290904
911 100 27.9631 28.0365 28.3375 28.3597 28.4608 28.2315 0.0399212 0.0209221
607 100 27.9631 28.0365 28.3597 28.4608 28.4618 28.2564 0.0306514 0.0133152
703 100 27.9631 28.0365 28.3597 28.3939 28.4608 28.2428 0.0425873 0.0210311
633 100 27.9631 28.0365 28.349 28.3597 28.4608 28.2338 0.0346064 0.015706
557 100 27.9631 28.0365 28.3597 28.4608 28.4943 28.2629 0.035606 0.0165283
567 100 27.9631 28.0365 28.3597 28.4558 28.4608 28.2552 0.0417556 0.0197766
260 0 27.9631 28.0365 28.3597 28.3937 28.4608 28.2428 0.0249884 0.0204275
428 37 27.9631 28.0365 28.3597 28.3709 28.4608 28.2382 0.0284133 0.0130793
745 100 27.9631 28.0365 28.3087 28.3597 28.4608 28.2258 0.0419329 0.021784
