208 10 29.1922 29.6684 30.9557 31.5188 0 30.3338 0.00770739 0.000215095
189 6 29.1556 29.6137 30.9531 31.5149 34.7429 31.196 0.0143583 0.00738883
185 12 29.1556 29.6137 30.9531 31.4277 31.5149 30.533 0.0220252 0.0129468
226 10 29.1556 29.6137 30.9531 31.3383 31.5149 30.5151 0.0238032 0.0161245
532 100 29.1556 29.6137 30.9531 31.2458 31.3389 30.4614 0.0292718 0.00418631
390 100 29.1556 29.6137 30.9531 31.2468 31.3388 30.4616 0.0390871 0.0127012
216 0 29.1556 29.6137 30.9531 31.2468 31.3383 30.4615 0.0151897 0.010889
465 100 29.1556 29.6137 30.9531 31.2468 31.3341 30.4606 0.0400233 0.0192271
262 31 29.1556 29.6137 30.9531 31.0878 31.2468 30.4114 0.0331271 0.0211741
367 100 29.1556 29.6137 30.9531 31.0878 31.2468 30.4114 0.0387705 0.0108943
258 49 29.1556 29.6137 30.9531 31.0878 31.2468 30.4114 0.039274 0.0213899
271 98 29.1556 29.1981 29.2738 29.6137 29.8971 29.4276 0.0381473 0.0119567
182 0 29.1556 29.1951 29.2737 29.6137 29.8996 29.4275 0.0231167 0.0187736
570 100 28.234 28.5902 29.1556 29.1951 29.2737 28.8897 0.0502939 0.0214015
368 100 27.9631 28.3562 29.1556 29.1951 29.2737 28.7887 0.0326092 0.0113304
221 0 27.9631 28.3562 29.1556 29.1951 29.2737 28.7887 0.0154571 0.0109683
803 100 27.9631 28.3562 29.1556 29.1951 29.2737 28.7887 0.0403219 0.00810619
263 42 27.9631 28.3562 29.1556 29.1951 29.2737 28.7887 0.0380233 0.0195612
247 0 27.9631 28.3562 29.1556 29.1951 29.2737 28.7887 0.0153511 0.0110857
356 100 27.9631 28.3562 28.5556 29.1556 29.1951 28.6451 0.0362449 0.0109898
166 0 27.9631 28.3562 28.4632 29.1556 29.1951 28.6266 0.023408 0.0188771
288 47 27.9631 28.3562 28.5815 29.1556 29.1951 28.6503 0.0275495 0.0109786
243 34 27.9631 28.3562 28.537 29.1556 29.1951 28.6414 0.038477 0.0220477
217 0 27.9631 28.3562 28.4807 29.1556 29.1951 28.6302 0.0150226 0.0108298
415 100 27.9631 28.3562 28.63 29.1556 29.1951 28.66 0.0442375 0.018842
291 46 27.9631 28.3562 28.5686 29.1556 29.1951 28.6477 0.0370371 0.0220649
232 48 27.9631 28.3562 28.5183 29.1556 29.1951 28.6377 0.0249118 0.0107222
160 13 27.9631 28.3562 28.6673 29.1556 29.1951 28.6675 0.0172353 0.00917799
257 16 27.9631 28.3562 28.6358 29.1556 29.1951 28.6612 0.0191573 0.0114573
218 2 27.9631 28.3562 28.5807 29.1556 29.1951 28.6501 0.0175201 0.0116413
277 36 27.9631 28.3562 28.5357 29.1556 29.1951 28.6411 0.0369153 0.0214881
304 10 27.9631 28.3562 28.478 29.1556 29.1951 28.6296 0.0293827 0.0228149
218 24 27.9631 28.3562 28.6213 29.1556 29.1951 28.6583 0.0346156 0.0231238
246 0 27.9631 28.3562 28.5645 29.1556 29.1951 28.6469 0.0233876 0.0191234
498 100 27.9631 28.3562 28.5478 29.1556 29.1951 28.6436 0.0408618 0.0198117
681 100 27.9631 28.3562 28.5157 29.1556 29.1951 28.6372 0.0389532 0.0174945
206 11 27.9631 28.3562 28.6631 29.1556 29.1951 28.6666 0.0192041 0.0117775
298 18 27.9631 28.3562 28.6172 29.1556 29.1951 28.6574 0.0322598 0.0221924
299 13 27.9631 28.3562 28.5514 29.1556 29.1951 28.6443 0.0305717 0.0222288
213 16 27.9631 28.3562 28.5332 29.1556 29.1951 28.6406 0.0250968 0.0157592
252 0 27.9631 28.3562 28.4733 29.1556 29.1951 28.6287 0.0152488 0.0110803
506 100 27.9631 28.3562 28.6071 29.1556 29.1951 28.6554 0.0484411 0.0187884
340 98 27.9631 28.3562 28.5425 29.1556 29.1951 28.6425 0.0548034 0.0231662
328 14 27.9631 28.3562 28.4949 29.1556 29.1951 28.633 0.0215369 0.0145814
303 91 27.9631 28.3562 28.6146 29.1556 29.1951 28.6569 0.0521566 0.0225304
335 0 27.9631 28.3562 28.5491 29.1556 29.1951 28.6438 0.0182624 0.0140476
206 0 27.9631 28.3562 28.5214 29.1556 29.1951 28.6383 0.020241 0.0139382
555 100 27.9631 28.3562 28.4616 29.1556 29.1951 28.6263 0.0429112 0.0186459
369 28 27.9631 28.3562 28.5761 29.1556 29.1951 28.6492 0.0332621 0.0192774
242 0 27.9631 28.3562 28.5281 29.1556 29.1951 28.6396 0.0153081 0.0109366
422 0 27.9631 28.3562 28.4653 29.1556 29.1951 28.6271 0.0171624 0.0109631
402 100 27.9631 28.3562 28.5877 29.1556 29.1951 28.6516 0.053289 0.0225444
460 100 27.9631 28.0274 28.2949 28.3562 28.5465 28.2376 0.0378927 0.0123861
310 46 27.9631 28.0274 28.294 28.3562 28.5102 28.2302 0.0261184 0.0110301
733 100 27.9631 28.0274 28.294 28.3562 28.6405 28.2562 0.0321424 0.00817501
282 100 27.9631 28.0274 28.294 28.3562 28.589 28.2459 0.0472611 0.022665
316 34 27.9631 28.0274 28.294 28.3562 28.5484 28.2378 0.0249208 0.0118262
343 100 27.9631 28.0274 28.294 28.3562 28.5178 28.2317 0.0483793 0.0217945
314 16 27.9631 28.0274 28.294 28.3562 28.6658 28.2613 0.0310101 0.0222737
395 100 27.9631 28.0274 28.294 28.3562 28.6317 28.2545 0.0494661 0.0218565
224 0 27.9631 28.0274 28.294 28.3562 28.574 28.2429 0.0153244 0.0109596
364 92 27.9631 28.0274 28.294 28.3562 28.5226 28.2327 0.0527114 0.0215279
297 100 27.9631 28.0274 28.294 28.3562 28.4624 28.2206 0.0398076 0.0163946
226 54 27.9631 28.0274 28.294 28.3562 28.5787 28.2439 0.0282442 0.0109022
243 0 27.9631 28.0274 28.294 28.3562 28.5325 28.2346 0.0269374 0.0226491
279 100 27.9631 28.0274 28.294 28.3562 28.4721 28.2226 0.0508244 0.0202569
713 100 27.9631 28.0274 28.294 28.3562 28.6037 28.2489 0.0305506 0.00650718
572 100 27.9631 28.0274 28.294 28.3562 28.5395 28.236 0.0324065 0.00910063
347 3 27.9631 28.0274 28.294 28.3562 28.4857 28.2253 0.026458 0.0212793
283 100 27.9631 28.0274 28.294 28.3562 28.6623 28.2606 0.0452586 0.0188549
362 100 27.9631 28.0274 28.294 28.3562 28.615 28.2511 0.0376704 0.011315
180 3 27.9631 28.0274 28.294 28.3562 28.5495 28.238 0.0304299 0.0228966
499 100 27.9631 28.0274 28.294 28.3562 28.523 28.2327 0.0345641 0.00640477
297 4 27.9631 28.0274 28.294 28.3562 28.4626 28.2207 0.0158988 0.0101965
447 100 27.9631 28.0274 28.294 28.3562 28.5794 28.244 0.0416014 0.0169699
336 100 27.9631 28.0274 28.294 28.3562 28.5337 28.2349 0.0513862 0.0223836
360 70 27.9631 28.0274 28.294 28.3562 28.474 28.2229 0.0431265 0.0210936
265 0 27.9631 28.0274 28.294 28.3562 28.6093 28.25 0.0231457 0.0189458
590 100 27.9631 28.0274 28.294 28.3562 28.5445 28.237 0.0452382 0.0189521
240 0 27.9631 28.0274 28.294 28.3562 28.5022 28.2286 0.0171938 0.0127565
461 92 27.9631 28.0274 28.294 28.3562 28.6256 28.2533 0.0443084 0.0200722
330 12 27.9631 28.0274 28.294 28.3562 28.568 28.2417 0.0135013 0.00692374
282 100 27.9631 28.0274 28.294 28.3562 28.5079 28.2297 0.051433 0.021705
288 100 27.9631 28.0274 28.294 28.3562 28.6359 28.2553 0.0389329 0.0114197
263 51 27.9631 28.0274 28.294 28.3562 28.5808 28.2443 0.0484231 0.0225051
185 0 27.9631 28.0274 28.294 28.3562 28.5359 28.2353 0.0333247 0.0290165
381 0 27.9631 28.0274 28.294 28.3562 28.4784 28.2238 0.0185832 0.0112625
413 100 27.9631 28.0274 28.294 28.3562 28.6225 28.2526 0.0516869 0.0225724
227 0 27.9631 28.0274 28.294 28.3562 28.5655 28.2412 0.0150337 0.0106476
1048 100 27.9631 28.0274 28.294 28.3562 28.5516 28.2385 0.040661 0.00867349
232 0 27.9631 28.0274 28.294 28.3562 28.5341 28.235 0.0152386 0.010898
380 100 27.9631 28.0274 28.294 28.3562 28.4749 28.2231 0.0527573 0.0222788
266 0 27.9631 28.0274 28.294 28.3562 28.6118 28.2505 0.0221018 0.0176929
489 100 27.9631 28.0274 28.294 28.3562 28.5467 28.2375 0.045488 0.0229936
252 100 27.9631 28.0274 28.294 28.3562 28.5111 28.2304 0.0335892 0.0105196
189 0 27.9631 28.0274 28.294 28.3562 28.6425 28.2566 0.0157798 0.011437
259 16 27.9631 28.0274 28.294 28.3562 28.5927 28.2467 0.0212537 0.0109184
361 13 27.9631 28.0274 28.294 28.3562 28.5599 28.2401 0.0274651 0.0207905
204 0 27.9631 28.0274 28.294 28.3562 28.541 28.2363 0.0157264 0.0115358
294 60 27.9631 28.0274 28.294 28.3562 28.4899 28.2261 0.0412395 0.0223731
399 42 27.9631 28.0274 28.294 28.3562 28.6082 28.2498 0.0231821 0.00932737
307 40 27.9631 28.0274 28.294 28.3562 28.5435 28.2368 0.0349864 0.0227037
242 4 27.9631 28.0274 28.294 28.3562 28.4984 28.2278 0.0278757 0.0225566
225 0 27.9631 28.0274 28.294 28.3562 28.6196 28.2521 0.0264528 0.0222291
370 4 27.9631 28.0274 28.294 28.3562 28.563 28.2407 0.0305832 0.0227358
200 14 27.9631 28.0274 28.294 28.3562 28.5421 28.2366 0.0303441 0.0218398
746 100 27.9631 28.0274 28.294 28.3562 28.4937 28.2269 0.051018 0.0117299
460 100 27.9631 28.0274 28.294 28.3562 28.613 28.2507 0.0484148 0.0229755
335 100 27.9631 28.0274 28.294 28.3562 28.5477 28.2377 0.0352553 0.0104234
423 100 27.9631 28.0274 28.294 28.3562 28.5154 28.2312 0.0434928 0.0215724
212 0 27.9631 28.0274 28.294 28.3562 28.6622 28.2606 0.0279867 0.0235162
662 100 27.9631 28.0274 28.294 28.3562 28.6147 28.2511 0.0347769 0.0104388
313 0 27.9631 28.0274 28.294 28.3562 28.5493 28.238 0.0159472 0.011651
333 66 27.9631 28.0274 28.294 28.3562 28.5221 28.2326 0.0417898 0.0160716
260 82 27.9631 28.0274 28.294 28.3562 28.462 28.2205 0.0373815 0.0114111
252 2 27.9631 28.0274 28.294 28.3562 28.5775 28.2436 0.016695 0.0111923
231 13 27.9631 28.0274 28.294 28.3562 28.5305 28.2342 0.0307467 0.0229819
315 49 27.9631 28.0274 28.294 28.3562 28.468 28.2217 0.0398563 0.0253967
263 14 27.9631 28.0274 28.294 28.3562 28.5957 28.2473 0.0304291 0.0228085
347 100 27.9631 28.0274 28.294 28.3562 28.5324 28.2346 0.0330772 0.0101567
284 8 27.9631 28.0274 28.294 28.3562 28.4719 28.2225 0.0292097 0.0234029
321 0 27.9631 28.0274 28.294 28.3562 28.6031 28.2488 0.0271696 0.0229552
442 36 27.9631 28.0274 28.294 28.3562 28.539 28.2359 0.024003 0.0113181
286 22 27.9631 28.0274 28.294 28.3562 28.4842 28.225 0.0238563 0.0134001
257 28 27.9631 28.0274 28.294 28.3562 28.6472 28.2576 0.0323789 0.0221128
257 100 27.9631 28.0274 28.294 28.3562 28.6024 28.2486 0.0438483 0.0113415
239 44 27.9631 28.0274 28.294 28.3562 28.5383 28.2358 0.025849 0.011345
391 100 27.9631 28.0274 28.294 28.3562 28.4842 28.225 0.0393643 0.0204278
254 29 27.9631 28.0274 28.294 28.3562 28.6414 28.2564 0.0219761 0.0111616
241 0 27.9631 28.0274 28.294 28.3562 28.5908 28.2463 0.0279966 0.0236488
438 8 27.9631 28.0274 28.294 28.3562 28.5507 28.2383 0.0214783 0.0115447
267 69 27.9631 28.0274 28.294 28.3562 28.5301 28.2342 0.0437727 0.022765
320 0 27.9631 28.0274 28.294 28.3562 28.4674 28.2216 0.0262926 0.022123
411 0 27.9631 28.0274 28.294 28.3562 28.5941 28.247 0.032614 0.026451
476 6 27.9631 28.0274 28.294 28.3562 28.5616 28.2405 0.0297705 0.0225074
323 35 27.9631 28.0274 28.294 28.3562 28.5477 28.2377 0.0351372 0.0215872
310 0 27.9631 28.0274 28.294 28.3562 28.5153 28.2312 0.0260272 0.0218435
425 2 27.9631 28.0274 28.294 28.3562 28.662 28.2605 0.018968 0.0115924
279 58 27.9631 28.0274 28.294 28.3562 28.6144 28.251 0.0311997 0.0110972
319 100 27.9631 28.0274 28.294 28.3562 28.549 28.2379 0.045945 0.0236132
319 100 27.9631 28.0274 28.294 28.3562 28.5209 28.2323 0.0469529 0.0228024
271 0 27.9631 28.0274 28.294 28.3562 28.6748 28.2631 0.0154477 0.0111957
345 100 27.9631 28.0274 28.294 28.3562 28.6654 28.2612 0.0518945 0.0161245
333 0 27.9631 28.0274 28.294 28.3562 28.6306 28.2543 0.0278474 0.0234481
416 100 27.9631 28.0274 28.294 28.3562 28.5724 28.2426 0.0386987 0.0111024
324 81 27.9631 28.0274 28.294 28.3562 28.5199 28.2321 0.0422376 0.0214665
529 100 27.9631 28.0274 28.294 28.3562 28.6718 28.2625 0.0456773 0.0250327
220 52 27.9631 28.0274 28.294 28.3562 28.6492 28.258 0.0398458 0.023831
230 44 27.9631 28.0274 28.294 28.3562 28.6068 28.2495 0.0246802 0.0129143
326 40 27.9631 28.0274 28.294 28.3562 28.5423 28.2366 0.0253965 0.0131457
300 0 27.9631 28.0274 28.294 28.3562 28.4942 28.227 0.0157031 0.0112879
1085 100 27.9631 28.0274 28.294 28.3562 28.6137 28.2509 0.0309468 0.00701941
263 23 27.9631 28.0274 28.294 28.3562 28.5483 28.2378 0.0326599 0.0230456
342 100 27.9631 28.0274 28.294 28.3562 28.518 28.2317 0.0566183 0.0227762
343 100 27.9631 28.0274 28.294 28.3562 28.6662 28.2614 0.0391544 0.0157767
355 0 27.9631 28.0274 28.294 28.3562 28.6328 28.2547 0.0233443 0.0189557
395 52 27.9631 28.0274 28.294 28.3562 28.5759 28.2433 0.0363698 0.0199943
600 100 27.9631 28.0274 28.294 28.3562 28.5277 28.2337 0.0450091 0.023134
