152 6 44.6267 54.3531 56.1363 61.9561 0 54.268 0.00988031 0.00036282
287 0 44.6039 51.1469 55.4683 61.9597 0 53.2947 0.0168253 0.0126197
250 0 44.6038 51.0131 55.4683 61.9698 0 53.2637 0.0112159 0.00490582
412 100 28.0376 28.7363 29.8057 31.7081 32.1894 30.0954 0.0387389 0.013367
311 58 28.0365 28.7371 29.8056 31.7092 32.1939 30.0964 0.0261656 0.00546495
531 100 28.0365 28.7371 29.8056 31.7092 32.1939 30.0964 0.026535 0.00762603
936 100 28.0365 28.7371 29.8056 30.2007 30.5803 29.472 0.0228073 0.0052821
176 0 28.0365 28.7371 29.8056 30.1257 30.5811 29.4572 0.0147756 0.0104098
929 100 28.0365 28.7371 29.1574 29.8056 30.0395 29.1552 0.0401036 0.0136847
167 2 28.0365 28.7371 29.1556 29.8056 29.8645 29.1198 0.0270051 0.0208249
222 100 28.0365 28.7371 29.1556 29.8056 29.8645 29.1198 0.0467098 0.01499
175 0 28.0365 28.7371 29.1556 29.8056 29.8645 29.1198 0.0144035 0.00968932
282 0 28.0365 28.7371 29.1556 29.8056 29.8645 29.1198 0.0269683 0.0207185
709 100 28.0365 28.36 28.7371 29.1556 29.234 28.7046 0.0389737 0.00972702
170 0 28.0365 28.3562 28.7371 29.1556 29.2589 28.7089 0.0180522 0.0136874
269 2 28.0365 28.3562 28.7371 29.1556 29.2589 28.7089 0.0173555 0.00939756
92 0 28.0365 28.3562 28.7371 29.1556 29.2589 28.7089 0.0234802 0.0190947
211 0 28.0365 28.3562 28.7371 29.1556 29.2589 28.7089 0.0167742 0.0104496
316 24 28.0365 28.3562 28.4573 28.7371 29.1556 28.5485 0.026425 0.0161937
182 10 28.0365 28.3562 28.4608 28.7371 29.1556 28.5492 0.0290785 0.0205461
271 0 28.0365 28.3562 28.4608 28.7371 29.1556 28.5492 0.0202733 0.0159114
333 30 28.0365 28.3562 28.4608 28.7371 29.1556 28.5492 0.0362433 0.0205654
171 0 28.0365 28.3562 28.4608 28.7371 29.1556 28.5492 0.0175 0.0131643
178 0 28.0365 28.3562 28.4608 28.7371 29.1556 28.5492 0.0271923 0.0209309
281 5 28.0365 28.3562 28.4608 28.7371 29.1556 28.5492 0.0267747 0.0176988
165 0 28.0365 28.3562 28.4608 28.7371 29.1556 28.5492 0.0144874 0.0101185
229 100 28.0365 28.3562 28.4608 28.7371 29.1556 28.5492 0.048214 0.0173018
125 0 28.0365 28.3562 28.4608 28.7371 29.1556 28.5492 0.0114205 0.00715217
249 100 28.0365 28.3562 28.4608 28.7371 29.1556 28.5492 0.043111 0.0145146
177 6 28.0365 28.3562 28.4608 28.7371 29.1556 28.5492 0.0283104 0.0208143
425 100 27.9632 28.0365 28.3562 28.4608 28.7371 28.3108 0.0400984 0.00521999
163 14 27.9631 28.0365 28.3562 28.4608 28.7371 28.3107 0.019037 0.00982625
103 1 27.9631 28.0365 28.3562 28.4608 28.7371 28.3107 0.0245581 0.0192077
193 0 27.9631 28.0365 28.3562 28.4608 28.7371 28.3107 0.0143969 0.0101382
202 0 27.9631 28.0365 28.3562 28.4608 28.7371 28.3107 0.0259376 0.0194867
197 22 27.9631 28.0365 28.3562 28.4608 28.7371 28.3107 0.0192457 0.00560873
223 0 27.9631 28.0365 28.3562 28.4608 28.7371 28.3107 0.0267027 0.0223447
264 72 27.9631 28.0365 28.3562 28.4608 28.7371 28.3107 0.0306858 0.00956168
316 7 27.9631 28.0365 28.3562 28.4608 28.7371 28.3107 0.0208591 0.0159392
151 0 27.9631 28.0365 28.3562 28.4608 28.7371 28.3107 0.0250679 0.0208381
233 14 27.9631 28.0365 28.3562 28.4608 28.7371 28.3107 0.0353554 0.0221749
167 0 27.9631 28.0365 28.3562 28.4608 28.7371 28.3107 0.0143172 0.0100631
268 0 27.9631 28.0365 28.3562 28.4608 28.7371 28.3107 0.0250858 0.0188623
934 100 27.9631 28.0365 28.3562 28.4608 28.5432 28.2719 0.045113 0.0194098
181 0 27.9631 28.0365 28.294 28.3562 28.4608 28.2221 0.0127962 0.00846463
304 95 27.9631 28.0365 28.294 28.3562 28.4608 28.2221 0.0610104 0.0233836
771 100 27.9631 28.0365 28.294 28.3562 28.4608 28.2221 0.0359336 0.0148804
173 0 27.9631 28.0365 28.294 28.3562 28.4608 28.2221 0.0155616 0.0111985
223 100 27.9631 28.0365 28.294 28.3562 28.4608 28.2221 0.0532446 0.0215555
451 100 27.9631 28.0365 28.294 28.3562 28.4608 28.2221 0.0411677 0.0108871
183 2 27.9631 28.0365 28.294 28.3562 28.4608 28.2221 0.0190861 0.0131853
663 100 27.9631 28.0365 28.294 28.3562 28.4608 28.2221 0.0327665 0.0111191
180 0 27.9631 28.0365 28.294 28.3562 28.4608 28.2221 0.0232264 0.0188657
234 0 27.9631 28.0365 28.294 28.3562 28.4608 28.2221 0.0177638 0.0109222
430 100 27.9631 28.0365 28.294 28.3562 28.4608 28.2221 0.0498687 0.0232962
218 0 27.9631 28.0365 28.294 28.3562 28.4608 28.2221 0.0155247 0.0111048
244 0 27.9631 28.0365 28.294 28.3562 28.4608 28.2221 0.031809 0.0252177
273 22 27.9631 28.0365 28.294 28.3562 28.4608 28.2221 0.0362204 0.0219267
287 71 27.9631 28.0365 28.294 28.3562 28.4608 28.2221 0.0420403 0.0169264
563 100 27.9631 28.0365 28.294 28.3562 28.4608 28.2221 0.043295 0.023781
166 0 27.9631 28.0365 28.294 28.3562 28.4608 28.2221 0.0178542 0.0135186
220 0 27.9631 28.0365 28.294 28.3562 28.4608 28.2221 0.0173017 0.0110301
224 0 27.9631 28.0365 28.294 28.3562 28.4608 28.2221 0.0265076 0.0201629
252 75 27.9631 28.0365 28.294 28.3562 28.4608 28.2221 0.040318 0.0213056
138 2 27.9631 28.0365 28.294 28.3562 28.4608 28.2221 0.0219571 0.0153871
144 0 27.9631 28.0365 28.294 28.3562 28.4608 28.2221 0.0276157 0.0233408
332 96 27.9631 28.0365 28.294 28.3562 28.4608 28.2221 0.048749 0.0155714
201 0 27.9631 28.0365 28.294 28.3562 28.4608 28.2221 0.0164217 0.0120109
286 8 27.9631 28.0365 28.294 28.3562 28.4608 28.2221 0.0272429 0.0180737
150 1 27.9631 28.0365 28.294 28.3562 28.4608 28.2221 0.0168768 0.0113118
197 0 27.9631 28.0365 28.294 28.3562 28.4608 28.2221 0.0257891 0.0213246
227 0 27.9631 28.0365 28.294 28.3562 28.4608 28.2221 0.0175185 0.0112674
311 23 27.9631 28.0365 28.294 28.3562 28.4608 28.2221 0.0402008 0.0247698
175 52 27.9631 28.0365 28.294 28.3562 28.4608 28.2221 0.0282603 0.0114367
153 7 27.9631 28.0365 28.294 28.3562 28.4608 28.2221 0.021504 0.014182
185 0 27.9631 28.0365 28.294 28.3562 28.4608 28.2221 0.0149162 0.010638
295 0 27.9631 28.0365 28.294 28.3562 28.4608 28.2221 0.0175391 0.0111652
243 100 27.9631 28.0365 28.294 28.3562 28.4608 28.2221 0.0504735 0.0165711
192 7 27.9631 28.0365 28.294 28.3562 28.4608 28.2221 0.0258859 0.0183038
168 0 27.9631 28.0365 28.294 28.3562 28.4608 28.2221 0.0160985 0.0117826
262 45 27.9631 28.0365 28.294 28.3562 28.4608 28.2221 0.0408805 0.0236448
289 0 27.9631 28.0365 28.294 28.3562 28.4608 28.2221 0.0108305 0.00660093
917 100 27.9631 28.0365 28.294 28.3562 28.4608 28.2221 0.0405973 0.0207199
195 22 27.9631 28.0365 28.294 28.3562 28.4608 28.2221 0.0242895 0.0110646
298 100 27.9631 28.0365 28.294 28.3562 28.4608 28.2221 0.0523944 0.0211814
109 0 27.9631 28.0365 28.294 28.3562 28.4608 28.2221 0.0153456 0.0110247
267 20 27.9631 28.0365 28.294 28.3562 28.4608 28.2221 0.0317911 0.0186828
208 5 27.9631 28.0365 28.294 28.3562 28.4608 28.2221 0.0183292 0.0110117
219 5 27.9631 28.0365 28.294 28.3562 28.4608 28.2221 0.0285778 0.0217749
152 0 27.9631 28.0365 28.294 28.3562 28.4608 28.2221 0.0154266 0.0111908
303 30 27.9631 28.0365 28.294 28.3562 28.4608 28.2221 0.0345499 0.0175375
175 0 27.9631 28.0365 28.294 28.3562 28.4608 28.2221 0.0159148 0.01163
295 7 27.9631 28.0365 28.294 28.3562 28.4608 28.2221 0.0318201 0.0203006
153 0 27.9631 28.0365 28.294 28.3562 28.4608 28.2221 0.0153962 0.011144
234 48 27.9631 28.0365 28.294 28.3562 28.4608 28.2221 0.0415948 0.0209129
179 0 27.9631 28.0365 28.294 28.3562 28.4608 28.2221 0.024742 0.0204597
288 6 27.9631 28.0365 28.294 28.3562 28.4608 28.2221 0.032251 0.0218204
195 0 27.9631 28.0365 28.294 28.3562 28.4608 28.2221 0.0257959 0.021505
314 62 27.9631 28.0365 28.294 28.3562 28.4608 28.2221 0.0354659 0.0109694
116 3 27.9631 28.0365 28.294 28.3562 28.4608 28.2221 0.0180883 0.011805
166 0 27.9631 28.0365 28.294 28.3562 28.4608 28.2221 0.0259322 0.0216546
269 100 27.9631 28.0365 28.294 28.3562 28.4608 28.2221 0.0476923 0.0118692
219 60 27.9631 28.0365 28.294 28.3562 28.4608 28.2221 0.0336023 0.0115619
153 0 27.9631 28.0365 28.294 28.3562 28.4608 28.2221 0.0267825 0.0225354
269 0 27.9631 28.0365 28.294 28.3562 28.4608 28.2221 0.0319202 0.0255027
317 44 27.9631 28.0365 28.294 28.3562 28.4608 28.2221 0.0407849 0.022979
432 74 27.9631 28.0365 28.294 28.3562 28.4608 28.2221 0.0464607 0.0155243
183 0 27.9631 28.0365 28.294 28.3562 28.4608 28.2221 0.0251301 0.0208489
262 37 27.9631 28.0365 28.294 28.3562 28.4608 28.2221 0.0465849 0.0260382
180 0 27.9631 28.0365 28.294 28.3562 28.4608 28.2221 0.0225683 0.0182907
239 42 27.9631 28.0365 28.294 28.3562 28.4608 28.2221 0.0372892 0.0160628
194 20 27.9631 28.0365 28.294 28.3562 28.4608 28.2221 0.0303932 0.0194081
383 100 27.9631 28.0365 28.294 28.3562 28.4608 28.2221 0.0525393 0.0231178
197 0 27.9631 28.0365 28.294 28.3562 28.4608 28.2221 0.0266295 0.0222627
298 0 27.9631 28.0365 28.294 28.3562 28.4608 28.2221 0.0266457 0.0203372
241 100 27.9631 28.0365 28.294 28.3562 28.4608 28.2221 0.0531192 0.0233778
174 3 27.9631 28.0365 28.294 28.3562 28.4608 28.2221 0.0222173 0.0150044
122 0 27.9631 28.0365 28.294 28.3562 28.4608 28.2221 0.02611 0.0218556
306 0 27.9631 28.0365 28.294 28.3562 28.4608 28.2221 0.0200634 0.0133359
272 0 27.9631 28.0365 28.294 28.3562 28.4608 28.2221 0.0302558 0.0239732
290 0 27.9631 28.0365 28.294 28.3562 28.4608 28.2221 0.0329116 0.026445
241 28 27.9631 28.0365 28.294 28.3562 28.4608 28.2221 0.0248489 0.0110207
245 24 27.9631 28.0365 28.294 28.3562 28.4608 28.2221 0.0329537 0.0206999
138 0 27.9631 28.0365 28.294 28.3562 28.4608 28.2221 0.0151139 0.0108629
279 72 27.9631 28.0365 28.294 28.3562 28.4608 28.2221 0.0479985 0.0195648
168 0 27.9631 28.0365 28.294 28.3562 28.4608 28.2221 0.0153772 0.0110775
240 0 27.9631 28.0365 28.294 28.3562 28.4608 28.2221 0.0272056 0.0208667
242 42 27.9631 28.0365 28.294 28.3562 28.4608 28.2221 0.0429929 0.0189973
213 0 27.9631 28.0365 28.294 28.3562 28.4608 28.2221 0.0212508 0.0169017
327 0 27.9631 28.0365 28.294 28.3562 28.4608 28.2221 0.0296518 0.0228641
384 100 27.9631 28.0365 28.294 28.3562 28.4608 28.2221 0.0409168 0.0155622
129 0 27.9631 28.0365 28.294 28.3562 28.4608 28.2221 0.0278903 0.0234191
254 0 27.9631 28.0365 28.294 28.3562 28.4608 28.2221 0.0269731 0.0204328
232 100 27.9631 28.0365 28.294 28.3562 28.4608 28.2221 0.0585453 0.0202124
212 0 27.9631 28.0365 28.294 28.3562 28.4608 28.2221 0.0163999 0.0119368
245 12 27.9631 28.0365 28.294 28.3562 28.4608 28.2221 0.0237705 0.0109241
188 15 27.9631 28.0365 28.294 28.3562 28.4608 28.2221 0.022813 0.0116464
154 0 27.9631 28.0365 28.294 28.3562 28.4608 28.2221 0.0267035 0.0224582
284 100 27.9631 28.0365 28.294 28.3562 28.4608 28.2221 0.042667 0.0150086
185 0 27.9631 28.0365 28.294 28.3562 28.4608 28.2221 0.0263735 0.0220524
302 100 27.9631 28.0365 28.294 28.3562 28.4608 28.2221 0.0478809 0.0195292
206 10 27.9631 28.0365 28.294 28.3562 28.4608 28.2221 0.0208451 0.0136237
166 0 27.9631 28.0365 28.294 28.3562 28.4608 28.2221 0.0313888 0.0271016
252 71 27.9631 28.0365 28.294 28.3562 28.4608 28.2221 0.0509684 0.0211836
563 100 27.9631 28.0365 28.294 28.3562 28.4608 28.2221 0.0360567 0.0149611
220 100 27.9631 28.0365 28.294 28.3562 28.4608 28.2221 0.0423915 0.0225777
183 0 27.9631 28.0365 28.294 28.3562 28.4608 28.2221 0.0182941 0.0139964
244 22 27.9631 28.0365 28.294 28.3562 28.4608 28.2221 0.0371005 0.0220298
131 0 27.9631 28.0365 28.294 28.3562 28.4608 28.2221 0.0168483 0.0125654
868 100 27.9631 28.0365 28.294 28.3562 28.4608 28.2221 0.0395964 0.0132918
248 0 27.9631 28.0365 28.294 28.3562 28.4608 28.2221 0.0144972 0.0101826
218 33 27.9631 28.0365 28.294 28.3562 28.4608 28.2221 0.039323 0.0226919
159 64 27.9631 28.0365 28.294 28.3562 28.4608 28.2221 0.0336873 0.0162814
178 0 27.9631 28.0365 28.294 28.3562 28.4608 28.2221 0.0149096 0.0105852
509 100 27.9631 28.0365 28.294 28.3562 28.4608 28.2221 0.0408618 0.0141997
162 40 27.9631 28.0365 28.294 28.3562 28.4608 28.2221 0.0276009 0.0109935
192 49 27.9631 28.0365 28.294 28.3562 28.4608 28.2221 0.0517169 0.0285113
294 45 27.9631 28.0365 28.294 28.3562 28.4608 28.2221 0.0399113 0.0221433
