0 0 0.0865012
0.000787 -0 0.112082
0.003823 -1e-06 0.13812
0.009288 -1.6e-05 0.164977
0.0173 -9e-05 0.21847
0.028019 -0.000293 0.273203
0.04143 -0.0007 0.326801
0.057725 -0.001406 0.380894
0.07721 -0.002519 0.433708
0.099356 -0.004102 0.490923
0.123503 -0.006163 0.54791
0.150329 -0.008785 0.60608
0.179952 -0.011981 0.667161
0.212511 -0.015714 0.733045
0.248512 -0.019928 0.801845
0.288103 -0.024577 0.874893
0.331379 -0.029617 0.94656
0.37836 -0.034981 1.02092
0.429079 -0.040612 1.09566
0.483536 -0.046531 1.17054
0.54173 -0.052753 1.24139
0.603659 -0.059292 1.32088
0.669325 -0.066153 1.39588
0.738729 -0.073324 1.47089
0.811871 -0.080813 1.5459
0.888752 -0.088626 1.62091
0.96937 -0.09676 1.69593
1.05373 -0.105209 1.77348
1.14182 -0.113968 1.8338
1.23365 -0.123045 1.888
1.32921 -0.132457 1.9315
1.42796 -0.14217 1.96428
1.52745 -0.151967 1.98634
1.62696 -0.161796 1.99769
1.72647 -0.171665 1.9999
1.82598 -0.18158 2
1.92548 -0.191541 2
2.02498 -0.201552 2
2.12447 -0.211614 2
2.22396 -0.221729 2
2.32344 -0.231895 1.99988
2.42292 -0.242125 1.99978
2.52239 -0.252403 1.99895
2.62186 -0.262708 1.99019
2.72128 -0.273033 1.97137
2.82071 -0.283383 1.94254
2.91988 -0.293731 1.90306
3.01629 -0.303812 1.85299
3.10919 -0.313556 1.79222
3.19861 -0.322971 1.72163
3.28431 -0.332065 1.64864
3.36627 -0.340856 1.57543
3.4445 -0.349345 1.50198
3.51908 -0.35741 1.42885
3.59005 -0.365061 1.35589
3.65745 -0.372367 1.28304
3.72126 -0.379382 1.21013
3.78147 -0.386183 1.13692
3.83798 -0.392857 1.06327
3.89079 -0.399245 0.989164
3.93991 -0.405263 0.912725
3.98533 -0.410845 0.839832
4.02704 -0.415827 0.765025
4.06507 -0.42008 0.691749
4.09941 -0.423543 0.633236
4.13005 -0.426385 0.595308
4.15692 -0.429192 0.578706
4.18054 -0.432452 0.585272
4.20546 -0.436994 0.609517
4.23365 -0.443196 0.656821
4.26529 -0.451044 0.72349
4.30016 -0.461008 0.796429
4.33811 -0.473501 0.870052
4.37897 -0.488703 0.943824
4.42268 -0.506539 1.014
4.46936 -0.526772 1.09103
4.51917 -0.549058 1.16369
4.57233 -0.572884 1.23611
4.62906 -0.59756 1.30862
4.68953 -0.622582 1.38132
4.75385 -0.647615 1.45416
4.82215 -0.672347 1.52946
4.89432 -0.697289 1.59142
4.97021 -0.722785 1.65098
5.04978 -0.748836 1.69985
5.13276 -0.774806 1.73734
5.21779 -0.799201 1.76259
5.30476 -0.821942 1.77627
5.39238 -0.842076 1.77923
5.48053 -0.858841 1.77736
5.56887 -0.871729 1.77179
5.6574 -0.880363 1.7657
5.74572 -0.884685 1.76062
5.83391 -0.885015 1.75694
5.92202 -0.881597 1.75497
6.0095 -0.874868 1.757
6.09672 -0.86514 1.76331
6.1835 -0.852602 1.76897
6.27014 -0.837437 1.79234
6.35722 -0.819654 1.8179
6.44508 -0.799181 1.84531
6.5339 -0.77596 1.88074
6.62412 -0.749843 1.89522
6.71623 -0.7206 1.89176
6.80999 -0.688294 1.87723
6.90186 -0.653058 1.83754
6.98665 -0.610883 1.78887
7.06259 -0.560803 1.73268
7.13111 -0.506801 1.66092
7.19396 -0.451815 1.59246
7.25258 -0.397727 1.52425
7.3081 -0.345815 1.46375
7.36143 -0.297059 1.41273
7.41327 -0.252216 1.36804
7.46534 -0.21094 1.33936
7.51964 -0.172871 1.31396
7.57711 -0.13928 1.3
7.63858 -0.11225 1.29446
7.70306 -0.093352 1.29269
7.76853 -0.083194 1.29421
7.8351 -0.081794 1.28992
7.9017 -0.089332 1.26944
7.96699 -0.105804 1.24554
8.0299 -0.131107 1.21096
8.08593 -0.162788 1.16522
8.13462 -0.199017 1.10846
8.176 -0.238143 1.0405
8.2104 -0.278728 0.983253
8.23835 -0.319537 0.945268
8.26048 -0.359539 0.927372
8.27757 -0.398099 0.929723
8.29159 -0.438721 0.95276
8.30278 -0.48394 0.997392
8.31008 -0.533734 1.06348
8.31232 -0.58776 1.13621
8.30879 -0.645478 1.21754
8.30098 -0.706269 1.29337
8.29181 -0.770044 1.36721
8.28335 -0.837637 1.43961
8.2754 -0.909066 1.51262
8.26769 -0.984291 1.58753
8.2602 -1.0633 1.66638
8.253 -1.14611 1.73669
8.24609 -1.2327 1.80581
8.23947 -1.32308 1.86474
8.23329 -1.41724 1.91302
8.22702 -1.51498 1.95043
8.22044 -1.61456 1.97691
8.21329 -1.71428 1.98896
8.20487 -1.81394 1.97892
8.19477 -1.91342 1.96721
8.18243 -2.01264 1.94154
8.16776 -2.11029 1.91356
8.15116 -2.20533 1.88549
8.13223 -2.29738 1.8584
8.10989 -2.38588 1.83588
8.08294 -2.47246 1.82668
8.05074 -2.55741 1.81398
8.01199 -2.64032 1.81698
7.96659 -2.72051 1.82887
7.91454 -2.79724 1.84534
7.85841 -2.87019 1.85984
7.79969 -2.94103 1.87201
7.73683 -3.01092 1.87839
7.66888 -3.0783 1.88632
7.59611 -3.14109 1.8965
7.51764 -3.19773 1.90715
7.43417 -3.24609 1.9207
7.34621 -3.28678 1.93741
7.25466 -3.3199 1.95393
7.16001 -3.34684 1.97019
7.06279 -3.36911 1.98347
6.9647 -3.38834 1.99339
6.86629 -3.40612 1.99887
6.76782 -3.42351 1.99982
6.6694 -3.44122 1.9999
6.57109 -3.45953 1.99987
6.4729 -3.4785 1.99989
6.37484 -3.49807 1.99993
6.27688 -3.51815 1.99997
6.17899 -3.53862 1.99999
6.08115 -3.5593 1.99999
5.98326 -3.57972 1.99999
5.88535 -3.60005 1.99999
5.78743 -3.62033 1.99874
5.6895 -3.64056 1.98969
5.59156 -3.66075 1.97033
5.49359 -3.68082 1.94053
5.39602 -3.70062 1.90014
5.30108 -3.7197 1.84912
5.20967 -3.73798 1.78742
5.12181 -3.75542 1.71637
5.03758 -3.77205 1.64275
4.95697 -3.78784 1.56912
4.88002 -3.80291 1.49203
4.80676 -3.81745 1.42231
4.73712 -3.8316 1.34932
4.67108 -3.84536 1.27665
4.60864 -3.85868 1.20388
4.54979 -3.87156 1.13084
4.4946 -3.8841 1.05773
4.44306 -3.89637 0.987924
4.39535 -3.90857 0.910586
4.35145 -3.92069 0.836409
4.31133 -3.9328 0.761927
4.27509 -3.94502 0.687486
4.24282 -3.95725 0.650936
4.21451 -3.96927 0.61412
4.19012 -3.98086 0.577028
