270 100 34.3566 35.0715 35.1384 35.9269 36.0326 35.3052 0.0262394 0.000347733
208 0 0 0 0 0 0 -1 0.00657891 0.000247793
1261 100 28.4075 31.5928 31.624 31.8706 31.9598 31.0909 0.0324701 0.000326512
256 0 0 0 0 0 0 -1 0.00682775 0.000259851
672 100 28.4426 28.7368 29.0688 29.1488 31.0505 29.2895 0.0277639 0.000353779
536 100 30.4137 32.0605 32.1884 33.3318 37.9881 33.1965 0.0213999 0.000311918
731 100 28.2842 28.6436 28.7535 30.2863 30.3724 29.268 0.0236148 0.000127822
646 100 31.6262 32.6061 33.2191 33.3617 34.018 32.9662 0.0221984 0.000355718
501 100 29.1645 30.7016 30.952 31.5213 31.6244 30.7928 0.0378545 0.000310975
258 100 28.4128 29.2296 29.3904 30.0179 30.7604 29.5622 0.024577 0.000339065
243 90 30.0873 31.1686 31.5767 32.2297 32.5807 31.5286 0.031378 0.000234544
290 0 0 0 0 0 0 -1 0.00675138 0.000319244
335 100 30.0408 30.8538 31.1846 32.6452 33.4126 31.6274 0.0347066 0.000249485
372 12 31.3802 31.8824 32.5593 33.0381 35.8767 32.9473 0.00939838 0.000135507
285 0 0 0 0 0 0 -1 0.0066925 0.000339741
1299 100 28.3567 29.3955 29.5955 29.8827 30.581 29.5623 0.0276741 0.000318804
231 34 43.6755 46.2326 47.6816 48.2659 49.5886 47.0888 0.0161709 0.000339912
253 82 30.6365 31.3351 31.5213 31.689 31.8803 31.4124 0.0190412 0.000271271
324 82 30.9974 31.9603 32.2294 35.8963 38.8061 33.9779 0.0285347 0.00031191
201 0 0 0 0 0 0 -1 0.00663363 0.000260256
351 100 31.5113 32.4636 32.8658 33.5165 33.77 32.8255 0.0341048 0.000331624
1147 100 31.5574 32.765 32.9066 33.0343 34.1142 32.8755 0.0274858 0.000195574
382 60 32.6268 33.2311 34.5445 35.1756 35.2447 34.1645 0.016495 0.000320603
358 100 36.7133 38.7357 40.2517 40.2691 41.9159 39.5771 0.0247543 0.000283624
241 0 0 0 0 0 0 -1 0.00684448 0.000318951
310 20 31.6929 32.5269 33.4652 33.4869 34.1398 33.0623 0.0157035 0.000325502
296 0 0 0 0 0 0 -1 0.00696459 0.000249008
1652 100 31.0909 32.5004 33.4029 34.3604 35.4101 33.353 0.0289285 0.000224597
157 0 0 0 0 0 0 -1 0.00688831 0.000338228
312 35 28.002 28.3644 29.9716 37.2658 39.1357 32.5479 0.0192759 0.000357076
211 0 0 0 0 0 0 -1 0.0066688 0.000308566
325 4 32.8608 0 0 0 0 32.8608 0.0119723 0.000318831
196 0 0 0 0 0 0 -1 0.00659083 0.000318426
247 0 0 0 0 0 0 -1 0.00977877 0.000355088
352 100 30.7315 33.1719 33.357 34.2315 34.4932 33.197 0.0353704 0.00023738
334 44 29.9541 30.5874 30.9618 30.9904 31.6237 30.8235 0.0132714 0.000238584
314 83 31.1961 31.2566 31.5964 32.3764 32.716 31.8283 0.0219402 0.000247841
240 3 45.7973 46.2713 48.491 0 0 46.8532 0.00939189 0.000153418
203 0 0 0 0 0 0 -1 0.00662924 0.000235291
366 100 28.3567 30.0455 31.1196 31.7646 32.1687 30.691 0.0342189 0.000233505
351 100 31.308 32.3654 33.2797 33.7594 34.725 33.0875 0.0361697 0.000213882
258 30 29.6572 30.9518 31.0506 31.5148 32.3256 31.1 0.0112387 0.000328493
200 18 30.2103 30.7215 33.4259 33.9059 34.8027 32.6132 0.0107952 0.000260333
239 0 0 0 0 0 0 -1 0.00670582 0.000237707
362 60 34.0148 35.5596 37.5801 39.0492 39.1249 37.0657 0.0238347 0.000304574
222 0 0 0 0 0 0 -1 0.00661441 0.000249838
691 100 31.4936 31.6275 31.8866 33.4873 33.7342 32.4458 0.0329407 0.000324823
216 0 0 0 0 0 0 -1 0.00675709 0.000309058
388 100 30.2883 31.6929 32.0109 32.0571 33.2808 31.866 0.0360163 0.000169807
208 6 32.7123 33.0833 37.8798 0 0 34.5585 0.00940915 0.000283007
254 30 31.5939 32.1553 33.0351 33.1907 33.5707 32.7091 0.0132386 0.000324331
275 20 32.4023 33.5222 33.665 36.6106 37.2884 34.6977 0.0140821 0.00030746
784 100 31.7666 32.7571 33.3906 33.7459 33.8752 33.1071 0.018752 0.000306323
260 10 39.9248 40.5634 44.9626 45.6026 47.887 43.7881 0.0110562 0.000251537
1020 100 32.0568 33.6006 34.1328 34.75 34.9184 33.8917 0.0239869 0.000203882
257 25 32.8771 33.8433 33.9124 34.0804 34.3898 33.8206 0.0133246 0.000237903
230 0 0 0 0 0 0 -1 0.00665921 0.000350756
380 100 28.3568 29.1645 29.3979 29.6084 29.9511 29.2957 0.0376815 0.000310026
253 2 31.1197 0 0 0 0 31.1197 0.00823863 0.000261162
637 100 32.7075 33.1607 33.2076 33.3367 33.8566 33.2538 0.0198726 0.000205504
245 35 32.5558 32.8227 33.8632 35.0415 35.3085 33.9184 0.0140447 0.000329652
225 0 0 0 0 0 0 -1 0.00670866 0.000291554
251 3 48.5118 49.4252 51.5587 0 0 49.8319 0.0113362 0.000338258
1103 100 28.3693 31.5989 31.6265 32.8574 32.8607 31.4626 0.0179385 0.000109351
238 0 0 0 0 0 0 -1 0.00716978 0.000357901
346 38 29.3338 29.9345 29.973 30.5737 30.9529 30.1536 0.0199648 0.000253864
223 14 34.3865 35.8694 44.0089 45.1855 45.9532 41.0807 0.00811517 0.000308002
652 100 30.7316 31.19 31.2473 31.3787 31.6676 31.243 0.0264112 0.000316047
215 100 31.341 31.644 32.2359 32.5394 33.9438 32.3408 0.042931 0.000325559
225 0 0 0 0 0 0 -1 0.00681053 0.000334975
1426 100 30.963 30.992 34.477 38.2901 39.1968 34.7838 0.026941 0.000127565
154 0 0 0 0 0 0 -1 0.00675988 0.00025865
341 91 27.9891 28.3568 28.4626 29.5813 29.9701 28.872 0.0346027 0.000382124
413 0 0 0 0 0 0 -1 0.00647726 0.000130811
278 0 0 0 0 0 0 -1 0.00966318 0.000308481
384 100 32.0831 32.2514 32.5024 32.6556 32.9028 32.4791 0.033305 0.000306066
229 0 0 0 0 0 0 -1 0.00681396 0.000297367
741 100 28.3635 28.995 29.2631 29.3672 30.0481 29.2074 0.0270998 0.000334674
201 0 0 0 0 0 0 -1 0.00671747 0.000204264
309 0 0 0 0 0 0 -1 0.0096462 0.000280849
318 0 0 0 0 0 0 -1 0.0096912 0.000326842
635 100 29.3819 29.8051 30.1205 31.1887 31.5943 30.4181 0.032517 0.000272833
450 100 29.3919 30.1517 30.7315 30.8055 31.2524 30.4666 0.0267376 0.000271263
253 37 34.5546 35.6622 37.7523 38.4526 38.6643 37.0172 0.0149815 0.000332333
245 57 49.03 49.7112 49.9384 50.2054 50.8947 49.956 0.0317261 0.000258756
607 100 31.2557 31.4282 33.2365 33.8426 34.2081 32.7942 0.0205061 0.000171424
372 27 31.2591 32.9197 33.4963 38.7212 49.6207 37.2034 0.0136863 0.000189566
253 21 31.7739 32.1767 33.9198 34.1089 34.7453 33.3449 0.0145688 0.000333236
237 42 31.6432 34.0203 34.2731 34.2929 34.6956 33.785 0.0104036 0.000333643
271 0 0 0 0 0 0 -1 0.00674004 0.000312622
287 16 29.9547 30.9515 30.9796 33.1784 33.9136 31.7956 0.0145623 0.000233845
787 100 28.4615 28.5001 29.6475 30.0449 30.1591 29.3626 0.0216537 0.000354142
674 48 30.7313 32.0478 34.0813 34.3833 34.5008 33.1489 0.0162479 0.000124019
283 100 29.7843 29.9578 31.0304 31.5174 31.6554 30.789 0.0325738 0.000240946
284 73 28.2312 28.7369 29.806 31.9149 32.1672 30.1712 0.0239217 0.000315526
270 68 31.7448 32.0211 32.7523 33.0287 34.3702 32.7834 0.018583 0.00033984
219 0 0 0 0 0 0 -1 0.00671287 0.000315956
1481 100 31.9135 34.0183 34.6692 35.8629 36.1438 34.5216 0.0255298 0.000296582
