180 0 0 0 0 0 0 -1 0.00508445 0.000264518
209 0 0 0 0 0 0 -1 0.00641221 0.000221682
221 0 0 0 0 0 0 -1 0.00672484 0.000227489
534 100 29.2868 29.691 30.323 30.7272 31.2064 30.2469 0.0282712 0.000133473
138 0 0 0 0 0 0 -1 0.00465379 0.000278061
215 2 30.9506 0 0 0 0 30.9506 0.00753545 0.000275813
711 100 27.9608 28.3561 29.9626 30.0464 30.1339 29.292 0.0228702 0.000150429
175 2 31.1189 0 0 0 0 31.1189 0.00577535 0.00023792
420 0 0 0 0 0 0 -1 0.00490023 0.000127389
248 0 0 0 0 0 0 -1 0.00653115 0.000208129
267 54 32.3961 33.4661 38.5661 39.4029 39.6361 36.6934 0.0172466 0.000215536
209 5 34.3013 34.3904 35.0214 54.7044 0 39.6044 0.00736067 0.000243841
177 6 43.2841 44.8288 45.4629 47.0075 55.2022 47.1571 0.00844017 0.000219445
238 35 29.3493 29.954 30.9619 31.4207 32.0064 30.7385 0.0145363 0.000234631
146 0 0 0 0 0 0 -1 0.00461479 0.000249023
240 0 0 0 0 0 0 -1 0.00657008 0.000237383
240 25 31.1197 32.1512 33.3511 34.0892 34.3599 33.0142 0.0118731 0.000229202
184 0 0 0 0 0 0 -1 0.0044768 0.000233934
270 20 32.1142 33.1188 33.5882 34.5947 44.0232 35.4878 0.0146969 0.000231843
175 24 34.6809 34.7299 36.2052 36.2537 36.9502 35.764 0.00892051 0.000187954
138 1 35.8718 0 0 0 0 35.8718 0.00598734 0.000257284
175 8 32.5932 40.4163 45.5692 47.4606 48.4986 42.9076 0.0078698 0.000300727
198 17 30.1553 30.6113 33.5676 34.0237 42.5443 34.1804 0.0104131 0.000288002
181 48 31.6377 31.7791 34.022 34.0989 34.1313 33.1338 0.0155376 0.000233445
122 1 35.2668 0 0 0 0 35.2668 0.00607076 0.000346525
140 4 34.3895 49.8232 0 0 0 42.1064 0.00731918 0.00024197
147 2 32.7625 0 0 0 0 32.7625 0.00572553 0.000243835
625 100 29.1661 29.6786 29.9549 30.3975 30.6902 29.9774 0.0216655 9.7345e-05
153 0 0 0 0 0 0 -1 0.00455109 0.00025014
305 0 0 0 0 0 0 -1 0.00655387 0.000256163
234 12 29.1602 30.9548 31.5223 36.5337 36.5971 32.9536 0.0097137 0.000225529
204 12 32.5319 33.5294 34.4193 35.3861 36.8488 34.5431 0.00799854 0.000227085
157 0 0 0 0 0 0 -1 0.00447323 0.000237489
199 0 0 0 0 0 0 -1 0.00647533 0.000225928
282 43 33.735 37.2976 38.7138 39.3929 41.5678 38.1414 0.0200263 0.000225991
168 4 50.0793 50.2626 51.1392 53.3125 0 51.1984 0.00700562 0.000236804
170 0 0 0 0 0 0 -1 0.00444138 0.00021785
221 100 29.3985 30.1764 32.3036 32.6551 34.0364 31.714 0.0321289 0.000227683
142 8 50.6662 50.7055 51.7679 53.9531 0 51.7732 0.00822188 0.000242886
169 5 31.5116 46.4165 52.5679 0 0 43.4986 0.00716863 0.000246122
224 0 0 0 0 0 0 -1 0.00448168 0.000232822
301 0 0 0 0 0 0 -1 0.00639331 0.000175575
228 4 29.9828 32.4186 41.9316 44.3565 0 37.1724 0.00831681 0.000235693
137 0 0 0 0 0 0 -1 0.00448256 0.00024905
266 18 30.7315 31.1978 31.6358 32.0583 33.3193 31.7885 0.00807957 0.000234069
131 0 0 0 0 0 0 -1 0.00445522 0.000220546
255 26 32.8705 35.4905 43.9742 45.8919 48.5143 41.3483 0.013981 0.000232413
142 0 0 0 0 0 0 -1 0.00451886 0.000242778
317 74 33.1641 33.3374 34.0883 34.2815 36.6431 34.3029 0.0158062 0.000221489
205 0 0 0 0 0 0 -1 0.00452986 0.000208764
185 0 0 0 0 0 0 -1 0.00660816 0.000222973
220 0 0 0 0 0 0 -1 0.00633885 0.000229238
257 90 42.0782 42.7675 43.0108 43.2585 43.7605 42.9751 0.0234489 0.000224353
183 8 34.0633 35.0623 54.1258 54.2284 55.1597 46.5279 0.00910531 0.000225325
178 0 0 0 0 0 0 -1 0.00450397 0.000239765
258 7 34.0209 34.2097 34.7024 36.8673 0 34.9501 0.00701415 0.000227796
145 0 0 0 0 0 0 -1 0.00443725 0.000212954
260 0 0 0 0 0 0 -1 0.00649604 0.000213581
249 0 0 0 0 0 0 -1 0.00644635 0.000234262
246 0 0 0 0 0 0 -1 0.00644288 0.000229374
592 100 31.7628 32.793 33.1835 33.3441 33.685 32.9537 0.0324404 0.000108871
225 0 0 0 0 0 0 -1 0.00453242 0.000242518
303 49 31.3324 31.599 32.4161 33.127 33.4676 32.3884 0.0181566 0.0002495
180 0 0 0 0 0 0 -1 0.00450537 0.0002427
283 100 32.3258 33.3643 33.6802 34.7225 35.5377 33.9261 0.0255648 0.000237934
149 0 0 0 0 0 0 -1 0.00455216 0.000236972
197 0 0 0 0 0 0 -1 0.00649157 0.00025144
469 18 30.7312 31.7598 33.357 33.9198 54.3425 36.8221 0.00760876 0.000221787
153 0 0 0 0 0 0 -1 0.00445063 0.000239871
285 0 0 0 0 0 0 -1 0.00650353 0.000236609
232 0 0 0 0 0 0 -1 0.00652205 0.000239095
450 2 33.8903 59.042 0 0 0 46.4661 0.00702899 0.000129662
147 0 0 0 0 0 0 -1 0.0044397 0.000239072
270 0 0 0 0 0 0 -1 0.00646887 0.000235876
379 12 33.9519 34.8892 36.4056 47.5305 0 38.1943 0.00719822 0.000235386
176 0 0 0 0 0 0 -1 0.00448635 0.000231142
227 0 0 0 0 0 0 -1 0.00648411 0.000217971
279 22 33.8958 34.1019 35.3215 36.4241 36.6287 35.2744 0.0111065 0.000227756
196 0 0 0 0 0 0 -1 0.00447841 0.000236636
507 100 30.7153 30.723 31.7497 33.4401 33.6574 32.0571 0.0169333 0.000194099
137 0 0 0 0 0 0 -1 0.00453787 0.000245539
258 7 34.8867 35.0723 38.1166 0 0 36.0252 0.00924622 0.000227831
164 0 0 0 0 0 0 -1 0.00441331 0.00023194
257 0 0 0 0 0 0 -1 0.00649839 0.000231107
249 0 0 0 0 0 0 -1 0.006514 0.000229635
209 0 0 0 0 0 0 -1 0.00641708 0.000225875
300 0 0 0 0 0 0 -1 0.00662846 0.000226617
422 43 33.8863 34.8758 52.9619 53.9597 54.5884 46.0544 0.0128241 0.000230687
140 0 0 0 0 0 0 -1 0.00449863 0.000224008
251 0 0 0 0 0 0 -1 0.00648225 0.00023437
564 100 30.9691 32.0701 32.1885 32.9404 34.5162 32.5369 0.0332398 0.000110875
160 0 0 0 0 0 0 -1 0.00461145 0.000256949
418 0 0 0 0 0 0 -1 0.00643396 0.000254746
300 0 0 0 0 0 0 -1 0.00640137 0.00022848
374 0 0 0 0 0 0 -1 0.00635346 0.000239735
236 0 0 0 0 0 0 -1 0.00659775 0.000218116
231 3 31.7095 0 0 0 0 31.7095 0.00905597 0.000218446
135 0 0 0 0 0 0 -1 0.00441927 0.000219906
